SolutionID,TotalCost,NumNodes,TotalDistance,ObjectiveFunction,TotalRunningTime,Cycle
1,50087,100,25817,75904,38,"103-114-137-127-89-163-187-97-141-61-36-175-78-5-177-21-104-8-111-82-77-153-176-86-185-22-99-130-95-106-143-35-0-160-33-138-182-11-139-168-51-112-54-31-73-80-190-193-117-198-27-38-1-121-90-135-63-40-107-10-133-122-191-147-6-188-169-132-13-195-145-70-3-15-155-29-109-124-62-18-55-34-152-53-183-140-4-149-28-20-60-148-47-94-66-179-172-166-194-113"
2,50188,100,25918,76106,35,"66-148-172-179-185-22-99-130-95-86-166-194-113-103-114-137-127-89-163-187-97-141-61-36-175-78-5-177-21-104-8-111-82-77-153-176-106-143-35-0-160-33-138-182-11-139-168-51-112-54-31-73-80-190-193-117-198-27-38-1-121-90-135-63-40-107-10-133-122-191-147-6-188-169-132-13-195-145-70-3-15-155-29-109-124-62-18-55-34-152-53-183-140-4-149-28-20-60-47-94"
3,50659,100,25792,76451,25,"46-80-190-193-198-1-27-38-63-40-107-10-133-122-90-191-147-6-188-70-3-155-15-145-195-168-13-132-169-51-121-112-135-117-54-31-73-5-177-61-21-82-77-153-176-86-185-22-99-130-95-106-143-0-160-33-11-139-138-182-104-8-111-29-109-35-124-62-18-55-34-152-53-183-140-4-149-28-20-60-148-47-94-66-179-172-166-194-113-103-137-127-89-163-187-141-36-78-175-162"
4,48968,100,24384,73352,25,"14-111-35-109-0-29-160-33-139-112-54-31-73-80-190-193-117-198-27-38-1-121-51-90-135-63-40-107-10-133-122-191-147-6-188-169-132-70-3-155-15-145-13-195-168-11-138-182-104-8-82-21-177-5-78-175-36-61-141-77-187-163-89-127-137-103-113-194-166-172-179-66-94-47-148-60-20-28-149-4-140-183-53-152-34-55-18-62-124-143-106-95-130-99-22-185-86-176-153-81"
5,50502,100,25668,76170,26,"7-36-141-97-187-163-89-127-137-103-113-194-166-172-179-66-94-47-148-60-20-28-149-4-140-183-53-152-34-55-18-62-124-109-29-111-8-104-182-138-11-168-195-13-145-15-155-3-70-132-169-188-6-147-191-122-133-10-107-40-63-135-90-51-121-1-38-27-198-117-193-80-190-73-31-54-112-139-33-160-0-35-143-106-95-130-99-22-185-86-176-153-77-82-21-61-177-5-78-175"
6,49143,100,24873,74016,25,"153-163-89-127-137-114-103-113-176-194-166-172-179-185-86-106-18-55-34-152-53-140-4-149-28-20-60-148-47-94-66-22-99-130-95-183-62-124-143-35-109-0-29-160-33-139-112-54-31-73-80-190-193-117-198-27-38-1-121-51-90-135-63-40-107-10-133-122-191-147-6-188-169-132-70-3-155-15-145-13-195-168-11-138-182-104-8-111-82-77-21-177-5-78-175-36-61-141-97-187"
7,47463,100,23462,70925,26,"70-188-147-191-90-122-133-10-107-40-63-135-38-27-1-198-117-193-80-190-73-31-54-112-121-51-6-169-132-13-195-168-145-15-170-34-55-18-62-124-106-143-35-109-0-29-160-33-11-139-138-182-104-8-111-82-77-21-177-5-78-175-36-61-141-97-187-153-163-89-127-137-114-103-113-176-194-166-86-185-95-183-130-99-22-179-172-66-94-47-148-60-20-28-149-4-140-152-155-3"
8,49350,100,24856,74206,18,"84-70-3-132-188-147-191-90-122-133-10-107-40-63-135-38-27-1-198-117-193-80-190-73-31-54-112-121-51-6-169-13-195-168-145-15-155-152-183-140-4-149-28-20-60-148-47-94-66-172-179-185-22-99-130-95-86-166-194-113-103-137-127-89-163-187-97-141-61-36-175-78-5-177-21-104-8-111-82-77-153-176-106-143-0-160-33-138-182-139-11-29-109-35-124-62-18-55-34-170"
9,50168,100,25898,76066,25,"137-114-89-103-113-194-166-172-179-66-94-47-148-60-20-28-149-4-140-183-53-152-34-55-18-62-124-109-29-155-15-3-70-145-195-13-132-169-188-6-147-191-122-133-10-107-40-63-135-90-121-1-38-27-198-117-193-80-190-73-31-54-112-51-168-139-11-182-138-33-160-0-35-143-106-95-130-99-22-185-86-176-163-153-77-82-111-8-104-21-177-5-78-175-36-61-141-97-187-127"
10,50087,100,25817,75904,62,"166-194-113-103-114-137-127-89-163-187-97-141-61-36-175-78-5-177-21-104-8-111-82-77-153-176-86-185-22-99-130-95-106-143-35-0-160-33-138-182-11-139-168-51-112-54-31-73-80-190-193-117-198-27-38-1-121-90-135-63-40-107-10-133-122-191-147-6-188-169-132-13-195-145-70-3-15-155-29-109-124-62-18-55-34-152-53-183-140-4-149-28-20-60-148-47-94-66-179-172"
11,47463,100,23462,70925,29,"145-168-195-13-132-169-6-51-121-112-54-31-73-80-190-193-117-198-1-27-38-135-63-40-107-10-133-122-90-191-147-188-70-3-155-152-140-4-149-28-20-60-148-47-94-66-172-179-22-99-130-183-95-185-86-166-194-176-113-103-114-137-127-89-163-153-187-97-141-61-36-175-78-5-177-21-77-82-111-8-104-182-138-139-11-33-160-29-0-109-35-143-106-124-62-18-55-34-170-15"
12,47011,100,23010,70021,31,"169-132-70-3-155-152-140-4-149-28-20-60-148-47-94-66-172-179-22-99-130-183-95-185-86-166-194-176-113-103-114-137-127-89-163-153-187-97-141-61-36-175-78-5-177-21-77-82-111-8-104-160-33-29-0-109-35-143-106-124-62-18-55-34-170-15-145-13-195-168-139-11-138-182-51-121-112-54-31-73-80-190-193-117-198-1-27-38-135-63-40-107-10-133-122-90-191-147-6-188"
13,50271,100,25747,76018,23,"180-153-77-82-111-8-104-21-177-5-78-175-36-61-141-97-187-163-89-127-137-103-113-194-166-172-179-66-94-47-148-60-20-28-149-4-140-183-53-152-34-55-18-62-124-109-29-155-15-3-70-145-195-13-132-169-188-6-147-191-122-133-10-107-40-63-135-90-121-1-38-27-198-117-193-80-190-73-31-54-112-51-168-139-11-182-138-33-160-0-35-143-106-95-130-99-22-185-86-176"
14,46889,100,22619,69508,34,"33-11-139-138-182-104-8-82-21-177-5-78-175-61-36-141-97-77-153-187-163-89-127-137-114-103-113-176-194-166-172-179-66-94-47-148-60-20-28-149-4-140-183-95-130-99-22-185-86-106-143-124-62-18-55-34-152-53-155-3-15-145-70-188-147-10-133-122-107-40-63-135-38-27-1-198-117-193-80-190-73-31-54-112-121-51-90-191-6-169-132-13-195-168-29-0-109-35-111-160"
15,46906,100,22636,69542,26,"111-35-109-0-29-160-33-138-182-11-139-168-195-13-132-169-6-191-90-51-121-112-54-31-73-80-190-193-117-198-1-27-38-135-63-40-107-122-133-10-147-188-70-145-15-3-155-53-152-34-55-18-62-124-143-106-176-86-185-22-99-130-95-183-140-4-149-28-20-60-148-47-94-66-179-172-166-194-113-103-114-137-127-89-163-187-153-77-97-141-36-61-175-78-5-177-21-82-104-8"
16,50144,100,25874,76018,35,"127-114-137-187-97-141-61-36-175-78-5-177-21-104-8-111-82-77-153-163-176-86-185-22-99-130-95-106-143-35-0-160-33-138-182-11-139-168-51-112-54-31-73-80-190-193-117-198-27-38-1-121-90-135-63-40-107-10-133-122-191-147-6-188-169-132-13-195-145-70-3-15-155-29-109-124-62-18-55-34-152-53-183-140-4-149-28-20-60-148-47-94-66-179-172-166-194-113-103-89"
17,50144,100,25874,76018,20,"163-153-77-82-111-8-104-21-177-5-78-175-36-61-141-97-187-137-114-127-89-103-113-194-166-172-179-66-94-47-148-60-20-28-149-4-140-183-53-152-34-55-18-62-124-109-29-155-15-3-70-145-195-13-132-169-188-6-147-191-122-133-10-107-40-63-135-90-121-1-38-27-198-117-193-80-190-73-31-54-112-51-168-139-11-182-138-33-160-0-35-143-106-95-130-99-22-185-86-176"
18,49867,100,25822,75689,16,"81-153-176-86-185-22-99-130-95-106-143-35-0-160-33-138-182-11-139-168-51-112-54-31-73-80-190-193-117-198-27-38-1-121-90-135-63-40-107-10-133-122-191-147-6-188-169-132-13-195-145-70-3-15-155-29-109-124-62-18-55-34-152-53-183-140-4-149-28-20-60-148-47-94-66-179-172-166-194-113-103-114-137-127-89-163-187-141-61-36-175-78-5-177-21-104-8-111-82-77"
19,49344,100,25074,74418,26,"194-166-172-179-66-94-47-148-60-20-28-149-4-140-183-53-152-34-55-18-62-124-143-106-95-130-99-22-185-86-176-35-109-0-29-160-33-139-112-54-31-73-80-190-193-117-198-27-38-1-121-51-90-135-63-40-107-10-133-122-191-147-6-188-169-132-70-3-155-15-145-13-195-168-11-138-182-104-8-111-82-77-21-177-5-78-175-36-61-141-97-187-153-163-89-127-137-114-103-113"
20,47875,100,23484,71359,18,"189-109-35-0-29-160-111-143-34-55-18-62-124-106-176-86-185-22-99-130-95-183-140-152-53-4-149-28-20-60-148-47-94-66-179-172-166-194-113-103-137-127-89-163-187-153-77-97-141-36-61-175-78-5-177-21-82-8-104-33-138-182-11-139-168-195-145-13-132-169-6-191-90-51-121-112-54-31-73-80-190-193-117-198-1-27-38-135-63-40-107-122-133-10-147-188-70-3-15-155"
21,50633,100,25977,76610,2,"52-166-194-113-103-137-127-89-163-187-97-141-61-36-175-78-5-177-21-104-8-111-82-77-153-176-86-130-95-106-143-35-0-160-33-138-182-11-139-168-51-112-54-31-73-80-190-193-117-198-27-38-1-121-90-135-63-40-107-10-133-122-191-147-6-188-169-132-13-195-145-70-3-15-155-29-109-124-62-18-55-34-152-53-183-140-4-149-28-20-60-148-47-94-66-99-22-185-179-172"
22,47915,100,23914,71829,2,"38-63-40-107-10-133-122-90-191-147-6-188-70-3-155-152-140-4-149-28-20-60-148-47-94-66-172-179-22-99-130-183-95-185-86-166-194-176-113-103-114-137-127-89-163-153-187-97-141-61-36-175-78-5-177-21-77-82-111-8-104-182-138-139-11-33-160-29-0-109-35-143-106-124-62-18-55-34-170-15-145-195-168-13-132-169-51-121-112-54-31-73-80-190-193-117-198-1-135-27"
23,48414,100,24413,72827,2,"193-80-190-73-31-54-117-135-112-121-51-169-132-13-168-195-145-15-170-34-55-18-62-124-106-143-35-109-0-29-160-33-11-139-138-182-104-8-111-82-77-21-177-5-78-175-36-61-141-97-187-153-163-89-127-137-114-103-113-176-194-166-86-185-95-183-130-99-22-179-172-66-94-47-148-60-20-28-149-4-140-152-155-3-70-188-6-147-191-90-122-133-10-107-40-63-38-27-1-198"
24,46862,100,22592,69454,3,"21-177-5-78-175-61-36-141-97-77-153-187-163-89-127-137-114-103-113-194-166-172-179-66-94-47-148-60-20-28-149-4-140-183-95-130-99-22-185-86-176-106-143-124-62-18-55-34-152-53-155-3-15-145-70-188-147-10-133-122-107-40-63-135-38-27-1-198-117-193-80-190-73-31-54-112-121-51-90-191-6-169-132-13-195-168-139-11-182-138-33-160-29-0-109-35-111-104-8-82"
25,47425,100,23424,70849,3,"122-133-10-107-40-63-135-38-27-1-198-117-193-80-190-73-31-54-112-121-51-169-132-13-168-195-145-15-170-34-55-18-62-124-106-143-35-109-0-29-160-33-11-139-138-182-104-8-111-82-77-21-177-5-78-175-36-61-141-97-187-153-163-89-127-137-114-103-113-176-194-166-86-185-95-183-130-99-22-179-172-66-94-47-148-60-20-28-149-4-140-152-155-3-70-188-6-147-191-90"
26,47923,100,23428,71351,3,"92-135-38-27-16-1-198-117-193-80-190-73-31-54-112-121-51-169-132-13-168-195-145-15-170-34-55-18-62-124-106-143-35-109-0-29-160-33-11-139-138-182-104-8-111-82-77-21-177-5-78-175-36-61-141-187-153-163-89-127-137-103-113-176-194-166-86-185-95-183-130-99-22-179-172-66-94-47-148-60-20-28-149-4-140-152-155-3-70-188-6-147-191-90-122-133-10-107-40-63"
27,48730,100,24460,73190,9,"62-124-106-143-35-109-0-29-160-33-139-112-54-31-73-80-190-193-117-198-27-38-1-121-51-90-135-63-40-107-10-133-122-191-147-6-188-169-132-70-3-155-15-145-13-195-168-11-138-182-104-8-111-82-77-21-177-5-78-175-36-61-141-97-187-153-163-89-127-137-114-103-113-176-194-166-86-185-95-18-55-34-152-53-140-4-149-28-20-60-148-47-94-66-172-179-22-99-130-183"
28,50106,100,25598,75704,2,"199-4-149-28-20-60-148-47-94-66-172-179-185-22-99-130-95-86-166-194-113-103-137-127-89-163-187-97-141-61-36-175-78-5-177-21-104-8-111-82-77-153-176-106-143-35-0-160-33-138-182-11-139-168-51-112-54-31-73-80-190-193-117-198-27-38-1-121-90-135-63-40-107-10-133-122-191-147-6-188-169-132-13-195-145-70-3-15-155-29-109-124-62-18-55-34-152-53-183-140"
29,47425,100,23424,70849,2,"40-63-135-38-27-1-198-117-193-80-190-73-31-54-112-121-51-169-132-13-168-195-145-15-170-34-55-18-62-124-106-143-35-109-0-29-160-33-11-139-138-182-104-8-111-82-77-21-177-5-78-175-36-61-141-97-187-153-163-89-127-137-114-103-113-176-194-166-86-185-95-183-130-99-22-179-172-66-94-47-148-60-20-28-149-4-140-152-155-3-70-188-6-147-191-90-122-133-10-107"
30,50793,100,26523,77316,3,"172-166-194-113-103-114-137-127-89-163-187-97-141-61-36-175-78-5-177-21-104-8-111-82-77-153-176-86-95-130-183-99-22-66-94-47-148-60-20-28-149-4-140-53-152-34-55-18-62-124-109-29-155-15-3-70-145-195-13-132-169-188-6-147-191-122-133-10-107-40-63-135-90-121-1-38-27-198-117-193-80-190-73-31-54-112-51-168-139-11-182-138-33-160-0-35-143-106-185-179"
31,47463,100,23462,70925,2,"15-145-168-195-13-132-169-6-51-121-112-54-31-73-80-190-193-117-198-1-27-38-135-63-40-107-10-133-122-90-191-147-188-70-3-155-152-140-4-149-28-20-60-148-47-94-66-172-179-22-99-130-183-95-185-86-166-194-176-113-103-114-137-127-89-163-153-187-97-141-61-36-175-78-5-177-21-77-82-111-8-104-182-138-139-11-33-160-29-0-109-35-143-106-124-62-18-55-34-170"
32,50164,100,25894,76058,3,"114-137-127-89-163-187-97-141-61-36-175-78-5-177-21-104-8-111-82-77-153-103-194-166-172-179-66-94-47-148-60-20-28-149-4-140-183-53-152-34-55-18-62-124-109-29-155-15-3-70-145-195-13-132-169-188-6-147-191-122-133-10-107-40-63-135-90-121-1-38-27-198-117-193-80-190-73-31-54-112-51-168-139-11-182-138-33-160-0-35-143-106-95-130-99-22-185-86-176-113"
33,47317,100,23302,70619,3,"151-121-51-182-138-11-139-168-195-169-132-13-145-15-170-34-55-18-62-124-106-143-35-109-0-29-33-160-104-8-111-82-77-21-177-5-78-175-36-61-141-97-187-153-163-89-127-137-114-103-113-176-194-166-86-185-95-183-130-99-22-179-172-66-94-47-148-60-20-28-149-4-140-152-155-3-70-188-6-147-191-90-122-133-10-107-40-63-135-38-27-1-198-117-193-80-190-73-31-54"
34,47920,100,23485,71405,4,"197-198-117-193-80-190-73-31-54-112-121-51-169-132-13-168-195-145-15-170-34-55-18-62-124-106-143-35-109-0-29-160-33-11-139-138-182-104-8-111-82-81-77-21-177-5-78-175-36-61-141-97-187-153-163-89-127-137-114-103-113-176-194-166-86-185-95-183-130-99-22-179-172-66-94-47-148-60-20-28-149-4-140-152-155-3-70-188-6-147-191-90-122-133-10-107-40-63-135-1"
35,47425,100,23424,70849,4,"40-63-135-38-27-1-198-117-193-80-190-73-31-54-112-121-51-169-132-13-168-195-145-15-170-34-55-18-62-124-106-143-35-109-0-29-160-33-11-139-138-182-104-8-111-82-77-21-177-5-78-175-36-61-141-97-187-153-163-89-127-137-114-103-113-176-194-166-86-185-95-183-130-99-22-179-172-66-94-47-148-60-20-28-149-4-140-152-155-3-70-188-6-147-191-90-122-133-10-107"
36,48461,100,24335,72796,3,"156-1-27-38-63-40-107-10-133-122-90-191-147-6-188-70-3-155-152-140-4-149-28-20-60-148-47-94-66-172-179-22-99-130-183-95-185-86-166-194-176-113-103-137-127-89-163-153-187-97-141-61-36-175-78-5-177-21-77-82-111-8-104-182-138-139-11-33-160-29-0-109-35-143-106-124-62-18-55-34-170-15-145-195-168-13-132-169-51-121-112-135-54-31-73-80-190-193-117-198"
37,47332,100,23301,70633,3,"19-54-31-73-80-190-193-117-198-1-27-38-135-63-40-107-10-133-122-90-191-147-6-188-70-3-155-152-140-4-149-28-20-60-148-47-94-66-172-179-22-99-130-183-95-185-86-166-194-176-113-103-114-137-127-89-163-153-187-97-141-61-36-175-78-5-177-21-77-82-111-8-104-160-33-29-0-109-35-143-106-124-62-18-55-34-170-15-145-13-132-169-195-168-139-11-138-182-51-121"
38,49344,100,25074,74418,3,"194-166-172-179-66-94-47-148-60-20-28-149-4-140-183-53-152-34-55-18-62-124-143-106-95-130-99-22-185-86-176-35-109-0-29-160-33-139-112-54-31-73-80-190-193-117-198-27-38-1-121-51-90-135-63-40-107-10-133-122-191-147-6-188-169-132-70-3-155-15-145-13-195-168-11-138-182-104-8-111-82-77-21-177-5-78-175-36-61-141-97-187-153-163-89-127-137-114-103-113"
39,48386,100,23603,71989,4,"44-63-135-122-38-27-1-198-117-193-80-190-73-31-54-112-121-51-169-132-13-168-195-145-15-170-34-55-18-62-124-106-143-35-109-0-29-160-33-11-139-138-182-104-8-111-82-81-77-21-177-5-78-175-36-61-141-97-187-153-163-89-127-137-114-103-113-176-194-166-86-185-95-183-130-99-22-179-172-66-94-47-148-60-20-28-149-4-140-152-155-3-70-188-6-147-191-90-10-133"
40,49344,100,25074,74418,1,"194-166-172-179-66-94-47-148-60-20-28-149-4-140-183-53-152-34-55-18-62-124-143-106-95-130-99-22-185-86-176-35-109-0-29-160-33-139-112-54-31-73-80-190-193-117-198-27-38-1-121-51-90-135-63-40-107-10-133-122-191-147-6-188-169-132-70-3-155-15-145-13-195-168-11-138-182-104-8-111-82-77-21-177-5-78-175-36-61-141-97-187-153-163-89-127-137-114-103-113"
41,50193,100,25923,76116,3,"36-141-97-187-163-89-127-137-114-103-113-194-166-172-179-66-94-47-148-60-20-28-149-4-140-183-53-152-34-55-18-62-124-109-29-155-15-3-70-145-195-13-132-169-188-6-147-191-122-133-10-107-40-63-135-90-121-1-38-27-198-117-193-80-190-73-31-54-112-51-168-139-11-182-138-33-160-0-35-143-106-95-130-99-22-185-86-176-153-77-82-111-8-104-21-177-5-78-175-61"
42,48364,100,24363,72727,3,"1-27-38-63-40-107-10-133-122-90-191-147-6-188-70-3-155-152-140-4-149-28-20-60-148-47-94-66-172-179-22-99-130-183-95-185-86-166-194-176-113-103-114-137-127-89-163-153-187-97-141-61-36-175-78-5-177-21-77-82-111-8-104-182-138-139-11-33-160-29-0-109-35-143-106-124-62-18-55-34-170-15-145-195-168-13-132-169-51-121-112-135-54-31-73-80-190-193-117-198"
43,49088,100,24404,73492,3,"23-28-149-4-140-53-152-34-55-18-62-124-106-143-35-109-0-29-160-33-139-112-54-31-73-80-190-193-117-198-27-38-1-121-51-90-135-63-40-107-10-133-122-191-147-6-188-169-132-70-3-155-15-145-13-195-168-11-138-182-104-8-111-82-77-21-177-5-78-175-36-61-141-97-187-153-163-89-127-137-103-113-176-194-166-86-185-172-179-22-99-130-95-183-20-148-47-66-94-60"
44,50381,100,26006,76387,4,"136-177-61-21-82-77-153-176-86-185-22-99-130-95-106-143-0-160-33-11-139-138-182-104-8-111-29-109-35-124-62-18-55-34-152-53-183-140-4-149-28-20-60-148-47-94-66-179-172-166-194-113-103-137-127-89-163-187-97-141-36-5-78-175-80-190-193-198-1-27-38-63-40-107-10-133-122-90-191-147-6-188-70-3-155-15-145-195-168-13-132-169-51-121-112-135-117-54-31-73"
45,49391,100,25121,74512,4,"47-60-20-28-149-4-140-183-53-152-34-55-18-62-124-143-106-176-35-109-0-29-160-33-139-112-54-31-73-80-190-193-117-198-27-38-1-121-51-90-135-63-40-107-10-133-122-191-147-6-188-169-132-70-3-155-15-145-13-195-168-11-138-182-104-8-111-82-77-21-177-5-78-175-36-61-141-97-187-153-163-89-127-137-114-103-113-194-166-86-95-130-99-22-185-179-172-66-148-94"
46,49558,100,25019,74577,3,"101-140-183-53-152-34-55-18-62-124-143-106-176-35-109-0-29-160-33-139-112-54-31-73-80-190-193-117-198-27-38-1-121-51-90-135-63-40-107-10-133-122-191-147-6-188-169-132-70-3-155-15-145-13-195-168-11-138-182-104-8-111-82-81-77-21-177-5-78-175-36-61-141-97-187-153-163-89-127-137-114-103-113-194-166-86-95-130-99-22-185-179-172-66-94-47-148-60-20-28"
47,47923,100,23428,71351,4,"92-135-38-27-16-1-198-117-193-80-190-73-31-54-112-121-51-169-132-13-168-195-145-15-170-34-55-18-62-124-106-143-35-109-0-29-160-33-11-139-138-182-104-8-111-82-77-21-177-5-78-175-36-61-141-187-153-163-89-127-137-103-113-176-194-166-86-185-95-183-130-99-22-179-172-66-94-47-148-60-20-28-149-4-140-152-155-3-70-188-6-147-191-90-122-133-10-107-40-63"
48,49160,100,24505,73665,3,"174-140-4-149-28-20-60-148-47-94-66-172-179-22-99-130-183-53-152-34-95-185-86-166-194-176-113-103-137-127-89-163-153-187-97-141-61-36-175-78-5-177-21-77-82-111-8-104-182-138-11-168-195-13-145-15-155-3-70-132-169-188-6-147-191-122-133-10-107-40-63-135-90-51-121-1-38-27-198-117-193-80-190-73-31-54-112-139-33-160-29-0-109-35-143-106-124-62-18-55"
49,50659,100,25792,76451,3,"46-80-190-193-198-1-27-38-63-40-107-10-133-122-90-191-147-6-188-70-3-155-15-145-195-168-13-132-169-51-121-112-135-117-54-31-73-5-177-61-21-82-77-153-176-86-185-22-99-130-95-106-143-0-160-33-11-139-138-182-104-8-111-29-109-35-124-62-18-55-34-152-53-183-140-4-149-28-20-60-148-47-94-66-179-172-166-194-113-103-137-127-89-163-187-141-36-78-175-162"
50,48236,100,23966,72202,2,"183-95-185-86-166-194-176-113-103-114-137-127-89-163-153-187-97-141-61-36-175-78-5-177-21-77-82-111-8-104-182-138-11-168-195-13-145-15-155-3-70-132-169-188-6-147-191-122-133-10-107-40-63-135-90-51-121-1-38-27-198-117-193-80-190-73-31-54-112-139-33-160-29-0-109-35-143-106-124-62-18-55-34-152-53-140-4-149-28-20-60-148-47-94-66-172-179-22-99-130"
51,50166,100,25754,75920,3,"91-21-82-77-153-176-86-185-22-99-130-95-106-143-35-0-160-33-139-112-54-31-73-80-190-193-117-198-27-38-1-121-51-90-135-63-40-107-10-133-122-191-147-6-188-169-132-70-3-155-15-145-13-195-168-11-138-182-104-8-111-29-109-124-62-18-55-34-152-53-183-140-4-149-28-20-60-148-47-94-66-179-172-166-194-113-103-137-127-89-163-187-97-141-36-175-78-5-177-61"
52,48794,100,24575,73369,3,"85-168-195-13-145-15-170-34-55-18-62-124-106-143-35-109-0-29-160-33-11-139-138-182-104-8-111-82-77-21-177-5-78-175-36-61-141-187-153-163-89-127-137-103-113-176-194-166-86-185-95-183-130-99-22-179-172-66-94-47-148-60-20-28-149-4-140-152-155-3-70-132-169-188-6-147-191-122-133-10-107-40-63-135-90-121-1-38-27-198-117-193-80-190-73-31-54-112-51-134"
53,46889,100,22619,69508,2,"33-11-139-138-182-104-8-82-21-177-5-78-175-61-36-141-97-77-153-187-163-89-127-137-114-103-113-176-194-166-172-179-66-94-47-148-60-20-28-149-4-140-183-95-130-99-22-185-86-106-143-124-62-18-55-34-152-53-155-3-15-145-70-188-147-10-133-122-107-40-63-135-38-27-1-198-117-193-80-190-73-31-54-112-121-51-90-191-6-169-132-13-195-168-29-0-109-35-111-160"
54,50000,100,25730,75730,5,"177-61-21-82-77-153-176-86-185-22-99-130-95-106-143-35-0-160-33-139-112-54-31-73-80-190-193-117-198-27-38-1-121-51-90-135-63-40-107-10-133-122-191-147-6-188-169-132-70-3-155-15-145-13-195-168-11-138-182-104-8-111-29-109-124-62-18-55-34-152-53-183-140-4-149-28-20-60-148-47-94-66-179-172-166-194-113-103-114-137-127-89-163-187-97-141-36-78-175-5"
55,47931,100,23388,71319,5,"150-188-70-3-155-152-140-4-149-28-20-60-148-47-94-66-172-179-22-99-130-183-95-185-86-166-194-176-113-103-137-127-89-163-153-187-97-141-61-36-175-78-5-177-21-77-82-111-8-104-182-138-139-11-33-160-29-0-109-35-143-106-124-62-18-55-34-170-15-145-195-168-13-132-169-6-51-121-112-54-31-73-80-190-193-117-198-1-27-38-135-63-40-107-10-133-122-90-191-147"
56,48730,100,24460,73190,3,"55-34-152-53-140-4-149-28-20-60-148-47-94-66-172-179-22-99-130-183-62-124-106-143-35-109-0-29-160-33-139-112-54-31-73-80-190-193-117-198-27-38-1-121-51-90-135-63-40-107-10-133-122-191-147-6-188-169-132-70-3-155-15-145-13-195-168-11-138-182-104-8-111-82-77-21-177-5-78-175-36-61-141-97-187-153-163-89-127-137-114-103-113-176-194-166-86-185-95-18"
57,47721,100,23393,71114,2,"161-188-147-191-90-122-133-10-107-40-63-135-38-27-1-198-117-193-80-190-73-31-54-112-121-51-6-169-132-13-168-195-145-15-170-34-55-18-62-124-106-143-35-109-0-29-160-33-11-139-138-182-104-8-111-82-77-21-177-5-78-175-36-61-141-97-187-153-163-89-127-137-103-113-176-194-166-86-185-95-183-130-99-22-179-172-66-94-47-148-60-20-28-149-4-140-152-155-3-70"
58,50507,100,26237,76744,2,"130-152-53-140-183-95-55-34-18-62-124-143-106-176-35-109-0-29-160-33-139-112-54-31-73-80-190-193-117-198-27-38-1-121-51-90-135-63-40-107-10-133-122-191-147-6-188-169-132-70-3-155-15-145-13-195-168-11-138-182-104-8-111-82-77-21-177-5-78-175-36-61-141-97-187-153-163-89-127-137-114-103-113-194-166-86-179-172-66-94-47-148-60-20-28-149-4-99-22-185"
59,50743,100,26208,76951,2,"75-166-172-179-66-94-47-148-60-20-28-149-4-140-183-53-152-34-55-18-62-124-109-29-155-15-3-70-145-195-13-132-169-188-6-147-191-122-133-10-107-40-63-135-90-121-1-38-27-198-117-193-80-190-73-31-54-112-51-168-139-11-182-138-33-160-0-35-143-106-95-130-99-22-185-86-194-113-176-103-163-153-77-82-111-8-104-21-177-5-78-175-36-61-141-97-187-89-127-137"
60,48158,100,23888,72046,3,"8-111-82-21-177-5-78-175-61-36-141-97-77-153-187-163-89-127-137-114-103-113-176-194-166-172-179-66-94-47-148-60-20-28-149-4-53-152-140-183-95-130-99-22-185-86-106-124-62-18-55-34-143-35-109-0-29-160-33-139-112-54-31-73-80-190-193-117-198-27-38-1-121-51-90-135-63-40-107-10-133-122-191-147-6-188-169-132-70-3-155-15-145-13-195-168-11-138-182-104"
61,47011,100,23010,70021,2,"169-132-70-3-155-152-140-4-149-28-20-60-148-47-94-66-172-179-22-99-130-183-95-185-86-166-194-176-113-103-114-137-127-89-163-153-187-97-141-61-36-175-78-5-177-21-77-82-111-8-104-160-33-29-0-109-35-143-106-124-62-18-55-34-170-15-145-13-195-168-139-11-138-182-51-121-112-54-31-73-80-190-193-117-198-1-27-38-135-63-40-107-10-133-122-90-191-147-6-188"
62,48686,100,24416,73102,2,"4-140-53-152-34-55-18-62-124-106-143-35-109-0-29-160-33-139-112-54-31-73-80-190-193-117-198-27-38-1-121-51-90-135-63-40-107-10-133-122-191-147-6-188-169-132-70-3-155-15-145-13-195-168-11-138-182-104-8-111-82-77-21-177-5-78-175-36-61-141-97-187-153-163-89-127-137-114-103-113-176-194-166-86-185-172-179-22-99-130-95-183-20-60-94-66-47-148-28-149"
63,48728,100,24215,72943,2,"67-169-132-13-168-195-145-15-170-34-55-18-62-124-106-143-35-109-0-29-160-33-11-139-138-182-104-8-111-82-77-21-177-5-78-175-36-61-141-97-187-153-163-89-127-137-103-113-176-194-166-86-185-95-183-130-99-22-179-172-66-94-47-148-60-20-28-149-4-140-152-155-3-70-188-6-147-10-133-122-107-40-63-135-191-90-38-27-1-198-117-193-80-190-73-31-54-112-121-51"
64,47011,100,23010,70021,2,"6-147-191-90-122-133-10-107-40-63-135-38-27-1-198-117-193-80-190-73-31-54-112-121-51-182-138-11-139-168-195-13-145-15-170-34-55-18-62-124-106-143-35-109-0-29-33-160-104-8-111-82-77-21-177-5-78-175-36-61-141-97-187-153-163-89-127-137-114-103-113-176-194-166-86-185-95-183-130-99-22-179-172-66-94-47-148-60-20-28-149-4-140-152-155-3-70-132-169-188"
65,48778,100,24579,73357,3,"42-80-190-193-31-73-54-117-198-135-112-121-51-169-132-13-168-195-145-15-170-34-55-18-62-124-106-143-35-109-0-29-160-33-11-139-138-182-104-8-111-82-77-21-177-5-78-175-36-61-141-97-187-153-163-89-127-137-103-113-176-194-166-86-185-95-183-130-99-22-179-172-66-94-47-148-60-20-28-149-4-140-152-155-3-70-188-6-147-191-90-122-133-10-107-40-63-38-27-1"
66,47701,100,23513,71214,2,"120-51-121-112-54-31-73-80-190-193-117-198-1-27-38-135-63-40-107-10-133-122-90-147-6-188-70-3-155-152-140-4-149-28-20-60-148-47-94-66-172-179-22-99-130-183-95-185-86-166-194-176-113-103-114-137-127-89-163-153-187-97-141-61-36-175-78-5-177-21-77-82-111-8-104-182-138-139-11-33-160-29-0-109-35-143-106-124-62-18-55-34-170-15-145-195-168-13-132-169"
67,48778,100,24579,73357,2,"42-80-190-193-31-73-54-117-198-135-112-121-51-169-132-13-168-195-145-15-170-34-55-18-62-124-106-143-35-109-0-29-160-33-11-139-138-182-104-8-111-82-77-21-177-5-78-175-36-61-141-97-187-153-163-89-127-137-103-113-176-194-166-86-185-95-183-130-99-22-179-172-66-94-47-148-60-20-28-149-4-140-152-155-3-70-188-6-147-191-90-122-133-10-107-40-63-38-27-1"
68,47923,100,23428,71351,2,"92-135-38-27-16-1-198-117-193-80-190-73-31-54-112-121-51-169-132-13-168-195-145-15-170-34-55-18-62-124-106-143-35-109-0-29-160-33-11-139-138-182-104-8-111-82-77-21-177-5-78-175-36-61-141-187-153-163-89-127-137-103-113-176-194-166-86-185-95-183-130-99-22-179-172-66-94-47-148-60-20-28-149-4-140-152-155-3-70-188-6-147-191-90-122-133-10-107-40-63"
69,50271,100,25747,76018,3,"180-153-77-82-111-8-104-21-177-5-78-175-36-61-141-97-187-163-89-127-137-103-113-194-166-172-179-66-94-47-148-60-20-28-149-4-140-183-53-152-34-55-18-62-124-109-29-155-15-3-70-145-195-13-132-169-188-6-147-191-122-133-10-107-40-63-135-90-121-1-38-27-198-117-193-80-190-73-31-54-112-51-168-139-11-182-138-33-160-0-35-143-106-95-130-99-22-185-86-176"
70,50164,100,25894,76058,2,"114-137-127-89-163-187-97-141-61-36-175-78-5-177-21-104-8-111-82-77-153-103-194-166-172-179-66-94-47-148-60-20-28-149-4-140-183-53-152-34-55-18-62-124-109-29-155-15-3-70-145-195-13-132-169-188-6-147-191-122-133-10-107-40-63-135-90-121-1-38-27-198-117-193-80-190-73-31-54-112-51-168-139-11-182-138-33-160-0-35-143-106-95-130-99-22-185-86-176-113"
71,47180,100,22910,70090,2,"139-168-51-121-112-54-31-73-80-190-193-117-198-1-27-38-135-63-40-107-10-133-122-90-191-147-6-188-169-132-13-195-145-70-3-15-155-29-0-35-109-34-55-18-62-124-143-106-86-185-22-99-130-95-183-140-152-53-4-149-28-20-60-148-47-94-66-179-172-166-194-176-113-103-114-137-127-89-163-187-153-77-97-141-36-61-175-78-5-177-21-82-111-8-104-160-33-138-182-11"
72,50381,100,26006,76387,2,"136-177-61-21-82-77-153-176-86-185-22-99-130-95-106-143-0-160-33-11-139-138-182-104-8-111-29-109-35-124-62-18-55-34-152-53-183-140-4-149-28-20-60-148-47-94-66-179-172-166-194-113-103-137-127-89-163-187-97-141-36-5-78-175-80-190-193-198-1-27-38-63-40-107-10-133-122-90-191-147-6-188-70-3-155-15-145-195-168-13-132-169-51-121-112-135-117-54-31-73"
73,50168,100,25898,76066,2,"137-114-89-103-113-194-166-172-179-66-94-47-148-60-20-28-149-4-140-183-53-152-34-55-18-62-124-109-29-155-15-3-70-145-195-13-132-169-188-6-147-191-122-133-10-107-40-63-135-90-121-1-38-27-198-117-193-80-190-73-31-54-112-51-168-139-11-182-138-33-160-0-35-143-106-95-130-99-22-185-86-176-163-153-77-82-111-8-104-21-177-5-78-175-36-61-141-97-187-127"
74,46906,100,22636,69542,3,"111-35-109-0-29-160-33-138-182-11-139-168-195-13-132-169-6-191-90-51-121-112-54-31-73-80-190-193-117-198-1-27-38-135-63-40-107-122-133-10-147-188-70-145-15-3-155-53-152-34-55-18-62-124-143-106-176-86-185-22-99-130-95-183-140-4-149-28-20-60-148-47-94-66-179-172-166-194-113-103-114-137-127-89-163-187-153-77-97-141-36-61-175-78-5-177-21-82-104-8"
75,47841,100,23395,71236,3,"96-135-38-27-1-198-117-193-80-190-73-31-54-112-121-51-169-132-13-168-195-145-15-170-34-55-18-62-124-106-143-35-109-0-29-160-33-11-139-138-182-104-8-111-82-77-21-177-5-78-175-36-61-141-97-187-153-163-89-127-137-103-113-176-194-166-86-185-95-183-130-99-22-179-172-66-94-47-148-60-20-28-149-4-140-152-155-3-70-188-6-147-191-90-10-133-122-107-40-63"
76,50743,100,26208,76951,4,"75-166-172-179-66-94-47-148-60-20-28-149-4-140-183-53-152-34-55-18-62-124-109-29-155-15-3-70-145-195-13-132-169-188-6-147-191-122-133-10-107-40-63-135-90-121-1-38-27-198-117-193-80-190-73-31-54-112-51-168-139-11-182-138-33-160-0-35-143-106-95-130-99-22-185-86-194-113-176-103-163-153-77-82-111-8-104-21-177-5-78-175-36-61-141-97-187-89-127-137"
77,50000,100,25730,75730,3,"78-36-141-97-187-163-89-127-137-114-103-113-194-166-172-179-66-94-47-148-60-20-28-149-4-140-183-53-152-34-55-18-62-124-109-29-111-8-104-182-138-11-168-195-13-145-15-155-3-70-132-169-188-6-147-191-122-133-10-107-40-63-135-90-51-121-1-38-27-198-117-193-80-190-73-31-54-112-139-33-160-0-35-143-106-95-130-99-22-185-86-176-153-77-82-21-61-177-5-175"
78,48730,100,24460,73190,2,"106-143-35-109-0-29-160-33-139-112-54-31-73-80-190-193-117-198-27-38-1-121-51-90-135-63-40-107-10-133-122-191-147-6-188-169-132-70-3-155-15-145-13-195-168-11-138-182-104-8-111-82-77-21-177-5-78-175-36-61-141-97-187-153-163-89-127-137-114-103-113-176-194-166-86-185-95-18-55-34-152-53-140-4-149-28-20-60-148-47-94-66-172-179-22-99-130-183-62-124"
79,46862,100,22592,69454,2,"21-177-5-78-175-61-36-141-97-77-153-187-163-89-127-137-114-103-113-194-166-172-179-66-94-47-148-60-20-28-149-4-140-183-95-130-99-22-185-86-176-106-143-124-62-18-55-34-152-53-155-3-15-145-70-188-147-10-133-122-107-40-63-135-38-27-1-198-117-193-80-190-73-31-54-112-121-51-90-191-6-169-132-13-195-168-139-11-182-138-33-160-29-0-109-35-111-104-8-82"
80,47599,100,23363,70962,2,"72-122-90-191-147-6-188-70-3-155-152-140-4-149-28-20-60-148-47-94-66-172-179-22-99-130-183-95-185-86-166-194-176-113-103-114-137-127-89-163-153-187-97-141-61-36-175-78-5-177-21-77-81-82-111-8-104-182-138-139-11-33-160-29-0-109-35-143-106-124-62-18-55-34-170-15-145-195-168-13-132-169-51-121-112-54-31-73-80-190-193-117-198-1-27-38-135-63-40-107"
81,47425,100,23424,70849,3,"135-38-27-1-198-117-193-80-190-73-31-54-112-121-51-169-132-13-168-195-145-15-170-34-55-18-62-124-106-143-35-109-0-29-160-33-11-139-138-182-104-8-111-82-77-21-177-5-78-175-36-61-141-97-187-153-163-89-127-137-114-103-113-176-194-166-86-185-95-183-130-99-22-179-172-66-94-47-148-60-20-28-149-4-140-152-155-3-70-188-6-147-191-90-122-133-10-107-40-63"
82,50271,100,25747,76018,2,"180-153-77-82-111-8-104-21-177-5-78-175-36-61-141-97-187-163-89-127-137-103-113-194-166-172-179-66-94-47-148-60-20-28-149-4-140-183-53-152-34-55-18-62-124-109-29-155-15-3-70-145-195-13-132-169-188-6-147-191-122-133-10-107-40-63-135-90-121-1-38-27-198-117-193-80-190-73-31-54-112-51-168-139-11-182-138-33-160-0-35-143-106-95-130-99-22-185-86-176"
83,47875,100,23484,71359,4,"189-109-35-0-29-160-111-143-34-55-18-62-124-106-176-86-185-22-99-130-95-183-140-152-53-4-149-28-20-60-148-47-94-66-179-172-166-194-113-103-137-127-89-163-187-153-77-97-141-36-61-175-78-5-177-21-82-8-104-33-138-182-11-139-168-195-145-13-132-169-6-191-90-51-121-112-54-31-73-80-190-193-117-198-1-27-38-135-63-40-107-122-133-10-147-188-70-3-15-155"
84,49262,100,24939,74201,3,"108-80-190-193-31-73-54-117-198-135-112-121-51-169-132-13-168-195-145-15-170-34-55-18-62-124-106-143-35-109-0-29-160-33-11-139-138-182-104-8-111-82-77-21-177-5-78-175-36-61-141-97-187-153-163-89-127-137-103-113-176-194-166-86-185-95-183-130-99-22-179-172-66-94-47-148-60-20-28-149-4-140-152-155-3-70-188-6-147-191-90-122-133-10-107-40-63-38-27-1"
85,50144,100,25874,76018,1,"127-114-137-187-97-141-61-36-175-78-5-177-21-104-8-111-82-77-153-163-176-86-185-22-99-130-95-106-143-35-0-160-33-138-182-11-139-168-51-112-54-31-73-80-190-193-117-198-27-38-1-121-90-135-63-40-107-10-133-122-191-147-6-188-169-132-13-195-145-70-3-15-155-29-109-124-62-18-55-34-152-53-183-140-4-149-28-20-60-148-47-94-66-179-172-166-194-113-103-89"
86,47813,100,23461,71274,2,"126-132-169-6-51-121-112-54-31-73-80-190-193-117-198-1-27-38-135-63-40-107-10-133-122-90-191-147-188-70-3-155-152-140-4-149-28-20-60-148-47-94-66-172-179-22-99-130-183-95-185-86-166-194-176-113-103-137-127-89-163-153-187-97-141-61-36-175-78-5-177-21-77-82-111-8-104-182-138-139-11-33-160-29-0-109-35-143-106-124-62-18-55-34-170-15-145-13-168-195"
87,48778,100,24579,73357,2,"42-80-190-193-31-73-54-117-198-135-112-121-51-169-132-13-168-195-145-15-170-34-55-18-62-124-106-143-35-109-0-29-160-33-11-139-138-182-104-8-111-82-77-21-177-5-78-175-36-61-141-97-187-153-163-89-127-137-103-113-176-194-166-86-185-95-183-130-99-22-179-172-66-94-47-148-60-20-28-149-4-140-152-155-3-70-188-6-147-191-90-122-133-10-107-40-63-38-27-1"
88,46918,100,22648,69566,3,"138-182-104-8-111-82-21-177-5-78-175-61-36-141-97-77-153-187-163-89-127-137-114-103-113-176-194-166-172-179-66-94-47-148-60-20-28-149-4-140-183-95-130-99-22-185-86-106-143-124-62-18-55-34-152-53-155-3-15-145-70-188-147-10-133-122-107-40-63-135-38-27-1-198-117-193-80-190-73-31-54-112-121-51-90-191-6-169-132-13-195-168-29-0-35-109-160-33-11-139"
89,48461,100,24335,72796,1,"156-1-27-38-63-40-107-10-133-122-90-191-147-6-188-70-3-155-152-140-4-149-28-20-60-148-47-94-66-172-179-22-99-130-183-95-185-86-166-194-176-113-103-137-127-89-163-153-187-97-141-61-36-175-78-5-177-21-77-82-111-8-104-182-138-139-11-33-160-29-0-109-35-143-106-124-62-18-55-34-170-15-145-195-168-13-132-169-51-121-112-135-54-31-73-80-190-193-117-198"
90,51031,100,26254,77285,5,"129-111-109-29-155-15-3-70-145-195-13-132-169-188-6-147-191-122-133-10-107-40-63-135-90-121-1-38-27-198-117-193-80-190-73-31-54-112-51-168-139-11-182-138-33-160-0-35-143-106-124-18-55-34-62-185-22-99-130-95-183-140-152-53-4-149-28-20-60-148-47-94-66-172-179-86-166-194-176-113-103-89-137-127-163-153-187-97-141-61-36-175-78-5-177-21-104-8-82-77"
91,48822,100,24447,73269,3,"144-111-143-34-55-18-62-124-106-176-86-185-22-99-130-95-183-140-152-53-4-149-28-20-60-148-47-94-66-179-172-166-194-113-103-137-127-89-163-187-153-77-97-141-36-61-175-78-5-177-21-82-8-104-182-138-11-168-195-13-145-15-155-3-70-132-169-188-6-147-191-122-133-10-107-40-63-135-90-51-121-1-38-27-198-117-193-80-190-73-31-54-112-139-33-160-29-0-109-35"
92,49782,100,25512,75294,3,"60-148-47-94-66-172-179-185-22-99-130-95-86-166-194-113-103-114-137-127-89-163-187-97-141-61-36-175-78-5-177-21-104-8-111-82-77-153-176-106-143-35-0-160-33-138-182-11-139-168-51-112-54-31-73-80-190-193-117-198-27-38-1-121-90-135-63-40-107-10-133-122-191-147-6-188-169-132-13-195-145-70-3-15-155-29-109-124-62-18-55-34-152-53-183-140-4-149-28-20"
93,50134,100,25864,75998,2,"94-148-66-172-179-185-22-99-130-95-86-166-194-113-103-114-137-127-89-163-187-97-141-61-36-175-78-5-177-21-104-8-111-82-77-153-176-106-143-35-0-160-33-138-182-11-139-168-51-112-54-31-73-80-190-193-117-198-27-38-1-121-90-135-63-40-107-10-133-122-191-147-6-188-169-132-13-195-145-70-3-15-155-29-109-124-62-18-55-34-152-53-183-140-4-149-28-20-60-47"
94,47425,100,23424,70849,2,"107-10-133-122-90-191-147-6-188-70-3-155-152-140-4-149-28-20-60-148-47-94-66-172-179-22-99-130-183-95-185-86-166-194-176-113-103-114-137-127-89-163-153-187-97-141-61-36-175-78-5-177-21-77-82-111-8-104-182-138-139-11-33-160-29-0-109-35-143-106-124-62-18-55-34-170-15-145-195-168-13-132-169-51-121-112-54-31-73-80-190-193-117-198-1-27-38-135-63-40"
95,49350,100,24856,74206,4,"84-70-3-132-188-147-191-90-122-133-10-107-40-63-135-38-27-1-198-117-193-80-190-73-31-54-112-121-51-6-169-13-195-168-145-15-155-152-183-140-4-149-28-20-60-148-47-94-66-172-179-185-22-99-130-95-86-166-194-113-103-137-127-89-163-187-97-141-61-36-175-78-5-177-21-104-8-111-82-77-153-176-106-143-0-160-33-138-182-139-11-29-109-35-124-62-18-55-34-170"
96,46889,100,22619,69508,2,"33-11-139-138-182-104-8-82-21-177-5-78-175-61-36-141-97-77-153-187-163-89-127-137-114-103-113-176-194-166-172-179-66-94-47-148-60-20-28-149-4-140-183-95-130-99-22-185-86-106-143-124-62-18-55-34-152-53-155-3-15-145-70-188-147-10-133-122-107-40-63-135-38-27-1-198-117-193-80-190-73-31-54-112-121-51-90-191-6-169-132-13-195-168-29-0-109-35-111-160"
97,49039,100,24769,73808,2,"149-4-140-183-53-152-34-55-18-62-124-143-106-176-35-109-0-29-160-33-139-112-54-31-73-80-190-193-117-198-27-38-1-121-51-90-135-63-40-107-10-133-122-191-147-6-188-169-132-70-3-155-15-145-13-195-168-11-138-182-104-8-111-82-77-21-177-5-78-175-36-61-141-97-187-153-163-89-127-137-114-103-113-194-166-86-95-130-99-22-185-179-172-66-94-47-148-60-20-28"
98,50291,100,25897,76188,2,"45-5-177-61-21-82-77-153-176-86-185-22-99-130-95-106-143-0-160-33-11-139-138-182-104-8-111-29-109-35-124-62-18-55-34-152-53-183-140-4-149-28-20-60-148-47-94-66-179-172-166-194-113-103-137-127-89-163-187-97-141-36-78-175-80-190-193-198-1-27-38-63-40-107-10-133-122-90-191-147-6-188-70-3-155-15-145-195-168-13-132-169-51-121-112-135-117-54-31-73"
99,47920,100,23485,71405,2,"197-198-117-193-80-190-73-31-54-112-121-51-169-132-13-168-195-145-15-170-34-55-18-62-124-106-143-35-109-0-29-160-33-11-139-138-182-104-8-111-82-81-77-21-177-5-78-175-36-61-141-97-187-153-163-89-127-137-114-103-113-176-194-166-86-185-95-183-130-99-22-179-172-66-94-47-148-60-20-28-149-4-140-152-155-3-70-188-6-147-191-90-122-133-10-107-40-63-135-1"
100,48364,100,24363,72727,2,"198-1-27-38-63-40-107-10-133-122-90-191-147-6-188-70-3-155-152-140-4-149-28-20-60-148-47-94-66-172-179-22-99-130-183-95-185-86-166-194-176-113-103-114-137-127-89-163-153-187-97-141-61-36-175-78-5-177-21-77-82-111-8-104-182-138-139-11-33-160-29-0-109-35-143-106-124-62-18-55-34-170-15-145-195-168-13-132-169-51-121-112-135-54-31-73-80-190-193-117"
101,50144,100,25874,76018,3,"127-114-137-187-97-141-61-36-175-78-5-177-21-104-8-111-82-77-153-163-176-86-185-22-99-130-95-106-143-35-0-160-33-138-182-11-139-168-51-112-54-31-73-80-190-193-117-198-27-38-1-121-90-135-63-40-107-10-133-122-191-147-6-188-169-132-13-195-145-70-3-15-155-29-109-124-62-18-55-34-152-53-183-140-4-149-28-20-60-148-47-94-66-179-172-166-194-113-103-89"
102,48822,100,24447,73269,3,"144-111-143-34-55-18-62-124-106-176-86-185-22-99-130-95-183-140-152-53-4-149-28-20-60-148-47-94-66-179-172-166-194-113-103-137-127-89-163-187-153-77-97-141-36-61-175-78-5-177-21-82-8-104-182-138-11-168-195-13-145-15-155-3-70-132-169-188-6-147-191-122-133-10-107-40-63-135-90-51-121-1-38-27-198-117-193-80-190-73-31-54-112-139-33-160-29-0-109-35"
103,48364,100,24363,72727,3,"1-27-38-63-40-107-10-133-122-90-191-147-6-188-70-3-155-152-140-4-149-28-20-60-148-47-94-66-172-179-22-99-130-183-95-185-86-166-194-176-113-103-114-137-127-89-163-153-187-97-141-61-36-175-78-5-177-21-77-82-111-8-104-182-138-139-11-33-160-29-0-109-35-143-106-124-62-18-55-34-170-15-145-195-168-13-132-169-51-121-112-135-54-31-73-80-190-193-117-198"
104,50168,100,25898,76066,3,"137-114-89-103-113-194-166-172-179-66-94-47-148-60-20-28-149-4-140-183-53-152-34-55-18-62-124-109-29-155-15-3-70-145-195-13-132-169-188-6-147-191-122-133-10-107-40-63-135-90-121-1-38-27-198-117-193-80-190-73-31-54-112-51-168-139-11-182-138-33-160-0-35-143-106-95-130-99-22-185-86-176-163-153-77-82-111-8-104-21-177-5-78-175-36-61-141-97-187-127"
105,48081,100,24387,72468,3,"131-122-133-10-107-40-63-135-90-191-147-6-188-70-3-155-152-140-4-149-28-20-60-148-47-94-66-172-179-22-99-130-183-95-185-86-166-194-176-113-103-114-137-127-89-163-153-187-97-141-61-36-175-78-80-190-193-198-27-38-1-117-54-31-73-5-177-21-77-82-111-8-104-160-33-29-0-109-35-143-106-124-62-18-55-34-170-15-145-13-132-169-195-168-139-11-138-182-51-121"
106,47931,100,23388,71319,3,"150-188-70-3-155-152-140-4-149-28-20-60-148-47-94-66-172-179-22-99-130-183-95-185-86-166-194-176-113-103-137-127-89-163-153-187-97-141-61-36-175-78-5-177-21-77-82-111-8-104-182-138-139-11-33-160-29-0-109-35-143-106-124-62-18-55-34-170-15-145-195-168-13-132-169-6-51-121-112-54-31-73-80-190-193-117-198-1-27-38-135-63-40-107-10-133-122-90-191-147"
107,47888,100,23599,71487,3,"158-25-182-138-33-160-29-0-109-35-111-104-8-21-82-77-153-176-86-185-22-99-130-95-106-143-124-62-18-55-34-152-53-183-140-4-149-28-20-60-148-47-94-66-179-172-166-194-113-103-137-127-89-163-187-97-141-61-36-177-5-78-175-80-190-73-31-54-193-117-198-27-38-1-121-135-63-40-107-10-133-122-90-191-51-147-6-188-169-132-70-3-155-15-145-13-195-168-11-139"
108,48547,100,24546,73093,4,"22-99-130-95-183-140-152-155-3-70-188-147-191-90-122-133-10-107-40-63-135-38-27-1-198-117-193-80-190-73-31-54-112-121-51-6-169-132-13-195-168-145-15-139-11-182-138-33-160-29-0-109-35-34-143-106-124-62-18-55-170-4-149-28-20-60-148-47-94-66-179-172-166-194-113-103-114-137-127-89-163-187-97-141-61-36-175-78-5-177-21-104-8-111-82-77-153-176-86-185"
109,49143,100,24873,74016,3,"187-97-141-61-36-175-78-5-177-21-77-82-111-8-104-182-138-11-168-195-13-145-15-155-3-70-132-169-188-6-147-191-122-133-10-107-40-63-135-90-51-121-1-38-27-198-117-193-80-190-73-31-54-112-139-33-160-29-0-109-35-143-124-62-183-95-130-99-22-66-94-47-148-60-20-28-149-4-140-53-152-34-55-18-106-86-185-179-172-166-194-176-113-103-114-137-127-89-163-153"
110,48158,100,23888,72046,3,"104-182-138-11-168-195-13-145-15-155-3-70-132-169-188-6-147-191-122-133-10-107-40-63-135-90-51-121-1-38-27-198-117-193-80-190-73-31-54-112-139-33-160-29-0-109-35-143-34-55-18-62-124-106-86-185-22-99-130-95-183-140-152-53-4-149-28-20-60-148-47-94-66-179-172-166-194-176-113-103-114-137-127-89-163-187-153-77-97-141-36-61-175-78-5-177-21-82-111-8"
111,47701,100,23513,71214,2,"120-51-121-112-54-31-73-80-190-193-117-198-1-27-38-135-63-40-107-10-133-122-90-147-6-188-70-3-155-152-140-4-149-28-20-60-148-47-94-66-172-179-22-99-130-183-95-185-86-166-194-176-113-103-114-137-127-89-163-153-187-97-141-61-36-175-78-5-177-21-77-82-111-8-104-182-138-139-11-33-160-29-0-109-35-143-106-124-62-18-55-34-170-15-145-195-168-13-132-169"
112,47463,100,23462,70925,2,"3-155-152-140-4-149-28-20-60-148-47-94-66-172-179-22-99-130-183-95-185-86-166-194-176-113-103-114-137-127-89-163-153-187-97-141-61-36-175-78-5-177-21-77-82-111-8-104-182-138-139-11-33-160-29-0-109-35-143-106-124-62-18-55-34-170-15-145-168-195-13-132-169-6-51-121-112-54-31-73-80-190-193-117-198-1-27-38-135-63-40-107-10-133-122-90-191-147-188-70"
113,50106,100,25598,75704,4,"199-4-149-28-20-60-148-47-94-66-172-179-185-22-99-130-95-86-166-194-113-103-137-127-89-163-187-97-141-61-36-175-78-5-177-21-104-8-111-82-77-153-176-106-143-35-0-160-33-138-182-11-139-168-51-112-54-31-73-80-190-193-117-198-27-38-1-121-90-135-63-40-107-10-133-122-191-147-6-188-169-132-13-195-145-70-3-15-155-29-109-124-62-18-55-34-152-53-183-140"
114,50193,100,25923,76116,1,"36-141-97-187-163-89-127-137-114-103-113-194-166-172-179-66-94-47-148-60-20-28-149-4-140-183-53-152-34-55-18-62-124-109-29-155-15-3-70-145-195-13-132-169-188-6-147-191-122-133-10-107-40-63-135-90-121-1-38-27-198-117-193-80-190-73-31-54-112-51-168-139-11-182-138-33-160-0-35-143-106-95-130-99-22-185-86-176-153-77-82-111-8-104-21-177-5-78-175-61"
115,50892,100,26076,76968,3,"64-106-143-35-0-160-33-138-182-11-139-168-51-112-54-31-73-80-190-193-117-198-27-38-1-121-90-135-63-40-107-10-133-122-191-147-6-188-169-132-13-195-145-70-3-15-155-29-109-124-62-18-34-55-86-185-22-99-130-95-183-140-152-53-4-149-28-20-60-148-47-94-66-179-172-166-194-113-103-137-127-89-163-187-97-141-61-36-175-78-5-177-21-104-8-111-82-77-153-176"
116,48778,100,24579,73357,2,"42-80-190-193-31-73-54-117-198-135-112-121-51-169-132-13-168-195-145-15-170-34-55-18-62-124-106-143-35-109-0-29-160-33-11-139-138-182-104-8-111-82-77-21-177-5-78-175-36-61-141-97-187-153-163-89-127-137-103-113-176-194-166-86-185-95-183-130-99-22-179-172-66-94-47-148-60-20-28-149-4-140-152-155-3-70-188-6-147-191-90-122-133-10-107-40-63-38-27-1"
117,47306,100,23305,70611,2,"147-6-188-70-3-155-152-140-4-149-28-20-60-148-47-94-66-172-179-22-99-130-183-95-185-86-166-194-176-113-103-114-137-127-89-163-153-187-97-141-61-36-175-78-5-177-21-77-82-111-8-104-160-33-29-0-109-35-143-106-124-62-18-55-34-170-15-145-13-132-169-195-168-139-11-138-182-51-121-112-54-31-73-80-190-193-117-198-1-27-38-135-63-40-107-10-133-122-90-191"
118,47815,100,23498,71313,2,"98-121-112-54-31-73-80-190-193-117-198-1-27-38-135-63-40-107-10-133-122-90-191-147-6-188-70-3-155-152-140-4-149-28-20-60-148-47-94-66-172-179-22-99-130-183-95-185-86-166-194-176-113-103-137-127-89-163-153-187-97-141-61-36-175-78-5-177-21-77-82-111-8-104-182-138-139-11-33-160-29-0-109-35-143-106-124-62-18-55-34-170-15-145-195-168-13-132-169-51"
119,47507,100,22979,70486,2,"65-188-6-147-191-90-122-133-10-107-40-63-135-38-27-1-198-117-193-80-190-73-31-54-112-121-51-182-138-11-139-168-195-13-145-15-170-34-55-18-62-124-106-143-35-109-0-29-33-160-104-8-111-82-77-21-177-5-78-175-36-61-141-97-187-153-163-89-127-137-103-113-176-194-166-86-185-95-183-130-99-22-179-172-66-94-47-148-60-20-28-149-4-140-152-155-3-70-132-169"
120,50337,100,25664,76001,2,"79-61-177-5-78-175-36-141-97-187-163-89-127-137-103-113-194-166-172-179-66-94-47-148-60-20-28-149-4-140-183-53-152-34-55-18-62-124-109-29-111-8-104-182-138-11-168-195-13-145-15-155-3-70-132-169-188-6-147-191-122-133-10-107-40-63-135-90-51-121-1-38-27-198-117-193-80-190-73-31-54-112-139-33-160-0-35-143-106-95-130-99-22-185-86-176-153-77-82-21"
121,48158,100,23888,72046,1,"8-111-82-21-177-5-78-175-61-36-141-97-77-153-187-163-89-127-137-114-103-113-176-194-166-172-179-66-94-47-148-60-20-28-149-4-53-152-140-183-95-130-99-22-185-86-106-124-62-18-55-34-143-35-109-0-29-160-33-139-112-54-31-73-80-190-193-117-198-27-38-1-121-51-90-135-63-40-107-10-133-122-191-147-6-188-169-132-70-3-155-15-145-13-195-168-11-138-182-104"
122,47306,100,23305,70611,2,"112-54-31-73-80-190-193-117-198-1-27-38-135-63-40-107-10-133-122-90-191-147-6-188-70-3-155-152-140-4-149-28-20-60-148-47-94-66-172-179-22-99-130-183-95-185-86-166-194-176-113-103-114-137-127-89-163-153-187-97-141-61-36-175-78-5-177-21-77-82-111-8-104-160-33-29-0-109-35-143-106-124-62-18-55-34-170-15-145-13-132-169-195-168-139-11-138-182-51-121"
123,49344,100,25074,74418,1,"86-176-35-109-0-29-160-33-139-112-54-31-73-80-190-193-117-198-27-38-1-121-51-90-135-63-40-107-10-133-122-191-147-6-188-169-132-70-3-155-15-145-13-195-168-11-138-182-104-8-111-82-77-21-177-5-78-175-36-61-141-97-187-153-163-89-127-137-114-103-113-194-166-172-179-66-94-47-148-60-20-28-149-4-140-183-53-152-34-55-18-62-124-143-106-95-130-99-22-185"
124,49177,100,24858,74035,2,"125-51-121-112-54-31-73-177-61-21-82-77-153-176-86-185-22-99-130-95-106-143-35-0-160-33-139-147-6-188-169-132-70-3-155-15-145-13-195-168-11-138-182-104-8-111-29-109-124-62-18-55-34-152-53-183-140-4-149-28-20-60-148-47-94-66-179-172-166-194-113-103-114-137-127-89-163-187-97-141-36-5-78-175-80-190-193-117-198-1-27-38-135-63-40-107-10-133-122-90"
125,48897,100,24530,73427,2,"2-168-195-13-145-15-170-34-55-18-62-124-106-143-35-109-0-29-160-33-11-139-138-182-104-8-111-82-77-21-177-5-78-175-36-61-141-187-153-163-89-127-137-103-113-176-194-166-86-185-95-183-130-99-22-179-172-66-94-47-148-60-20-28-149-4-140-152-155-3-70-132-169-188-6-147-191-122-133-10-107-40-63-135-90-121-1-38-27-198-117-193-80-190-73-31-54-112-51-134"
126,50000,100,25730,75730,4,"78-36-141-97-187-163-89-127-137-114-103-113-194-166-172-179-66-94-47-148-60-20-28-149-4-140-183-53-152-34-55-18-62-124-109-29-111-8-104-182-138-11-168-195-13-145-15-155-3-70-132-169-188-6-147-191-122-133-10-107-40-63-135-90-51-121-1-38-27-198-117-193-80-190-73-31-54-112-139-33-160-0-35-143-106-95-130-99-22-185-86-176-153-77-82-21-61-177-5-175"
127,48158,100,23888,72046,2,"82-21-177-5-78-175-61-36-141-97-77-153-187-163-89-127-137-114-103-113-176-194-166-172-179-66-94-47-148-60-20-28-149-4-53-152-140-183-95-130-99-22-185-86-106-124-62-18-55-34-143-35-109-0-29-160-33-139-112-54-31-73-80-190-193-117-198-27-38-1-121-51-90-135-63-40-107-10-133-122-191-147-6-188-169-132-70-3-155-15-145-13-195-168-11-138-182-104-8-111"
128,49213,100,24737,73950,2,"69-109-35-0-160-33-11-139-138-182-104-8-111-82-21-177-5-78-175-61-36-141-97-77-153-187-163-89-127-137-103-113-176-194-166-172-179-66-94-47-148-60-20-28-149-4-95-130-99-22-185-86-143-29-168-195-145-13-132-169-6-191-90-51-121-112-54-31-73-80-190-193-117-198-1-27-38-135-63-40-107-122-133-10-147-188-70-3-15-155-152-140-183-170-34-55-18-62-124-106"
129,49378,100,24800,74178,2,"50-35-109-0-29-160-33-11-112-54-31-73-80-190-193-117-198-27-38-1-121-51-90-135-63-40-107-10-133-122-191-147-6-188-169-132-70-3-155-15-145-13-195-168-139-182-138-104-111-8-82-21-177-5-78-175-61-36-141-77-187-163-89-127-137-103-113-194-166-172-179-66-94-47-148-60-20-28-149-4-140-183-53-152-34-55-18-62-124-143-106-95-130-99-22-185-86-176-153-81"
130,47306,100,23305,70611,1,"90-122-133-10-107-40-63-135-38-27-1-198-117-193-80-190-73-31-54-112-121-51-182-138-11-139-168-195-169-132-13-145-15-170-34-55-18-62-124-106-143-35-109-0-29-33-160-104-8-111-82-77-21-177-5-78-175-36-61-141-97-187-153-163-89-127-137-114-103-113-176-194-166-86-185-95-183-130-99-22-179-172-66-94-47-148-60-20-28-149-4-140-152-155-3-70-188-6-147-191"
131,48158,100,23888,72046,2,"82-21-177-5-78-175-61-36-141-97-77-153-187-163-89-127-137-114-103-113-176-194-166-172-179-66-94-47-148-60-20-28-149-4-53-152-140-183-95-130-99-22-185-86-106-124-62-18-55-34-143-35-109-0-29-160-33-139-112-54-31-73-80-190-193-117-198-27-38-1-121-51-90-135-63-40-107-10-133-122-191-147-6-188-169-132-70-3-155-15-145-13-195-168-11-138-182-104-8-111"
132,47126,100,23125,70251,2,"132-13-195-168-139-11-138-182-51-121-112-54-31-73-80-190-193-117-198-1-27-38-135-63-40-107-10-133-122-90-191-147-6-188-169-70-3-155-152-140-4-149-28-20-60-148-47-94-66-172-179-22-99-130-183-95-185-86-166-194-176-113-103-114-137-127-89-163-153-187-97-141-61-36-175-78-5-177-21-77-82-111-8-104-160-33-29-0-109-35-143-106-124-62-18-55-34-170-15-145"
133,48236,100,23966,72202,3,"183-95-185-86-166-194-176-113-103-114-137-127-89-163-153-187-97-141-61-36-175-78-5-177-21-77-82-111-8-104-182-138-11-168-195-13-145-15-155-3-70-132-169-188-6-147-191-122-133-10-107-40-63-135-90-51-121-1-38-27-198-117-193-80-190-73-31-54-112-139-33-160-29-0-109-35-143-106-124-62-18-55-34-152-53-140-4-149-28-20-60-148-47-94-66-172-179-22-99-130"
134,48728,100,24215,72943,4,"67-169-132-13-168-195-145-15-170-34-55-18-62-124-106-143-35-109-0-29-160-33-11-139-138-182-104-8-111-82-77-21-177-5-78-175-36-61-141-97-187-153-163-89-127-137-103-113-176-194-166-86-185-95-183-130-99-22-179-172-66-94-47-148-60-20-28-149-4-140-152-155-3-70-188-6-147-10-133-122-107-40-63-135-191-90-38-27-1-198-117-193-80-190-73-31-54-112-121-51"
135,50087,100,25817,75904,4,"103-114-137-127-89-163-187-97-141-61-36-175-78-5-177-21-104-8-111-82-77-153-176-86-185-22-99-130-95-106-143-35-0-160-33-138-182-11-139-168-51-112-54-31-73-80-190-193-117-198-27-38-1-121-90-135-63-40-107-10-133-122-191-147-6-188-169-132-13-195-145-70-3-15-155-29-109-124-62-18-55-34-152-53-183-140-4-149-28-20-60-148-47-94-66-179-172-166-194-113"
136,50000,100,25730,75730,2,"78-36-141-97-187-163-89-127-137-114-103-113-194-166-172-179-66-94-47-148-60-20-28-149-4-140-183-53-152-34-55-18-62-124-109-29-111-8-104-182-138-11-168-195-13-145-15-155-3-70-132-169-188-6-147-191-122-133-10-107-40-63-135-90-51-121-1-38-27-198-117-193-80-190-73-31-54-112-139-33-160-0-35-143-106-95-130-99-22-185-86-176-153-77-82-21-61-177-5-175"
137,46890,100,22620,69510,2,"109-29-168-195-13-132-169-6-191-90-51-121-112-54-31-73-80-190-193-117-198-1-27-38-135-63-40-107-122-133-10-147-188-70-145-15-3-155-53-152-34-55-18-62-124-143-106-86-185-22-99-130-95-183-140-4-149-28-20-60-148-47-94-66-179-172-166-194-176-113-103-114-137-127-89-163-187-153-77-97-141-36-61-175-78-5-177-21-82-111-8-104-182-138-139-11-33-160-0-35"
138,48793,100,24028,72821,3,"58-111-8-104-182-138-11-168-195-13-145-15-155-3-70-132-169-188-6-147-191-122-133-10-107-40-63-135-90-51-121-1-38-27-198-117-193-80-190-73-31-54-112-139-33-160-29-0-109-35-143-34-55-18-62-124-106-86-185-22-99-130-95-183-140-152-53-4-149-28-20-60-148-47-94-66-179-172-166-194-176-113-103-137-127-89-163-187-153-77-97-141-36-61-175-78-5-177-21-82"
139,49835,100,24994,74829,3,"186-163-89-127-137-103-113-194-166-172-179-66-94-47-148-60-20-28-149-4-140-183-53-152-34-55-18-62-124-143-106-95-130-99-22-185-86-176-35-109-0-29-160-33-139-112-54-31-73-80-190-193-117-198-27-38-1-121-51-90-135-63-40-107-10-133-122-191-147-6-188-169-132-70-3-155-15-145-13-195-168-11-138-182-104-8-111-82-77-21-177-5-78-175-36-61-141-97-187-153"
140,50290,100,25892,76182,3,"165-89-163-187-97-141-61-36-175-78-5-177-21-104-8-111-82-77-153-176-86-185-22-99-130-95-106-143-35-0-160-33-138-182-11-139-168-51-112-54-31-73-80-190-193-117-198-27-38-1-121-90-135-63-40-107-10-133-122-191-147-6-188-169-132-13-195-145-70-3-15-155-29-109-124-62-18-55-34-152-53-183-140-4-149-28-20-60-148-47-94-66-179-172-166-194-113-103-127-137"
141,48995,100,24365,73360,4,"83-95-185-86-166-194-176-113-103-137-127-89-163-153-187-97-141-61-36-175-78-5-177-21-77-82-111-8-104-182-138-11-168-195-13-145-15-155-3-70-132-169-188-6-147-191-122-133-10-107-40-63-135-90-51-121-1-38-27-198-117-193-80-190-73-31-54-112-139-33-160-29-0-109-35-143-106-124-62-18-34-152-53-140-4-149-28-20-60-148-47-94-66-172-179-22-99-130-183-55"
142,51266,100,26436,77702,2,"93-166-172-179-66-94-47-148-60-20-28-149-4-140-183-53-152-34-55-18-62-124-109-29-155-15-3-70-145-195-13-132-169-188-6-147-191-122-133-10-107-40-63-135-90-121-1-38-27-198-117-193-80-190-73-31-54-112-51-168-139-11-182-138-33-160-0-35-143-106-95-130-99-22-185-86-194-113-176-103-163-153-77-82-111-8-104-21-177-5-78-175-36-61-141-187-89-127-137-75"
143,49143,100,24873,74016,2,"153-163-89-127-137-114-103-113-176-194-166-172-179-185-86-106-18-55-34-152-53-140-4-149-28-20-60-148-47-94-66-22-99-130-95-183-62-124-143-35-109-0-29-160-33-139-112-54-31-73-80-190-193-117-198-27-38-1-121-51-90-135-63-40-107-10-133-122-191-147-6-188-169-132-70-3-155-15-145-13-195-168-11-138-182-104-8-111-82-77-21-177-5-78-175-36-61-141-97-187"
144,47888,100,23599,71487,2,"158-25-182-138-33-160-29-0-109-35-111-104-8-21-82-77-153-176-86-185-22-99-130-95-106-143-124-62-18-55-34-152-53-183-140-4-149-28-20-60-148-47-94-66-179-172-166-194-113-103-137-127-89-163-187-97-141-61-36-177-5-78-175-80-190-73-31-54-193-117-198-27-38-1-121-135-63-40-107-10-133-122-90-191-51-147-6-188-169-132-70-3-155-15-145-13-195-168-11-139"
145,49262,100,24939,74201,3,"108-80-190-193-31-73-54-117-198-135-112-121-51-169-132-13-168-195-145-15-170-34-55-18-62-124-106-143-35-109-0-29-160-33-11-139-138-182-104-8-111-82-77-21-177-5-78-175-36-61-141-97-187-153-163-89-127-137-103-113-176-194-166-86-185-95-183-130-99-22-179-172-66-94-47-148-60-20-28-149-4-140-152-155-3-70-188-6-147-191-90-122-133-10-107-40-63-38-27-1"
146,47463,100,23462,70925,3,"155-152-140-4-149-28-20-60-148-47-94-66-172-179-22-99-130-183-95-185-86-166-194-176-113-103-114-137-127-89-163-153-187-97-141-61-36-175-78-5-177-21-77-82-111-8-104-182-138-139-11-33-160-29-0-109-35-143-106-124-62-18-55-34-170-15-145-168-195-13-132-169-6-51-121-112-54-31-73-80-190-193-117-198-1-27-38-135-63-40-107-10-133-122-90-191-147-188-70-3"
147,47915,100,23384,71299,2,"192-188-70-3-155-152-140-4-149-28-20-60-148-47-94-66-172-179-22-99-130-183-95-185-86-166-194-176-113-103-137-127-89-163-153-187-97-141-61-36-175-78-5-177-21-77-82-111-8-104-182-138-139-11-33-160-29-0-109-35-143-106-124-62-18-55-34-170-15-145-195-168-13-132-169-6-51-121-112-54-31-73-80-190-193-117-198-1-27-38-135-63-40-107-10-133-122-90-191-147"
148,51081,100,26202,77283,2,"110-106-143-35-0-160-33-138-182-11-139-168-51-112-54-31-73-80-190-193-117-198-27-38-1-121-90-135-63-40-107-10-133-122-191-147-6-188-169-132-13-195-145-70-3-15-155-29-109-124-62-18-34-55-95-185-22-99-130-183-140-152-53-4-149-28-20-60-148-47-94-66-179-172-166-194-113-103-137-127-89-163-187-97-141-61-36-175-78-5-177-21-104-8-111-82-77-153-176-86"
149,48158,100,23888,72046,2,"8-111-82-21-177-5-78-175-61-36-141-97-77-153-187-163-89-127-137-114-103-113-176-194-166-172-179-66-94-47-148-60-20-28-149-4-53-152-140-183-95-130-99-22-185-86-106-124-62-18-55-34-143-35-109-0-29-160-33-139-112-54-31-73-80-190-193-117-198-27-38-1-121-51-90-135-63-40-107-10-133-122-191-147-6-188-169-132-70-3-155-15-145-13-195-168-11-138-182-104"
150,47633,100,23497,71130,3,"71-169-132-13-168-195-145-15-170-34-55-18-62-124-106-143-35-109-0-29-160-33-11-139-138-182-104-8-111-82-77-21-177-5-78-175-36-61-141-97-187-153-163-89-127-137-114-103-113-176-194-166-86-185-95-183-130-99-22-179-172-66-94-47-148-60-20-28-149-4-140-152-155-3-70-188-6-147-10-133-122-107-40-63-135-38-27-1-198-117-193-80-190-73-31-54-112-121-51-90"
151,50144,100,25874,76018,3,"163-153-77-82-111-8-104-21-177-5-78-175-36-61-141-97-187-137-114-127-89-103-113-194-166-172-179-66-94-47-148-60-20-28-149-4-140-183-53-152-34-55-18-62-124-109-29-155-15-3-70-145-195-13-132-169-188-6-147-191-122-133-10-107-40-63-135-90-121-1-38-27-198-117-193-80-190-73-31-54-112-51-168-139-11-182-138-33-160-0-35-143-106-95-130-99-22-185-86-176"
152,48897,100,24530,73427,2,"2-168-195-13-145-15-170-34-55-18-62-124-106-143-35-109-0-29-160-33-11-139-138-182-104-8-111-82-77-21-177-5-78-175-36-61-141-187-153-163-89-127-137-103-113-176-194-166-86-185-95-183-130-99-22-179-172-66-94-47-148-60-20-28-149-4-140-152-155-3-70-132-169-188-6-147-191-122-133-10-107-40-63-135-90-121-1-38-27-198-117-193-80-190-73-31-54-112-51-134"
153,48364,100,24363,72727,3,"1-27-38-63-40-107-10-133-122-90-191-147-6-188-70-3-155-152-140-4-149-28-20-60-148-47-94-66-172-179-22-99-130-183-95-185-86-166-194-176-113-103-114-137-127-89-163-153-187-97-141-61-36-175-78-5-177-21-77-82-111-8-104-182-138-139-11-33-160-29-0-109-35-143-106-124-62-18-55-34-170-15-145-195-168-13-132-169-51-121-112-135-54-31-73-80-190-193-117-198"
154,50290,100,25892,76182,1,"165-89-163-187-97-141-61-36-175-78-5-177-21-104-8-111-82-77-153-176-86-185-22-99-130-95-106-143-35-0-160-33-138-182-11-139-168-51-112-54-31-73-80-190-193-117-198-27-38-1-121-90-135-63-40-107-10-133-122-191-147-6-188-169-132-13-195-145-70-3-15-155-29-109-124-62-18-55-34-152-53-183-140-4-149-28-20-60-148-47-94-66-179-172-166-194-113-103-127-137"
155,47425,100,23424,70849,2,"51-121-112-54-31-73-80-190-193-117-198-1-27-38-135-63-40-107-10-133-122-90-191-147-6-188-70-3-155-152-140-4-149-28-20-60-148-47-94-66-172-179-22-99-130-183-95-185-86-166-194-176-113-103-114-137-127-89-163-153-187-97-141-61-36-175-78-5-177-21-77-82-111-8-104-182-138-139-11-33-160-29-0-109-35-143-106-124-62-18-55-34-170-15-145-195-168-13-132-169"
156,50144,100,25874,76018,2,"127-114-137-187-97-141-61-36-175-78-5-177-21-104-8-111-82-77-153-163-176-86-185-22-99-130-95-106-143-35-0-160-33-138-182-11-139-168-51-112-54-31-73-80-190-193-117-198-27-38-1-121-90-135-63-40-107-10-133-122-191-147-6-188-169-132-13-195-145-70-3-15-155-29-109-124-62-18-55-34-152-53-183-140-4-149-28-20-60-148-47-94-66-179-172-166-194-113-103-89"
157,50271,100,25747,76018,3,"180-153-77-82-111-8-104-21-177-5-78-175-36-61-141-97-187-163-89-127-137-103-113-194-166-172-179-66-94-47-148-60-20-28-149-4-140-183-53-152-34-55-18-62-124-109-29-155-15-3-70-145-195-13-132-169-188-6-147-191-122-133-10-107-40-63-135-90-121-1-38-27-198-117-193-80-190-73-31-54-112-51-168-139-11-182-138-33-160-0-35-143-106-95-130-99-22-185-86-176"
158,48414,100,24413,72827,4,"54-117-135-112-121-51-169-132-13-168-195-145-15-170-34-55-18-62-124-106-143-35-109-0-29-160-33-11-139-138-182-104-8-111-82-77-21-177-5-78-175-36-61-141-97-187-153-163-89-127-137-114-103-113-176-194-166-86-185-95-183-130-99-22-179-172-66-94-47-148-60-20-28-149-4-140-152-155-3-70-188-6-147-191-90-122-133-10-107-40-63-38-27-1-198-193-80-190-73-31"
159,47011,100,23010,70021,3,"169-132-70-3-155-152-140-4-149-28-20-60-148-47-94-66-172-179-22-99-130-183-95-185-86-166-194-176-113-103-114-137-127-89-163-153-187-97-141-61-36-175-78-5-177-21-77-82-111-8-104-160-33-29-0-109-35-143-106-124-62-18-55-34-170-15-145-13-195-168-139-11-138-182-51-121-112-54-31-73-80-190-193-117-198-1-27-38-135-63-40-107-10-133-122-90-191-147-6-188"
160,50793,100,26523,77316,3,"172-166-194-113-103-114-137-127-89-163-187-97-141-61-36-175-78-5-177-21-104-8-111-82-77-153-176-86-95-130-183-99-22-66-94-47-148-60-20-28-149-4-140-53-152-34-55-18-62-124-109-29-155-15-3-70-145-195-13-132-169-188-6-147-191-122-133-10-107-40-63-135-90-121-1-38-27-198-117-193-80-190-73-31-54-112-51-168-139-11-182-138-33-160-0-35-143-106-185-179"
161,48176,100,24175,72351,2,"133-107-40-63-135-122-90-38-27-1-198-117-193-80-190-73-31-54-112-121-51-191-169-132-13-168-195-145-15-170-34-55-18-62-124-106-143-35-109-0-29-160-33-11-139-138-182-104-8-111-82-77-21-177-5-78-175-36-61-141-97-187-153-163-89-127-137-114-103-113-176-194-166-86-185-95-183-130-99-22-179-172-66-94-47-148-60-20-28-149-4-140-152-155-3-70-188-6-147-10"
162,51101,100,26742,77843,3,"57-179-166-194-113-103-114-137-127-89-163-187-97-141-61-36-175-78-5-177-21-104-8-111-82-77-153-176-106-143-35-0-160-33-138-182-11-139-168-51-112-54-31-73-80-190-193-117-198-27-38-1-121-90-135-63-40-107-10-133-122-191-147-6-188-169-132-13-195-145-70-3-15-155-29-109-124-62-18-34-55-86-185-95-130-99-22-148-183-140-152-53-4-149-28-20-60-47-94-66"
163,47463,100,23462,70925,2,"70-188-147-191-90-122-133-10-107-40-63-135-38-27-1-198-117-193-80-190-73-31-54-112-121-51-6-169-132-13-195-168-145-15-170-34-55-18-62-124-106-143-35-109-0-29-160-33-11-139-138-182-104-8-111-82-77-21-177-5-78-175-36-61-141-97-187-153-163-89-127-137-114-103-113-176-194-166-86-185-95-183-130-99-22-179-172-66-94-47-148-60-20-28-149-4-140-152-155-3"
164,48730,100,24460,73190,2,"106-143-35-109-0-29-160-33-139-112-54-31-73-80-190-193-117-198-27-38-1-121-51-90-135-63-40-107-10-133-122-191-147-6-188-169-132-70-3-155-15-145-13-195-168-11-138-182-104-8-111-82-77-21-177-5-78-175-36-61-141-97-187-153-163-89-127-137-114-103-113-176-194-166-86-185-95-18-55-34-152-53-140-4-149-28-20-60-148-47-94-66-172-179-22-99-130-183-62-124"
165,48414,100,24413,72827,1,"190-73-31-54-117-135-112-121-51-169-132-13-168-195-145-15-170-34-55-18-62-124-106-143-35-109-0-29-160-33-11-139-138-182-104-8-111-82-77-21-177-5-78-175-36-61-141-97-187-153-163-89-127-137-114-103-113-176-194-166-86-185-95-183-130-99-22-179-172-66-94-47-148-60-20-28-149-4-140-152-155-3-70-188-6-147-191-90-122-133-10-107-40-63-38-27-1-198-193-80"
166,50134,100,25864,75998,2,"20-60-47-94-148-66-172-179-185-22-99-130-95-86-166-194-113-103-114-137-127-89-163-187-97-141-61-36-175-78-5-177-21-104-8-111-82-77-153-176-106-143-35-0-160-33-138-182-11-139-168-51-112-54-31-73-80-190-193-117-198-27-38-1-121-90-135-63-40-107-10-133-122-191-147-6-188-169-132-13-195-145-70-3-15-155-29-109-124-62-18-55-34-152-53-183-140-4-149-28"
167,49791,100,25521,75312,2,"143-35-0-160-33-139-112-54-31-73-80-190-193-117-198-27-38-1-121-51-90-135-63-40-107-10-133-122-191-147-6-188-169-132-70-3-155-15-145-13-195-168-11-138-182-104-8-111-82-21-177-5-78-175-61-36-141-97-77-153-187-163-89-127-137-114-103-113-176-194-166-172-179-66-94-47-148-60-20-28-149-4-95-130-99-22-185-86-29-109-34-152-53-140-183-55-18-62-124-106"
168,50000,100,25730,75730,1,"177-61-21-82-77-153-176-86-185-22-99-130-95-106-143-35-0-160-33-139-112-54-31-73-80-190-193-117-198-27-38-1-121-51-90-135-63-40-107-10-133-122-191-147-6-188-169-132-70-3-155-15-145-13-195-168-11-138-182-104-8-111-29-109-124-62-18-55-34-152-53-183-140-4-149-28-20-60-148-47-94-66-179-172-166-194-113-103-114-137-127-89-163-187-97-141-36-78-175-5"
169,47915,100,23914,71829,2,"38-63-40-107-10-133-122-90-191-147-6-188-70-3-155-152-140-4-149-28-20-60-148-47-94-66-172-179-22-99-130-183-95-185-86-166-194-176-113-103-114-137-127-89-163-153-187-97-141-61-36-175-78-5-177-21-77-82-111-8-104-182-138-139-11-33-160-29-0-109-35-143-106-124-62-18-55-34-170-15-145-195-168-13-132-169-51-121-112-54-31-73-80-190-193-117-198-1-135-27"
170,50271,100,25747,76018,2,"180-153-77-82-111-8-104-21-177-5-78-175-36-61-141-97-187-163-89-127-137-103-113-194-166-172-179-66-94-47-148-60-20-28-149-4-140-183-53-152-34-55-18-62-124-109-29-155-15-3-70-145-195-13-132-169-188-6-147-191-122-133-10-107-40-63-135-90-121-1-38-27-198-117-193-80-190-73-31-54-112-51-168-139-11-182-138-33-160-0-35-143-106-95-130-99-22-185-86-176"
171,50743,100,26208,76951,1,"75-166-172-179-66-94-47-148-60-20-28-149-4-140-183-53-152-34-55-18-62-124-109-29-155-15-3-70-145-195-13-132-169-188-6-147-191-122-133-10-107-40-63-135-90-121-1-38-27-198-117-193-80-190-73-31-54-112-51-168-139-11-182-138-33-160-0-35-143-106-95-130-99-22-185-86-194-113-176-103-163-153-77-82-111-8-104-21-177-5-78-175-36-61-141-97-187-89-127-137"
172,48158,100,23888,72046,3,"8-111-82-21-177-5-78-175-61-36-141-97-77-153-187-163-89-127-137-114-103-113-176-194-166-172-179-66-94-47-148-60-20-28-149-4-53-152-140-183-95-130-99-22-185-86-106-124-62-18-55-34-143-35-109-0-29-160-33-139-112-54-31-73-80-190-193-117-198-27-38-1-121-51-90-135-63-40-107-10-133-122-191-147-6-188-169-132-70-3-155-15-145-13-195-168-11-138-182-104"
173,48900,100,24438,73338,1,"30-80-190-193-31-73-54-117-198-135-112-121-51-169-132-13-168-195-145-15-170-34-55-18-62-124-106-143-35-109-0-29-160-33-11-139-138-182-104-8-111-82-77-21-177-5-78-175-36-61-141-97-187-153-163-89-127-137-103-113-176-194-166-86-185-95-183-130-99-22-179-172-66-94-47-148-60-20-28-149-4-140-152-155-3-70-188-6-147-191-90-122-133-10-107-40-63-38-27-1"
174,46889,100,22619,69508,2,"160-111-35-109-0-29-168-195-13-132-169-6-191-90-51-121-112-54-31-73-80-190-193-117-198-1-27-38-135-63-40-107-122-133-10-147-188-70-145-15-3-155-53-152-34-55-18-62-124-143-106-86-185-22-99-130-95-183-140-4-149-28-20-60-148-47-94-66-179-172-166-194-176-113-103-114-137-127-89-163-187-153-77-97-141-36-61-175-78-5-177-21-82-8-104-182-138-139-11-33"
175,48547,100,24546,73093,2,"22-99-130-95-183-140-152-155-3-70-188-147-191-90-122-133-10-107-40-63-135-38-27-1-198-117-193-80-190-73-31-54-112-121-51-6-169-132-13-195-168-145-15-139-11-182-138-33-160-29-0-109-35-34-143-106-124-62-18-55-170-4-149-28-20-60-148-47-94-66-179-172-166-194-113-103-114-137-127-89-163-187-97-141-61-36-175-78-5-177-21-104-8-111-82-77-153-176-86-185"
176,48414,100,24413,72827,1,"31-54-117-135-112-121-51-169-132-13-168-195-145-15-170-34-55-18-62-124-106-143-35-109-0-29-160-33-11-139-138-182-104-8-111-82-77-21-177-5-78-175-36-61-141-97-187-153-163-89-127-137-114-103-113-176-194-166-86-185-95-183-130-99-22-179-172-66-94-47-148-60-20-28-149-4-140-152-155-3-70-188-6-147-191-90-122-133-10-107-40-63-38-27-1-198-193-80-190-73"
177,49039,100,24769,73808,2,"149-4-140-183-53-152-34-55-18-62-124-143-106-176-35-109-0-29-160-33-139-112-54-31-73-80-190-193-117-198-27-38-1-121-51-90-135-63-40-107-10-133-122-191-147-6-188-169-132-70-3-155-15-145-13-195-168-11-138-182-104-8-111-82-77-21-177-5-78-175-36-61-141-97-187-153-163-89-127-137-114-103-113-194-166-86-95-130-99-22-185-179-172-66-94-47-148-60-20-28"
178,49039,100,24769,73808,2,"149-4-140-183-53-152-34-55-18-62-124-143-106-176-35-109-0-29-160-33-139-112-54-31-73-80-190-193-117-198-27-38-1-121-51-90-135-63-40-107-10-133-122-191-147-6-188-169-132-70-3-155-15-145-13-195-168-11-138-182-104-8-111-82-77-21-177-5-78-175-36-61-141-97-187-153-163-89-127-137-114-103-113-194-166-86-95-130-99-22-185-179-172-66-94-47-148-60-20-28"
179,51081,100,26202,77283,1,"110-106-143-35-0-160-33-138-182-11-139-168-51-112-54-31-73-80-190-193-117-198-27-38-1-121-90-135-63-40-107-10-133-122-191-147-6-188-169-132-13-195-145-70-3-15-155-29-109-124-62-18-34-55-95-185-22-99-130-183-140-152-53-4-149-28-20-60-148-47-94-66-179-172-166-194-113-103-137-127-89-163-187-97-141-61-36-175-78-5-177-21-104-8-111-82-77-153-176-86"
180,48414,100,24413,72827,2,"54-117-135-112-121-51-169-132-13-168-195-145-15-170-34-55-18-62-124-106-143-35-109-0-29-160-33-11-139-138-182-104-8-111-82-77-21-177-5-78-175-36-61-141-97-187-153-163-89-127-137-114-103-113-176-194-166-86-185-95-183-130-99-22-179-172-66-94-47-148-60-20-28-149-4-140-152-155-3-70-188-6-147-191-90-122-133-10-107-40-63-38-27-1-198-193-80-190-73-31"
181,49143,100,24873,74016,1,"187-97-141-61-36-175-78-5-177-21-77-82-111-8-104-182-138-11-168-195-13-145-15-155-3-70-132-169-188-6-147-191-122-133-10-107-40-63-135-90-51-121-1-38-27-198-117-193-80-190-73-31-54-112-139-33-160-29-0-109-35-143-124-62-183-95-130-99-22-66-94-47-148-60-20-28-149-4-140-53-152-34-55-18-106-86-185-179-172-166-194-176-113-103-114-137-127-89-163-153"
182,47931,100,23388,71319,2,"150-188-70-3-155-152-140-4-149-28-20-60-148-47-94-66-172-179-22-99-130-183-95-185-86-166-194-176-113-103-137-127-89-163-153-187-97-141-61-36-175-78-5-177-21-77-82-111-8-104-182-138-139-11-33-160-29-0-109-35-143-106-124-62-18-55-34-170-15-145-195-168-13-132-169-6-51-121-112-54-31-73-80-190-193-117-198-1-27-38-135-63-40-107-10-133-122-90-191-147"
183,47180,100,22910,70090,1,"139-168-51-121-112-54-31-73-80-190-193-117-198-1-27-38-135-63-40-107-10-133-122-90-191-147-6-188-169-132-13-195-145-70-3-15-155-29-0-35-109-34-55-18-62-124-143-106-86-185-22-99-130-95-183-140-152-53-4-149-28-20-60-148-47-94-66-179-172-166-194-176-113-103-114-137-127-89-163-187-153-77-97-141-36-61-175-78-5-177-21-82-111-8-104-160-33-138-182-11"
184,47306,100,23305,70611,2,"121-51-182-138-11-139-168-195-169-132-13-145-15-170-34-55-18-62-124-106-143-35-109-0-29-33-160-104-8-111-82-77-21-177-5-78-175-36-61-141-97-187-153-163-89-127-137-114-103-113-176-194-166-86-185-95-183-130-99-22-179-172-66-94-47-148-60-20-28-149-4-140-152-155-3-70-188-6-147-191-90-122-133-10-107-40-63-135-38-27-1-198-117-193-80-190-73-31-54-112"
185,50000,100,25730,75730,2,"175-5-177-61-21-82-77-153-176-86-185-22-99-130-95-106-143-35-0-160-33-139-112-54-31-73-80-190-193-117-198-27-38-1-121-51-90-135-63-40-107-10-133-122-191-147-6-188-169-132-70-3-155-15-145-13-195-168-11-138-182-104-8-111-29-109-124-62-18-55-34-152-53-183-140-4-149-28-20-60-148-47-94-66-179-172-166-194-113-103-114-137-127-89-163-187-97-141-36-78"
186,47463,100,23462,70925,2,"15-145-168-195-13-132-169-6-51-121-112-54-31-73-80-190-193-117-198-1-27-38-135-63-40-107-10-133-122-90-191-147-188-70-3-155-152-140-4-149-28-20-60-148-47-94-66-172-179-22-99-130-183-95-185-86-166-194-176-113-103-114-137-127-89-163-153-187-97-141-61-36-175-78-5-177-21-77-82-111-8-104-182-138-139-11-33-160-29-0-109-35-143-106-124-62-18-55-34-170"
187,48233,100,24025,72258,1,"25-182-138-11-168-195-13-145-15-155-3-70-132-169-188-6-139-33-160-29-0-109-35-111-104-8-21-82-77-153-176-86-185-22-99-130-95-106-143-124-62-18-55-34-152-53-183-140-4-149-28-20-60-148-47-94-66-179-172-166-194-113-103-137-127-89-163-187-97-141-61-36-177-5-78-175-80-190-73-31-54-193-117-198-27-38-1-112-121-135-63-40-107-10-133-122-90-191-147-51"
188,51031,100,26254,77285,2,"129-111-109-29-155-15-3-70-145-195-13-132-169-188-6-147-191-122-133-10-107-40-63-135-90-121-1-38-27-198-117-193-80-190-73-31-54-112-51-168-139-11-182-138-33-160-0-35-143-106-124-18-55-34-62-185-22-99-130-95-183-140-152-53-4-149-28-20-60-148-47-94-66-172-179-86-166-194-176-113-103-89-137-127-163-153-187-97-141-61-36-175-78-5-177-21-104-8-82-77"
189,50892,100,26076,76968,1,"64-106-143-35-0-160-33-138-182-11-139-168-51-112-54-31-73-80-190-193-117-198-27-38-1-121-90-135-63-40-107-10-133-122-191-147-6-188-169-132-13-195-145-70-3-15-155-29-109-124-62-18-34-55-86-185-22-99-130-95-183-140-152-53-4-149-28-20-60-148-47-94-66-179-172-166-194-113-103-137-127-89-163-187-97-141-61-36-175-78-5-177-21-104-8-111-82-77-153-176"
190,50134,100,25864,75998,3,"20-60-47-94-148-66-172-179-185-22-99-130-95-86-166-194-113-103-114-137-127-89-163-187-97-141-61-36-175-78-5-177-21-104-8-111-82-77-153-176-106-143-35-0-160-33-138-182-11-139-168-51-112-54-31-73-80-190-193-117-198-27-38-1-121-90-135-63-40-107-10-133-122-191-147-6-188-169-132-13-195-145-70-3-15-155-29-109-124-62-18-55-34-152-53-183-140-4-149-28"
191,46890,100,22620,69510,1,"35-109-29-168-195-13-132-169-6-191-90-51-121-112-54-31-73-80-190-193-117-198-1-27-38-135-63-40-107-122-133-10-147-188-70-145-15-3-155-53-152-34-55-18-62-124-143-106-86-185-22-99-130-95-183-140-4-149-28-20-60-148-47-94-66-179-172-166-194-176-113-103-114-137-127-89-163-187-153-77-97-141-36-61-175-78-5-177-21-82-111-8-104-182-138-139-11-33-160-0"
192,50000,100,25730,75730,2,"5-177-61-21-82-77-153-176-86-185-22-99-130-95-106-143-35-0-160-33-139-112-54-31-73-80-190-193-117-198-27-38-1-121-51-90-135-63-40-107-10-133-122-191-147-6-188-169-132-70-3-155-15-145-13-195-168-11-138-182-104-8-111-29-109-124-62-18-55-34-152-53-183-140-4-149-28-20-60-148-47-94-66-179-172-166-194-113-103-114-137-127-89-163-187-97-141-36-78-175"
193,50134,100,25864,75998,2,"94-148-66-172-179-185-22-99-130-95-86-166-194-113-103-114-137-127-89-163-187-97-141-61-36-175-78-5-177-21-104-8-111-82-77-153-176-106-143-35-0-160-33-138-182-11-139-168-51-112-54-31-73-80-190-193-117-198-27-38-1-121-90-135-63-40-107-10-133-122-191-147-6-188-169-132-13-195-145-70-3-15-155-29-109-124-62-18-55-34-152-53-183-140-4-149-28-20-60-47"
194,47011,100,23010,70021,1,"188-6-147-191-90-122-133-10-107-40-63-135-38-27-1-198-117-193-80-190-73-31-54-112-121-51-182-138-11-139-168-195-13-145-15-170-34-55-18-62-124-106-143-35-109-0-29-33-160-104-8-111-82-77-21-177-5-78-175-36-61-141-97-187-153-163-89-127-137-114-103-113-176-194-166-86-185-95-183-130-99-22-179-172-66-94-47-148-60-20-28-149-4-140-152-155-3-70-132-169"
195,46890,100,22620,69510,2,"29-109-35-0-160-33-11-139-138-182-104-8-111-82-21-177-5-78-175-61-36-141-97-77-153-187-163-89-127-137-114-103-113-176-194-166-172-179-66-94-47-148-60-20-28-149-4-140-183-95-130-99-22-185-86-106-143-124-62-18-55-34-152-53-155-3-15-145-70-188-147-10-133-122-107-40-63-135-38-27-1-198-117-193-80-190-73-31-54-112-121-51-90-191-6-169-132-13-195-168"
196,49262,100,24939,74201,1,"108-80-190-193-31-73-54-117-198-135-112-121-51-169-132-13-168-195-145-15-170-34-55-18-62-124-106-143-35-109-0-29-160-33-11-139-138-182-104-8-111-82-77-21-177-5-78-175-36-61-141-97-187-153-163-89-127-137-103-113-176-194-166-86-185-95-183-130-99-22-179-172-66-94-47-148-60-20-28-149-4-140-152-155-3-70-188-6-147-191-90-122-133-10-107-40-63-38-27-1"
197,48793,100,24028,72821,2,"58-111-8-104-182-138-11-168-195-13-145-15-155-3-70-132-169-188-6-147-191-122-133-10-107-40-63-135-90-51-121-1-38-27-198-117-193-80-190-73-31-54-112-139-33-160-29-0-109-35-143-34-55-18-62-124-106-86-185-22-99-130-95-183-140-152-53-4-149-28-20-60-148-47-94-66-179-172-166-194-176-113-103-137-127-89-163-187-153-77-97-141-36-61-175-78-5-177-21-82"
198,47894,100,23893,71787,2,"27-63-40-107-10-133-122-90-191-147-6-188-70-3-155-152-140-4-149-28-20-60-148-47-94-66-172-179-22-99-130-183-95-185-86-166-194-176-113-103-114-137-127-89-163-153-187-97-141-61-36-175-78-5-177-21-77-82-111-8-104-182-138-139-11-33-160-29-0-109-35-143-106-124-62-18-55-34-170-15-145-195-168-13-132-169-51-121-112-54-31-73-80-190-193-117-198-1-135-38"
199,49782,100,25512,75294,2,"60-148-47-94-66-172-179-185-22-99-130-95-86-166-194-113-103-114-137-127-89-163-187-97-141-61-36-175-78-5-177-21-104-8-111-82-77-153-176-106-143-35-0-160-33-138-182-11-139-168-51-112-54-31-73-80-190-193-117-198-27-38-1-121-90-135-63-40-107-10-133-122-191-147-6-188-169-132-13-195-145-70-3-15-155-29-109-124-62-18-55-34-152-53-183-140-4-149-28-20"
200,50633,100,25977,76610,2,"52-166-194-113-103-137-127-89-163-187-97-141-61-36-175-78-5-177-21-104-8-111-82-77-153-176-86-130-95-106-143-35-0-160-33-138-182-11-139-168-51-112-54-31-73-80-190-193-117-198-27-38-1-121-90-135-63-40-107-10-133-122-191-147-6-188-169-132-13-195-145-70-3-15-155-29-109-124-62-18-55-34-152-53-183-140-4-149-28-20-60-148-47-94-66-99-22-185-179-172"
