SolutionID,TotalCost,NumNodes,TotalDistance,ObjectiveFunction,TotalRunningTime,Cycle
1,48498,100,19410,67908,46,"0-35-109-29-168-195-145-15-3-70-161-13-132-169-188-6-147-134-74-118-98-51-120-191-90-125-121-131-122-135-63-38-27-16-1-156-198-117-193-54-31-164-73-136-190-80-162-175-78-142-45-5-177-36-61-91-141-97-146-187-165-127-89-103-113-194-166-179-185-130-95-86-183-140-152-170-34-55-18-62-124-106-176-163-153-81-77-21-82-111-144-8-104-138-182-139-11-49-33-160"
2,48498,100,19410,67908,21,"1-16-27-38-63-135-122-131-121-125-90-191-120-51-98-118-74-134-147-6-188-169-132-13-161-70-3-15-145-195-168-29-109-35-0-160-33-49-11-139-182-138-104-8-144-111-82-21-77-81-153-163-176-106-124-62-18-55-34-170-152-140-183-86-95-130-185-179-166-194-113-103-89-127-165-187-146-97-141-91-61-36-177-5-45-142-78-175-162-80-190-136-73-164-31-54-193-117-198-156"
3,49288,100,20242,69530,22,"2-134-74-118-121-51-191-90-131-151-54-31-193-117-198-156-1-16-27-38-135-63-100-40-107-72-122-133-10-115-147-6-188-169-132-13-70-3-15-145-195-168-29-109-35-0-111-81-153-163-176-106-124-62-18-55-34-170-152-140-183-86-95-130-99-22-185-179-166-194-113-103-89-127-165-187-146-97-77-141-91-61-36-175-78-142-45-5-177-21-82-8-104-144-160-33-138-182-11-139"
4,51725,100,18633,70358,18,"3-70-161-188-6-169-132-13-195-168-43-134-139-11-182-138-33-160-144-56-104-8-82-87-21-177-5-45-142-78-175-36-61-91-141-77-97-146-187-165-127-89-103-137-114-113-194-166-52-172-179-185-22-99-130-95-86-183-140-199-9-148-47-66-94-60-20-59-28-149-4-152-170-34-55-18-62-128-124-143-159-106-64-176-180-163-186-153-81-50-111-29-0-35-109-69-189-155-145-15"
5,51368,100,19095,70463,18,"4-152-170-184-155-189-3-70-15-145-13-132-169-188-6-126-195-168-43-139-11-182-138-104-56-8-25-177-5-45-142-78-175-36-61-91-21-87-82-111-144-33-160-29-0-109-35-143-159-106-124-62-18-34-55-83-128-86-176-180-129-153-81-77-141-97-146-187-165-163-89-127-137-114-103-26-113-194-166-52-172-179-185-22-99-130-95-183-140-199-9-148-47-66-94-60-20-59-28-149"
6,53187,100,19955,73142,105,"5-45-142-175-78-177-36-61-91-141-97-146-187-165-127-89-103-113-194-166-179-185-130-95-86-124-106-176-163-153-81-77-58-21-82-8-104-56-144-111-35-109-0-29-160-33-49-11-134-74-118-121-51-120-191-90-125-131-112-19-151-54-73-31-193-117-198-156-1-16-27-38-135-63-100-40-107-72-122-133-10-115-147-192-6-188-169-132-13-161-70-3-15-145-195-168-139-138-182-25"
7,49468,100,20517,69985,21,"6-192-147-115-10-133-122-72-107-40-100-63-135-38-27-16-1-156-198-117-193-31-73-54-151-131-90-191-51-121-118-74-134-43-139-11-182-138-33-160-144-104-8-82-21-177-5-45-142-78-175-36-61-91-141-77-146-187-165-127-89-103-113-194-166-179-185-99-130-95-86-183-140-152-170-34-55-18-62-124-106-176-163-153-81-111-29-0-35-109-168-195-145-15-3-70-13-132-169-188"
8,49529,100,20977,70506,18,"7-175-78-142-45-5-177-21-82-8-104-138-182-139-168-195-145-15-3-70-13-132-169-188-6-147-115-10-133-122-72-107-40-63-135-38-27-16-1-156-198-117-193-31-54-151-131-90-51-121-118-74-134-11-33-160-29-0-109-35-111-81-153-163-176-106-124-62-18-55-34-170-152-140-183-86-95-130-99-22-185-179-172-166-194-113-114-137-103-89-127-165-187-146-97-77-141-91-61-36"
9,49191,100,20990,70181,21,"8-104-138-182-139-168-195-145-15-3-70-13-132-169-188-6-147-115-10-133-122-72-107-40-100-63-135-38-27-16-1-156-198-117-193-31-54-151-131-90-51-121-118-74-134-11-33-160-29-0-109-35-111-81-153-163-176-106-124-62-18-55-34-170-152-140-183-86-95-130-99-22-185-179-172-166-194-113-114-137-103-89-127-165-187-146-97-77-141-91-61-36-175-78-142-45-5-177-21-82"
10,51179,100,19002,70181,26,"9-183-140-152-170-184-155-189-3-70-15-145-13-132-169-188-6-126-195-168-43-139-11-182-138-104-56-8-25-177-5-45-142-78-175-36-61-79-91-21-87-82-111-144-33-160-29-0-109-35-143-159-106-124-128-62-18-34-55-95-86-176-180-129-153-81-77-141-97-146-187-165-163-89-127-137-114-103-26-113-194-166-185-130-99-22-179-172-57-66-94-47-148-60-20-59-28-149-4-199"
11,48877,100,20437,69314,5,"10-115-147-6-188-169-132-13-70-3-15-145-195-168-29-109-35-0-111-81-153-163-176-106-124-62-18-55-34-170-152-140-183-86-95-130-99-22-185-179-172-166-194-113-114-103-89-127-165-187-146-97-77-141-91-61-36-175-78-142-45-5-177-21-82-8-104-144-160-33-11-139-138-182-25-158-121-51-191-90-131-151-54-31-193-117-198-156-1-16-27-38-135-63-100-40-107-72-122-133"
12,51749,100,18657,70406,5,"11-139-134-43-168-195-13-132-169-6-188-161-70-3-15-145-155-189-69-29-109-35-0-111-50-81-153-186-163-180-176-64-106-159-143-124-128-62-18-55-34-170-152-4-149-28-59-20-60-94-66-47-148-9-199-140-183-86-95-130-99-22-185-179-172-52-166-194-113-114-137-103-89-127-165-187-146-97-77-141-91-61-36-175-78-142-45-5-177-21-87-82-8-104-56-144-160-33-138-182"
13,51898,100,18680,70578,5,"12-111-50-81-153-186-163-180-176-64-106-159-143-124-128-62-18-55-34-170-152-4-149-28-59-20-60-94-66-47-148-9-199-140-183-86-95-130-99-22-185-179-172-166-194-113-114-137-103-89-127-165-187-146-97-77-141-91-61-36-175-78-142-45-5-177-21-87-82-8-104-56-144-160-33-138-182-11-139-134-43-168-195-13-132-169-6-188-161-70-3-15-145-155-189-69-29-109-35-0"
14,51748,100,18457,70205,4,"13-132-169-188-6-126-195-168-43-139-11-182-138-33-160-144-56-104-8-82-87-21-177-5-45-142-78-175-36-61-91-141-77-97-146-187-165-127-89-103-137-114-113-194-166-52-172-179-185-22-99-130-95-86-183-140-199-9-148-47-66-94-60-20-59-28-149-4-152-170-34-55-18-62-128-124-143-159-106-64-176-180-163-186-153-81-50-111-29-0-35-109-69-189-184-155-3-70-15-145"
15,49075,100,20252,69327,4,"14-77-81-153-187-163-89-127-137-114-103-26-113-176-194-166-86-185-179-172-57-66-94-47-148-60-20-59-28-149-4-199-9-99-130-95-183-140-152-170-34-55-18-62-128-124-106-143-35-109-29-0-160-33-11-134-74-118-121-51-90-131-151-54-31-193-117-198-156-1-16-27-38-135-63-40-122-133-10-115-147-6-188-169-132-13-70-3-15-145-195-168-139-182-138-104-8-21-82-111"
16,51725,100,18633,70358,6,"15-3-70-161-188-6-169-132-13-195-168-43-134-139-11-182-138-33-160-144-56-104-8-82-87-21-177-5-45-142-78-175-36-61-91-141-77-97-146-187-165-127-89-103-137-114-113-194-166-52-172-179-185-22-99-130-95-86-183-140-199-9-148-47-66-94-60-20-59-28-149-4-152-170-34-55-18-62-128-124-143-159-106-64-176-180-163-186-153-81-50-111-29-0-35-109-69-189-155-145"
17,48498,100,19410,67908,5,"16-27-38-63-135-122-131-121-125-90-191-120-51-98-118-74-134-147-6-188-169-132-13-161-70-3-15-145-195-168-29-109-35-0-160-33-49-11-139-182-138-104-8-144-111-82-21-77-81-153-163-176-106-124-62-18-55-34-170-152-140-183-86-95-130-185-179-166-194-113-103-89-127-165-187-146-97-141-91-61-36-177-5-45-142-78-175-162-80-190-136-73-164-31-54-193-117-198-156-1"
18,50103,100,20747,70850,4,"17-133-10-122-90-125-51-71-147-6-188-169-132-13-70-3-15-145-195-168-29-109-35-0-111-50-81-153-163-180-176-106-124-128-62-18-55-34-170-152-140-183-86-95-130-99-22-185-179-172-166-194-113-114-137-103-89-127-165-187-146-97-77-141-91-61-36-175-78-142-45-5-177-21-87-82-8-104-144-160-33-11-139-138-182-25-158-121-131-54-31-117-1-38-135-102-63-100-40-107"
19,51009,100,17976,68985,5,"18-62-124-106-159-143-35-0-29-109-111-50-81-153-186-163-103-89-127-114-137-165-187-146-97-77-141-91-79-61-36-175-78-142-45-5-177-21-87-82-8-104-56-144-160-33-138-182-11-139-43-168-195-126-6-188-169-132-13-145-15-70-3-189-155-184-170-152-4-149-28-59-20-60-94-66-47-148-9-199-140-183-95-130-99-22-185-179-172-52-166-194-113-180-176-86-128-83-34-55"
20,51228,100,20046,71274,7,"19-112-121-51-120-191-90-125-131-151-54-73-31-193-117-198-156-1-16-27-38-135-63-100-40-107-72-122-133-10-115-147-192-6-188-169-132-13-161-70-3-15-145-195-168-29-109-35-0-160-33-49-11-139-182-138-104-8-144-111-82-21-77-81-153-163-176-106-124-62-18-55-183-86-95-130-185-179-166-194-113-103-89-127-165-187-146-97-141-91-61-36-175-78-142-45-5-177-25-158"
21,51920,100,18901,70821,5,"20-60-94-66-47-148-9-183-174-34-55-18-62-181-95-130-99-22-179-185-86-166-194-113-26-103-114-137-127-89-163-165-187-146-97-141-77-81-153-129-180-176-64-128-124-106-159-143-35-109-0-29-160-33-144-111-82-87-21-91-79-61-36-175-78-142-45-5-177-25-8-56-104-138-182-11-139-43-168-195-126-6-188-169-132-13-145-15-70-3-189-155-184-170-152-140-4-149-28-59"
22,49191,100,20990,70181,4,"21-82-8-104-138-182-139-168-195-145-15-3-70-13-132-169-188-6-147-115-10-133-122-72-107-40-100-63-135-38-27-16-1-156-198-117-193-31-54-151-131-90-51-121-118-74-134-11-33-160-29-0-109-35-111-81-153-163-176-106-124-62-18-55-34-170-152-140-183-86-95-130-99-22-185-179-172-166-194-113-114-137-103-89-127-165-187-146-97-77-141-91-61-36-175-78-142-45-5-177"
23,49859,100,21345,71204,5,"22-99-185-130-95-86-166-194-113-176-128-62-124-106-143-119-153-81-77-141-91-61-36-175-78-142-45-5-177-21-82-8-111-144-104-138-182-139-11-33-160-35-0-29-109-69-189-168-195-43-134-74-118-121-51-90-131-54-31-117-1-38-135-63-122-133-10-115-147-6-188-169-132-13-145-15-70-3-155-184-34-18-55-170-152-183-140-4-149-28-59-20-60-148-47-94-66-57-172-179"
24,51929,100,19155,71084,3,"23-20-59-28-149-4-199-140-183-174-152-170-34-55-18-62-109-29-69-189-155-145-15-3-70-161-188-6-169-132-13-195-168-43-134-139-11-182-138-33-160-144-56-104-8-171-25-177-5-45-142-78-175-36-61-79-91-21-87-82-111-0-35-143-124-106-119-81-77-141-97-153-187-165-163-89-127-137-114-103-26-180-176-113-194-166-86-95-130-99-22-185-179-172-57-66-94-47-148-60"
25,49580,100,18980,68560,4,"24-1-16-27-38-63-135-122-131-121-125-90-191-120-51-98-118-74-134-147-6-188-169-132-13-161-70-3-15-145-195-168-43-139-11-182-138-33-160-29-0-109-35-111-144-56-104-8-82-21-58-77-81-153-163-176-106-124-62-18-55-152-183-86-95-130-185-179-166-194-113-103-89-127-165-187-146-97-141-91-61-36-177-5-45-142-78-175-162-80-190-136-73-164-31-54-193-117-198-156"
26,53060,100,19828,72888,5,"25-182-138-139-168-195-145-15-3-70-161-13-132-169-188-6-192-147-115-10-133-122-72-107-40-100-63-135-38-27-16-1-156-198-117-193-31-73-54-151-19-112-131-125-90-191-120-51-121-118-74-134-11-49-33-160-29-0-109-35-111-144-56-104-8-82-21-58-77-81-153-163-176-106-124-86-95-130-185-179-166-194-113-103-89-127-165-187-146-97-141-91-61-36-175-78-142-45-5-177"
27,47898,100,20821,68719,4,"26-113-176-194-166-86-185-179-172-57-66-94-47-148-60-20-59-28-149-4-199-9-99-130-95-183-140-152-170-34-55-18-62-128-124-106-143-35-109-0-29-160-33-11-134-74-118-121-51-90-131-117-1-38-135-63-122-133-10-115-147-6-188-169-132-13-70-3-15-145-195-168-139-182-138-104-8-111-82-21-177-5-45-142-78-175-36-61-91-141-77-81-153-187-163-89-127-137-114-103"
28,50303,100,18904,69207,5,"27-16-1-156-198-117-193-31-73-54-151-19-112-121-158-25-177-5-45-142-78-175-36-61-91-141-97-146-187-165-127-89-103-113-194-166-179-185-130-95-86-183-140-152-55-18-62-124-106-176-163-153-81-77-58-21-82-8-104-56-144-111-35-109-0-29-160-33-138-182-11-139-43-168-195-145-15-3-70-161-13-132-169-188-6-192-147-71-120-51-125-90-191-178-10-133-122-135-63-38"
29,51368,100,19095,70463,4,"28-59-20-60-94-66-47-148-9-199-140-183-95-130-99-22-185-179-172-52-166-194-113-26-103-114-137-127-89-163-165-187-146-97-141-77-81-153-129-180-176-86-128-83-55-34-18-62-124-106-159-143-35-109-0-29-160-33-144-111-82-87-21-91-61-36-175-78-142-45-5-177-25-8-56-104-138-182-11-139-43-168-195-126-6-188-169-132-13-145-15-70-3-189-155-184-170-152-4-149"
30,51749,100,18657,70406,4,"29-109-35-0-111-50-81-153-186-163-180-176-64-106-159-143-124-128-62-18-55-34-170-152-4-149-28-59-20-60-94-66-47-148-9-199-140-183-86-95-130-99-22-185-179-172-52-166-194-113-114-137-103-89-127-165-187-146-97-77-141-91-61-36-175-78-142-45-5-177-21-87-82-8-104-56-144-160-33-138-182-11-139-134-43-168-195-13-132-169-6-188-161-70-3-15-145-155-189-69"
31,48865,100,19457,68322,5,"30-198-117-193-54-31-164-73-136-190-80-162-175-78-142-45-5-177-36-61-91-141-97-146-187-165-127-89-103-113-194-166-179-185-130-95-86-183-140-152-34-55-18-62-124-106-176-163-153-81-77-21-82-111-144-8-104-138-182-139-11-49-33-160-0-35-109-29-168-195-145-15-3-70-161-13-132-169-188-6-147-134-74-118-98-51-120-191-90-125-121-131-122-135-63-38-27-16-1-156"
32,50417,100,19174,69591,4,"31-54-193-117-198-156-1-16-27-38-63-135-122-133-10-115-147-71-51-191-90-125-131-121-116-158-25-182-138-139-168-195-145-15-3-70-161-13-132-169-188-6-134-11-49-33-160-29-0-109-35-111-144-56-104-8-82-21-58-77-81-153-163-176-106-124-62-18-55-86-95-130-185-179-166-194-113-103-89-127-165-187-146-97-141-91-61-36-177-5-45-142-78-175-162-80-190-136-73-164"
33,52019,100,18806,70825,6,"32-63-100-40-107-72-122-133-10-178-191-90-125-51-120-71-147-192-6-188-169-132-13-161-70-3-15-145-195-168-43-139-11-182-138-33-160-29-0-109-35-111-144-56-104-8-82-21-58-77-81-153-163-176-106-124-62-86-95-130-185-179-166-194-113-103-89-127-165-187-146-97-141-91-61-36-175-78-142-45-5-177-25-158-116-121-131-151-54-73-31-193-117-198-156-1-16-27-38-135"
34,51749,100,18657,70406,7,"33-138-182-11-139-134-43-168-195-13-132-169-6-188-161-70-3-15-145-155-189-69-29-109-35-0-111-50-81-153-186-163-180-176-64-106-159-143-124-128-62-18-55-34-170-152-4-149-28-59-20-60-94-66-47-148-9-199-140-183-86-95-130-99-22-185-179-172-52-166-194-113-114-137-103-89-127-165-187-146-97-77-141-91-61-36-175-78-142-45-5-177-21-87-82-8-104-56-144-160"
35,51009,100,17976,68985,5,"34-55-18-62-124-106-159-143-35-0-29-109-111-50-81-153-186-163-103-89-127-114-137-165-187-146-97-77-141-91-79-61-36-175-78-142-45-5-177-21-87-82-8-104-56-144-160-33-138-182-11-139-43-168-195-126-6-188-169-132-13-145-15-70-3-189-155-184-170-152-4-149-28-59-20-60-94-66-47-148-9-199-140-183-95-130-99-22-185-179-172-52-166-194-113-180-176-86-128-83"
36,51749,100,18657,70406,4,"35-109-29-69-189-155-145-15-3-70-161-188-6-169-132-13-195-168-43-134-139-11-182-138-33-160-144-56-104-8-82-87-21-177-5-45-142-78-175-36-61-91-141-77-97-146-187-165-127-89-103-137-114-113-194-166-52-172-179-185-22-99-130-95-86-183-140-199-9-148-47-66-94-60-20-59-28-149-4-152-170-34-55-18-62-128-124-143-159-106-64-176-180-163-186-153-81-50-111-0"
37,49191,100,20990,70181,5,"36-175-78-142-45-5-177-21-82-8-104-138-182-139-168-195-145-15-3-70-13-132-169-188-6-147-115-10-133-122-72-107-40-100-63-135-38-27-16-1-156-198-117-193-31-54-151-131-90-51-121-118-74-134-11-33-160-29-0-109-35-111-81-153-163-176-106-124-62-18-55-34-170-152-140-183-86-95-130-99-22-185-179-172-166-194-113-114-137-103-89-127-165-187-146-97-77-141-91-61"
38,49684,100,21125,70809,4,"37-35-109-29-0-160-33-11-134-74-118-121-51-90-131-151-54-31-193-117-198-156-1-16-27-38-135-63-40-107-72-122-133-10-115-147-6-188-169-132-13-70-3-15-145-195-168-139-182-138-104-8-82-21-177-5-45-142-78-175-36-61-91-141-77-97-146-187-165-127-89-103-137-114-113-194-166-172-179-185-22-99-130-95-86-183-140-152-170-34-55-18-62-124-106-176-163-153-81-111"
39,50303,100,18904,69207,4,"38-27-16-1-156-198-117-193-31-73-54-151-19-112-121-158-25-177-5-45-142-78-175-36-61-91-141-97-146-187-165-127-89-103-113-194-166-179-185-130-95-86-183-140-152-55-18-62-124-106-176-163-153-81-77-58-21-82-8-104-56-144-111-35-109-0-29-160-33-138-182-11-139-43-168-195-145-15-3-70-161-13-132-169-188-6-192-147-71-120-51-125-90-191-178-10-133-122-135-63"
40,51917,100,18829,70746,7,"39-160-33-144-111-41-81-153-186-163-180-176-64-106-159-143-124-128-62-18-55-34-170-152-4-149-28-59-20-60-94-66-47-148-9-199-140-183-86-95-130-99-22-185-179-172-166-194-113-114-137-103-89-127-165-187-146-97-77-141-91-61-36-175-78-142-45-5-177-21-87-82-8-56-104-138-182-11-139-134-43-168-195-13-132-169-6-188-161-70-3-15-145-155-189-69-29-109-35-0"
41,50012,100,20757,70769,6,"40-107-72-133-10-122-90-125-51-71-147-6-188-169-132-13-70-3-15-145-195-168-29-109-35-0-111-50-81-153-163-180-176-106-124-128-62-18-55-34-170-152-140-183-86-95-130-99-22-185-179-172-166-194-113-114-137-103-89-127-165-187-146-97-77-141-91-61-36-175-78-142-45-5-177-21-87-82-8-104-144-160-33-11-139-138-182-25-158-121-131-54-31-117-1-38-135-102-63-100"
42,48918,100,20305,69223,7,"41-81-77-141-97-153-187-163-89-127-137-114-103-26-113-176-194-166-86-185-179-172-57-66-94-47-148-60-20-59-28-149-4-199-9-99-130-95-183-140-152-170-34-55-18-62-128-124-106-143-35-109-29-0-160-33-11-134-74-118-121-51-90-131-151-54-31-193-117-198-156-1-27-38-135-63-122-133-10-115-147-6-188-169-132-13-70-3-15-145-195-168-139-182-138-104-8-21-82-111"
43,49607,100,19260,68867,4,"42-156-198-117-193-54-31-164-73-136-190-80-162-175-78-142-45-5-177-36-61-91-141-97-146-187-165-127-89-103-113-194-166-179-185-130-95-86-183-152-55-18-62-124-106-176-163-153-81-77-58-21-82-8-104-56-144-111-35-109-0-29-160-33-138-182-11-139-43-168-195-145-15-3-70-161-13-132-169-188-6-147-134-74-118-98-51-120-191-90-125-121-131-122-135-63-38-27-16-1"
44,51748,100,18457,70205,3,"43-139-11-182-138-33-160-144-56-104-8-82-87-21-177-5-45-142-78-175-36-61-91-141-77-97-146-187-165-127-89-103-137-114-113-194-166-52-172-179-185-22-99-130-95-86-183-140-199-9-148-47-66-94-60-20-59-28-149-4-152-170-34-55-18-62-128-124-143-159-106-64-176-180-163-186-153-81-50-111-29-0-35-109-69-189-184-155-3-70-15-145-13-132-169-188-6-126-195-168"
45,51029,100,20152,71181,6,"44-133-10-178-191-90-125-51-71-147-6-188-169-132-13-70-3-15-145-195-168-29-109-35-0-111-50-81-153-163-180-176-106-124-128-62-18-55-34-170-152-140-183-86-95-130-99-22-185-179-172-166-194-113-114-137-103-89-127-165-187-146-97-77-141-91-61-36-175-78-142-45-5-177-21-87-82-8-104-144-160-33-11-139-138-182-25-158-121-131-1-38-135-102-63-100-40-107-72-122"
46,50475,100,19232,69707,7,"45-142-175-78-5-177-36-61-91-141-97-146-187-165-127-89-103-113-194-166-179-185-130-95-86-55-18-62-124-106-176-163-153-81-77-58-21-82-8-104-56-144-111-35-109-0-29-160-33-49-11-134-6-188-169-132-13-161-70-3-15-145-195-168-139-138-182-25-158-116-121-131-125-90-191-51-71-147-115-10-133-122-135-63-38-27-16-1-156-198-117-54-31-193-164-73-136-190-80-162"
47,49471,100,20982,70453,7,"46-80-190-193-117-54-31-73-136-45-5-177-21-82-8-104-138-182-139-168-195-145-15-3-70-13-132-169-188-6-147-115-10-133-122-72-107-40-100-63-102-135-131-90-191-51-121-118-74-134-11-33-160-29-0-109-35-111-81-153-163-180-176-106-124-62-18-55-34-170-152-140-183-86-95-130-99-22-185-179-172-166-194-113-114-137-103-89-127-165-187-146-97-77-141-91-61-36-78-175"
48,51110,100,18835,69945,5,"47-94-66-57-172-179-22-99-130-185-166-194-113-26-103-114-137-127-89-163-165-187-146-97-141-77-81-153-129-180-176-86-95-55-34-18-62-128-124-106-159-143-35-109-0-29-160-33-144-111-82-87-21-91-79-61-36-175-78-142-45-5-177-25-8-56-104-138-182-11-139-43-168-195-126-6-188-169-132-13-145-15-161-70-3-189-155-184-170-152-183-140-199-4-149-28-59-20-60-148"
49,48650,100,20812,69462,4,"48-194-176-113-26-103-114-137-127-89-163-187-153-81-77-141-91-61-36-175-78-142-45-5-177-21-82-111-8-104-138-182-139-168-195-145-15-3-70-13-132-169-188-6-147-115-10-133-122-63-135-38-1-131-90-51-121-118-74-134-11-33-160-29-0-109-35-143-106-124-128-62-18-55-34-170-152-140-183-95-130-99-9-199-4-149-28-59-20-60-148-47-94-66-57-172-179-185-86-166"
50,49238,100,21139,70377,4,"49-29-109-35-0-111-81-153-163-176-106-124-62-18-55-34-170-152-140-183-86-95-130-99-22-185-179-172-166-194-113-114-137-103-89-127-165-187-146-97-77-141-91-61-36-175-78-142-45-5-177-21-82-8-104-144-160-33-138-182-139-168-195-145-15-3-70-13-132-169-188-6-147-115-10-133-122-107-40-63-135-38-27-16-1-156-198-117-193-31-54-151-131-90-51-121-118-74-134-11"
51,49526,100,21005,70531,6,"50-111-35-109-0-29-160-33-11-134-74-118-121-51-90-131-151-54-31-193-117-198-156-1-16-27-38-135-63-40-107-72-122-133-10-115-147-6-188-169-132-13-70-3-15-145-195-168-139-182-138-104-8-82-21-177-5-45-142-78-175-36-61-91-141-77-97-146-187-165-127-89-103-137-114-113-194-166-172-179-185-22-99-130-95-86-183-140-152-170-34-55-18-62-124-106-176-163-153-81"
52,48877,100,20437,69314,7,"51-191-90-131-151-54-31-193-117-198-156-1-16-27-38-135-63-100-40-107-72-122-133-10-115-147-6-188-169-132-13-70-3-15-145-195-168-29-109-35-0-111-81-153-163-176-106-124-62-18-55-34-170-152-140-183-86-95-130-99-22-185-179-172-166-194-113-114-103-89-127-165-187-146-97-77-141-91-61-36-175-78-142-45-5-177-21-82-8-104-144-160-33-11-139-138-182-25-158-121"
53,50419,100,20226,70645,8,"52-166-194-113-103-180-176-86-128-124-106-143-119-153-81-77-141-91-61-36-175-78-142-45-5-177-21-82-8-111-144-56-104-138-182-139-168-195-145-15-3-70-13-132-169-188-6-147-115-10-133-122-72-107-40-100-63-135-38-27-16-1-156-198-117-193-31-73-54-151-131-90-191-51-121-118-74-134-11-33-160-35-0-29-109-34-55-18-62-170-152-140-183-95-130-99-22-185-179-172"
54,51113,100,18073,69186,6,"53-152-4-149-28-59-20-60-94-66-47-148-9-199-140-183-95-130-99-22-185-179-172-52-166-194-113-180-176-86-128-83-55-34-18-62-124-106-159-143-35-0-29-109-111-50-81-153-186-163-103-89-127-114-137-165-187-146-97-77-141-91-61-36-175-78-142-45-5-177-21-87-82-8-104-56-144-160-33-138-182-11-139-43-168-195-126-6-188-169-132-13-145-15-70-3-189-155-184-170"
55,50417,100,19174,69591,3,"54-193-117-198-156-1-16-27-38-63-135-122-133-10-115-147-71-51-191-90-125-131-121-116-158-25-182-138-139-168-195-145-15-3-70-161-13-132-169-188-6-134-11-49-33-160-29-0-109-35-111-144-56-104-8-82-21-58-77-81-153-163-176-106-124-62-18-55-86-95-130-185-179-166-194-113-103-89-127-165-187-146-97-141-91-61-36-177-5-45-142-78-175-162-80-190-136-73-164-31"
56,51009,100,17976,68985,6,"55-18-62-124-106-159-143-35-0-29-109-111-50-81-153-186-163-103-89-127-114-137-165-187-146-97-77-141-91-79-61-36-175-78-142-45-5-177-21-87-82-8-104-56-144-160-33-138-182-11-139-43-168-195-126-6-188-169-132-13-145-15-70-3-189-155-184-170-152-4-149-28-59-20-60-94-66-47-148-9-199-140-183-95-130-99-22-185-179-172-52-166-194-113-180-176-86-128-83-34"
57,49321,100,21017,70338,7,"56-104-138-182-139-168-195-145-15-3-70-13-132-169-188-6-147-115-10-133-122-72-107-40-63-135-38-27-16-1-156-198-117-193-31-54-151-131-90-51-121-118-74-134-11-33-160-29-109-0-35-111-81-153-163-176-106-124-62-18-55-34-170-152-140-183-86-95-130-99-22-185-179-172-166-194-113-114-137-103-89-127-165-187-146-97-77-141-91-61-36-175-78-142-45-5-177-21-82-8"
58,48379,100,20737,69116,6,"57-66-94-47-148-60-20-59-28-149-4-199-9-99-22-179-185-86-95-130-183-140-152-170-34-55-18-62-128-124-106-143-35-109-0-29-160-33-11-134-74-118-121-51-90-131-1-38-135-63-122-133-10-115-147-6-188-169-132-13-70-3-15-145-195-168-139-182-138-104-8-111-82-21-177-5-45-142-78-175-36-61-91-141-77-81-153-187-163-89-127-137-114-103-26-113-176-194-166-172"
59,49805,100,21322,71127,4,"58-82-8-104-138-182-139-168-195-145-15-3-70-13-132-169-188-6-147-115-10-133-122-72-107-40-63-135-38-27-16-1-156-198-117-193-31-54-151-131-90-51-121-118-74-134-11-33-160-29-0-109-35-111-81-153-163-176-106-124-62-18-55-34-170-152-140-183-86-95-130-99-22-185-179-172-166-194-113-114-137-103-89-127-165-187-146-97-77-141-91-36-61-175-78-142-45-5-177-21"
60,51920,100,18901,70821,3,"59-20-60-94-66-47-148-9-183-174-34-55-18-62-181-95-130-99-22-179-185-86-166-194-113-26-103-114-137-127-89-163-165-187-146-97-141-77-81-153-129-180-176-64-128-124-106-159-143-35-109-0-29-160-33-144-111-82-87-21-91-79-61-36-175-78-142-45-5-177-25-8-56-104-138-182-11-139-43-168-195-126-6-188-169-132-13-145-15-70-3-189-155-184-170-152-140-4-149-28"
61,51831,100,19175,71006,5,"60-20-59-28-149-4-199-140-183-174-152-170-34-55-18-62-109-29-69-189-155-145-15-3-70-161-188-6-169-132-13-195-168-43-134-139-11-182-138-33-160-144-56-104-8-171-25-177-5-45-142-78-175-36-61-79-91-21-87-82-111-0-35-143-159-124-106-119-81-77-141-97-153-187-165-163-89-127-137-114-103-26-180-176-113-194-166-86-95-130-99-22-185-179-172-57-66-94-47-148"
62,49320,100,21119,70439,3,"61-175-78-142-45-5-177-21-82-8-104-138-182-139-168-195-145-15-3-70-13-132-169-188-6-147-115-10-133-122-72-107-40-100-63-135-38-27-16-1-156-198-117-193-31-54-151-131-90-51-121-118-74-134-11-33-160-29-0-109-35-111-81-153-163-176-106-124-62-18-55-34-170-152-140-183-86-95-130-99-22-185-179-172-166-194-113-114-137-103-89-127-165-187-146-97-77-141-91-36"
63,51009,100,17976,68985,7,"62-124-106-159-143-35-0-29-109-111-50-81-153-186-163-103-89-127-114-137-165-187-146-97-77-141-91-79-61-36-175-78-142-45-5-177-21-87-82-8-104-56-144-160-33-138-182-11-139-43-168-195-126-6-188-169-132-13-145-15-70-3-189-155-184-170-152-4-149-28-59-20-60-94-66-47-148-9-199-140-183-95-130-99-22-185-179-172-52-166-194-113-180-176-86-128-83-34-55-18"
64,51990,100,18842,70832,7,"63-100-40-107-72-122-133-10-178-191-90-125-51-120-71-147-192-6-188-169-132-13-161-70-3-15-145-195-168-43-139-11-182-138-33-160-29-0-109-35-111-144-56-104-8-82-21-58-77-81-153-163-176-106-124-62-86-95-130-185-179-166-194-113-103-89-127-165-187-146-97-141-91-61-36-175-78-142-45-5-177-25-158-116-121-131-151-54-73-31-193-117-198-156-1-16-27-38-135-102"
65,51335,100,18134,69469,6,"64-106-159-143-35-0-29-109-111-50-81-153-186-163-103-89-127-114-137-165-187-146-97-77-141-91-61-36-175-78-142-45-5-177-21-87-82-8-104-56-144-160-33-138-182-11-139-43-168-195-126-6-188-169-132-13-145-15-70-3-189-155-184-170-152-4-149-28-59-20-60-94-66-47-148-9-199-140-183-174-34-55-18-62-124-128-86-95-130-99-22-185-179-172-52-166-194-113-180-176"
66,51874,100,18641,70515,3,"65-188-6-169-132-13-195-168-43-134-139-11-182-138-33-160-144-56-104-8-82-87-21-177-5-45-142-78-175-36-61-91-141-77-97-146-187-165-127-89-103-137-114-113-194-166-172-179-185-22-99-130-95-86-183-140-199-9-148-47-66-94-60-20-59-28-149-4-152-170-34-55-18-62-128-124-143-159-106-64-176-180-163-186-153-81-50-111-29-0-35-109-69-189-155-145-15-3-70-161"
67,49821,100,21307,71128,5,"66-57-172-179-185-22-99-130-95-86-166-194-113-176-128-62-124-106-143-119-153-81-77-141-91-61-36-175-78-142-45-5-177-21-82-8-111-144-104-138-182-139-11-33-160-35-0-29-109-69-189-168-195-43-134-74-118-121-51-90-131-54-31-117-1-38-135-63-122-133-10-115-147-6-188-169-132-13-145-15-70-3-155-184-34-18-55-170-152-183-140-4-149-28-59-20-60-148-47-94"
68,50656,100,20880,71536,4,"67-147-6-188-169-132-13-70-3-15-145-195-168-29-109-35-0-111-50-81-153-163-180-176-106-124-128-62-18-55-34-170-152-140-183-86-95-130-99-22-185-179-172-166-194-113-114-137-103-89-127-165-187-146-97-77-141-91-61-36-175-78-142-45-5-177-21-87-82-8-104-144-160-33-11-139-138-182-25-74-118-98-51-121-131-31-117-1-38-135-102-63-100-40-107-72-133-122-90-191"
69,54296,100,19699,73995,4,"68-82-21-58-77-81-153-163-176-106-124-86-95-130-185-179-166-194-113-103-89-127-165-187-146-97-141-91-61-36-175-78-142-45-5-177-171-8-104-138-182-139-168-195-145-15-3-70-161-13-132-169-188-6-192-147-115-10-133-122-72-107-40-100-63-135-38-27-16-1-156-198-117-193-31-73-54-151-19-112-131-125-90-191-120-51-121-118-74-134-11-49-33-160-29-0-109-35-37-111"
70,52475,100,18615,71090,3,"69-29-145-15-3-70-161-188-6-169-132-13-195-168-43-134-139-11-182-138-33-160-144-56-104-8-82-87-21-177-5-45-142-78-175-36-61-79-91-141-77-97-146-187-165-127-89-103-137-114-26-113-194-166-52-172-179-185-22-99-130-95-86-183-140-199-9-148-47-66-94-60-20-59-28-149-4-152-170-34-55-18-62-128-124-143-159-106-64-176-180-163-186-153-81-50-111-0-35-109"
71,51725,100,18633,70358,4,"70-161-188-6-169-132-13-195-168-43-134-139-11-182-138-33-160-144-56-104-8-82-87-21-177-5-45-142-78-175-36-61-91-141-77-97-146-187-165-127-89-103-137-114-113-194-166-52-172-179-185-22-99-130-95-86-183-140-199-9-148-47-66-94-60-20-59-28-149-4-152-170-34-55-18-62-128-124-143-159-106-64-176-180-163-186-153-81-50-111-29-0-35-109-69-189-155-145-15-3"
72,50459,100,20832,71291,5,"71-147-6-188-169-132-13-70-3-15-145-195-168-29-109-35-0-111-50-81-153-163-180-176-106-124-128-62-18-55-34-170-152-140-183-86-95-130-99-22-185-179-172-166-194-113-114-137-103-89-127-165-187-146-97-77-141-91-61-36-175-78-142-45-5-177-21-87-82-8-104-144-160-33-11-139-138-182-25-74-118-98-51-121-131-31-117-1-38-135-102-63-100-40-107-72-133-122-90-191"
73,50012,100,20757,70769,3,"72-133-10-122-90-125-51-71-147-6-188-169-132-13-70-3-15-145-195-168-29-109-35-0-111-50-81-153-163-180-176-106-124-128-62-18-55-34-170-152-140-183-86-95-130-99-22-185-179-172-166-194-113-114-137-103-89-127-165-187-146-97-77-141-91-61-36-175-78-142-45-5-177-21-87-82-8-104-144-160-33-11-139-138-182-25-158-121-131-54-31-117-1-38-135-102-63-100-40-107"
74,50180,100,19596,69776,4,"73-54-31-193-117-198-156-1-16-27-38-63-135-122-133-10-115-147-71-51-191-90-125-131-121-116-158-25-182-138-139-168-195-145-15-3-70-161-13-132-169-188-6-134-11-49-33-160-29-0-109-35-111-144-56-104-8-82-21-58-77-81-153-163-176-106-124-62-18-55-183-86-95-130-185-179-166-194-113-103-89-127-165-187-146-97-141-91-61-36-177-5-45-142-78-175-162-80-190-136"
75,50283,100,21226,71509,4,"74-134-51-121-131-54-31-117-1-38-135-102-63-100-40-107-72-133-122-90-191-71-147-6-188-169-132-13-70-3-15-145-195-168-29-109-35-0-111-50-81-153-163-180-176-106-124-128-62-18-55-34-170-152-140-183-86-95-130-99-22-185-179-172-166-194-113-114-137-103-89-127-165-187-146-97-77-141-91-61-36-175-78-142-45-5-177-21-87-82-8-104-144-160-33-11-139-138-182-25"
76,48269,100,21229,69498,4,"75-114-113-176-194-166-86-185-179-172-57-66-94-47-148-60-20-59-28-149-4-199-9-99-130-95-183-140-152-170-34-55-18-62-128-124-106-143-35-109-0-29-160-33-11-134-74-118-121-51-90-131-117-1-38-135-63-122-133-10-115-147-6-188-169-132-13-70-3-15-145-195-168-139-182-138-104-8-111-82-21-177-5-45-142-78-175-36-61-91-141-77-81-153-187-163-103-89-127-137"
77,48556,100,21141,69697,8,"76-194-113-176-26-103-127-89-163-187-153-81-77-141-91-61-36-175-78-142-45-5-177-21-82-111-8-104-138-182-139-168-195-145-15-3-70-13-132-169-188-6-147-115-10-133-122-63-135-38-1-117-31-131-90-51-121-118-74-134-11-33-160-29-0-109-35-143-106-124-128-62-18-55-34-170-152-140-183-95-130-99-9-199-4-149-28-59-20-60-148-47-94-66-57-172-179-185-86-166"
78,49191,100,20990,70181,6,"77-97-146-187-165-127-89-103-137-114-113-194-166-172-179-185-22-99-130-95-86-183-140-152-170-34-55-18-62-124-106-176-163-153-81-111-35-109-0-29-160-33-11-134-74-118-121-51-90-131-151-54-31-193-117-198-156-1-16-27-38-135-63-100-40-107-72-122-133-10-115-147-6-188-169-132-13-70-3-15-145-195-168-139-182-138-104-8-82-21-177-5-45-142-78-175-36-61-91-141"
79,49191,100,20990,70181,5,"78-142-45-5-177-21-82-8-104-138-182-139-168-195-145-15-3-70-13-132-169-188-6-147-115-10-133-122-72-107-40-100-63-135-38-27-16-1-156-198-117-193-31-54-151-131-90-51-121-118-74-134-11-33-160-29-0-109-35-111-81-153-163-176-106-124-62-18-55-34-170-152-140-183-86-95-130-99-22-185-179-172-166-194-113-114-137-103-89-127-165-187-146-97-77-141-91-61-36-175"
80,49342,100,20951,70293,4,"79-61-36-175-78-142-45-5-177-21-82-8-104-138-182-139-168-195-145-15-3-70-13-132-169-188-6-147-115-10-133-122-72-107-40-63-135-38-27-16-1-156-198-117-193-31-54-151-131-90-51-121-118-74-134-11-33-160-29-0-109-35-111-81-153-163-176-106-124-62-18-55-34-170-152-140-183-86-95-130-99-22-185-179-172-166-194-113-114-137-103-89-127-165-187-146-97-77-141-91"
81,50790,100,18924,69714,4,"80-162-175-78-142-45-5-177-36-61-91-141-97-146-187-165-127-89-103-113-194-166-179-185-130-95-86-62-124-106-176-163-153-81-77-58-21-82-8-104-56-144-111-35-109-0-29-160-33-138-182-11-139-43-168-195-145-15-3-70-161-13-132-169-188-6-147-134-74-118-98-51-125-90-122-133-10-72-107-40-100-63-102-135-131-121-112-19-151-1-156-198-117-54-31-193-164-73-136-190"
82,48097,100,20565,68662,4,"81-153-187-163-89-127-137-114-103-26-113-176-194-166-86-185-179-172-57-66-94-47-148-60-20-59-28-149-4-199-9-99-130-95-183-140-152-170-34-55-18-62-128-124-106-143-35-109-29-0-160-33-11-134-74-118-121-51-90-131-1-38-135-63-122-133-10-115-147-6-188-169-132-13-70-3-15-145-195-168-139-182-138-104-144-111-8-82-21-177-5-45-142-78-175-36-61-91-141-77"
83,49191,100,20990,70181,4,"82-8-104-138-182-139-168-195-145-15-3-70-13-132-169-188-6-147-115-10-133-122-72-107-40-100-63-135-38-27-16-1-156-198-117-193-31-54-151-131-90-51-121-118-74-134-11-33-160-29-0-109-35-111-81-153-163-176-106-124-62-18-55-34-170-152-140-183-86-95-130-99-22-185-179-172-166-194-113-114-137-103-89-127-165-187-146-97-77-141-91-61-36-175-78-142-45-5-177-21"
84,51052,100,18019,69071,3,"83-18-55-34-128-86-176-180-113-194-166-52-172-179-185-22-99-130-95-183-140-199-9-148-47-66-94-60-20-59-28-149-4-152-170-184-155-189-3-70-15-145-13-132-169-188-6-126-195-168-43-139-11-182-138-33-160-144-56-104-8-82-87-21-177-5-45-142-78-175-36-61-79-91-141-77-97-146-187-165-137-114-127-89-103-163-186-153-81-50-111-109-29-0-35-143-159-106-124-62"
85,51718,100,19030,70748,4,"84-70-3-15-145-13-132-169-188-6-126-195-168-43-139-11-182-138-104-56-8-25-177-5-45-142-78-175-36-61-79-91-21-87-82-111-144-33-160-29-0-35-109-143-159-106-124-62-18-55-34-128-86-176-180-129-153-81-77-141-97-146-187-165-163-89-127-137-114-103-26-113-194-166-52-172-179-185-22-99-130-95-183-140-199-9-148-47-66-94-60-20-59-28-149-4-152-170-184-155"
86,49248,100,20308,69556,4,"85-74-118-121-51-191-90-131-151-54-31-193-117-198-156-1-16-27-38-135-63-100-40-107-72-122-133-10-115-147-6-188-169-132-13-70-3-15-145-195-168-29-109-35-0-111-81-153-163-176-106-124-62-18-55-34-170-152-140-183-86-95-130-99-185-179-166-194-113-103-89-127-165-187-146-97-77-141-91-61-36-175-78-142-45-5-177-21-82-8-104-144-160-33-138-182-11-139-43-134"
87,49235,100,20890,70125,4,"86-185-179-172-57-66-94-47-148-60-20-59-28-149-4-199-9-99-130-95-183-140-152-170-62-18-55-34-109-29-0-35-160-33-11-134-74-118-121-51-90-131-151-54-31-193-117-198-156-1-38-135-63-122-133-10-115-147-6-188-169-132-13-70-3-15-145-195-168-139-182-138-104-144-111-8-82-21-177-5-45-142-78-175-36-61-91-141-77-81-153-119-143-106-124-128-176-113-194-166"
88,49270,100,20951,70221,4,"87-82-8-104-138-182-139-168-195-145-15-3-70-13-132-169-188-6-147-115-10-133-122-72-107-40-63-135-38-27-16-1-156-198-117-193-31-54-151-131-90-51-121-118-74-134-11-33-160-29-0-109-35-111-81-153-163-176-106-124-62-18-55-34-170-152-140-183-86-95-130-99-22-185-179-172-166-194-113-114-137-103-89-127-165-187-146-97-77-141-91-61-36-175-78-142-45-5-177-21"
89,48197,100,20311,68508,4,"88-176-113-26-103-114-137-127-89-163-187-153-81-77-141-91-61-36-175-78-142-45-5-177-21-82-111-8-104-138-182-139-168-195-145-15-3-70-13-132-169-188-6-147-115-10-133-122-63-135-38-1-131-90-51-121-118-74-134-11-33-160-29-0-109-35-143-106-124-128-62-18-55-34-170-152-140-183-95-130-99-9-199-4-149-28-59-20-60-148-47-94-66-57-172-179-185-86-166-194"
90,47898,100,20821,68719,4,"89-163-187-153-81-77-141-91-61-36-175-78-142-45-5-177-21-82-111-8-104-138-182-139-168-195-145-15-3-70-13-132-169-188-6-147-115-10-133-122-63-135-38-1-117-131-90-51-121-118-74-134-11-33-160-29-0-109-35-143-106-124-128-62-18-55-34-170-152-140-183-95-130-99-9-199-4-149-28-59-20-60-148-47-94-66-57-172-179-185-86-166-194-176-113-26-103-114-137-127"
91,49707,100,20590,70297,3,"90-125-51-71-147-6-188-169-132-13-70-3-15-145-195-168-29-109-35-0-111-50-81-153-163-180-176-106-124-128-62-18-55-34-170-152-140-183-86-95-130-99-22-185-179-172-166-194-113-114-137-103-89-127-165-187-146-97-77-141-91-61-36-175-78-142-45-5-177-21-87-82-8-104-144-160-33-11-139-138-182-25-158-121-131-54-31-193-117-1-38-135-102-63-100-40-107-72-133-122"
92,49191,100,20990,70181,4,"91-61-36-175-78-142-45-5-177-21-82-8-104-138-182-139-168-195-145-15-3-70-13-132-169-188-6-147-115-10-133-122-72-107-40-100-63-135-38-27-16-1-156-198-117-193-31-54-151-131-90-51-121-118-74-134-11-33-160-29-0-109-35-111-81-153-163-176-106-124-62-18-55-34-170-152-140-183-86-95-130-99-22-185-179-172-166-194-113-114-137-103-89-127-165-187-146-97-77-141"
93,51799,100,19012,70811,4,"92-102-135-38-27-16-1-156-198-117-193-31-73-54-151-131-121-116-158-25-177-5-45-142-78-175-36-61-91-141-97-146-187-165-127-89-103-113-194-166-179-185-130-95-86-18-62-124-106-176-163-153-81-77-58-21-82-8-104-56-144-111-35-109-0-29-160-33-138-182-11-139-43-168-195-145-15-3-70-161-13-132-169-188-6-192-147-71-120-51-125-90-122-133-10-72-107-40-100-63"
94,49580,100,21290,70870,4,"93-75-137-114-113-176-103-127-89-163-187-153-81-77-141-91-61-36-175-78-142-45-5-177-21-82-111-8-104-138-182-139-168-195-145-15-3-70-13-132-169-188-6-147-115-10-133-122-63-135-1-131-90-51-121-118-74-134-11-33-160-29-0-109-35-143-106-124-128-62-18-55-34-170-152-140-183-95-130-99-9-199-4-149-28-59-20-60-148-47-94-66-57-172-179-185-86-166-194-76"
95,49821,100,21307,71128,4,"94-66-57-172-179-185-22-99-130-95-86-166-194-113-176-128-62-124-106-143-119-153-81-77-141-91-61-36-175-78-142-45-5-177-21-82-8-111-144-104-138-182-139-11-33-160-35-0-29-109-69-189-168-195-43-134-74-118-121-51-90-131-54-31-117-1-38-135-63-122-133-10-115-147-6-188-169-132-13-145-15-70-3-155-184-34-18-55-170-152-183-140-4-149-28-59-20-60-148-47"
96,49283,100,20938,70221,3,"95-130-99-9-199-4-149-28-59-20-60-148-47-94-66-57-172-179-185-86-166-194-113-176-128-62-124-106-143-119-153-81-77-141-91-61-36-175-78-142-45-5-177-21-82-8-111-144-104-138-182-139-168-195-145-15-3-70-13-132-169-188-6-147-115-10-133-122-63-135-38-1-156-198-117-193-31-54-151-131-90-51-121-118-74-134-11-33-160-35-0-29-109-34-55-18-170-152-140-183"
97,51255,100,18979,70234,4,"96-63-100-40-107-72-10-133-122-90-125-51-120-71-147-192-6-188-169-132-13-161-70-3-15-145-195-168-43-139-11-182-138-33-160-29-0-109-35-111-144-56-104-8-82-21-58-77-81-153-163-176-106-124-62-18-55-86-95-130-185-179-166-194-113-103-89-127-165-187-146-97-141-91-61-36-175-78-142-45-5-177-25-158-116-121-131-151-54-73-31-193-117-198-156-1-16-27-38-135"
98,48156,100,20506,68662,4,"97-77-141-91-61-36-175-78-142-45-5-177-21-82-111-8-104-138-182-139-168-195-145-15-3-70-13-132-169-188-6-147-115-10-133-122-63-135-38-1-131-90-51-121-118-74-134-11-33-160-29-0-109-35-143-106-124-128-62-18-55-34-170-152-140-183-95-130-99-9-199-4-149-28-59-20-60-148-47-94-66-57-172-179-185-86-166-194-176-113-26-103-114-137-127-89-163-187-153-81"
99,49082,100,20326,69408,4,"98-51-191-90-131-151-54-31-193-117-198-156-1-16-27-38-135-63-100-40-107-72-122-133-10-115-147-6-188-169-132-13-70-3-15-145-195-168-29-109-35-0-111-81-153-163-176-106-124-62-18-55-34-170-152-140-183-86-95-130-99-22-185-179-172-166-194-113-103-89-127-165-187-146-97-77-141-91-61-36-175-78-142-45-5-177-21-82-8-104-144-160-33-11-139-138-182-25-158-121"
100,49784,100,21270,71054,4,"99-130-95-185-86-166-194-113-176-128-62-124-106-143-119-153-81-77-141-91-61-36-175-78-142-45-5-177-21-82-8-111-144-104-138-182-139-11-33-160-35-0-29-109-69-189-168-195-43-134-74-118-121-51-90-131-54-31-117-1-38-135-63-122-133-10-115-147-6-188-169-132-13-145-15-70-3-155-184-34-18-55-170-152-183-140-4-149-28-59-20-60-148-47-94-66-57-172-179-22"
101,48966,100,20588,69554,3,"100-107-40-63-102-135-38-27-16-1-156-198-117-193-31-73-54-151-131-121-158-25-182-138-139-11-33-160-144-104-8-82-21-177-5-45-142-78-175-36-61-91-141-77-97-146-187-165-127-89-103-137-114-113-194-166-172-179-185-22-99-130-95-86-183-140-152-170-34-55-18-62-124-106-176-163-153-81-111-29-0-35-109-168-195-145-15-3-70-13-132-169-188-6-147-71-51-125-90-122"
102,51530,100,19048,70578,4,"101-28-59-20-60-94-66-47-148-9-199-140-183-95-130-99-22-185-179-172-52-166-194-113-26-103-114-137-127-89-163-165-187-146-97-141-77-81-153-129-180-176-86-128-83-55-34-18-62-124-106-159-143-35-109-0-29-160-33-144-111-82-87-21-91-61-36-175-78-142-45-5-177-25-8-104-138-182-11-139-43-168-195-126-6-188-169-132-13-145-15-70-3-189-155-184-170-152-4-149"
103,51190,100,19008,70198,3,"102-63-100-40-107-72-10-133-122-90-125-51-120-71-147-192-6-188-169-132-13-161-70-3-15-145-195-168-43-139-11-182-138-33-160-29-0-109-35-111-144-56-104-8-82-21-58-77-81-153-163-176-106-124-62-18-55-86-95-130-185-179-166-194-113-103-89-127-165-187-146-97-141-91-61-36-175-78-142-45-5-177-25-158-116-121-131-151-54-73-31-193-117-198-156-1-16-27-38-135"
104,47898,100,20821,68719,6,"103-26-113-176-194-166-86-185-179-172-57-66-94-47-148-60-20-59-28-149-4-199-9-99-130-95-183-140-152-170-34-55-18-62-128-124-106-143-35-109-0-29-160-33-11-134-74-118-121-51-90-131-117-1-38-135-63-122-133-10-115-147-6-188-169-132-13-70-3-15-145-195-168-139-182-138-104-8-111-82-21-177-5-45-142-78-175-36-61-91-141-77-81-153-187-163-89-127-137-114"
105,49191,100,20990,70181,3,"104-138-182-139-168-195-145-15-3-70-13-132-169-188-6-147-115-10-133-122-72-107-40-100-63-135-38-27-16-1-156-198-117-193-31-54-151-131-90-51-121-118-74-134-11-33-160-29-0-109-35-111-81-153-163-176-106-124-62-18-55-34-170-152-140-183-86-95-130-99-22-185-179-172-166-194-113-114-137-103-89-127-165-187-146-97-77-141-91-61-36-175-78-142-45-5-177-21-82-8"
106,51000,100,19154,70154,4,"105-136-73-164-193-31-54-117-198-156-1-16-27-38-63-135-122-133-10-115-147-71-51-191-90-125-131-121-116-158-25-182-138-139-168-195-145-15-3-70-161-13-132-169-188-6-134-11-49-33-160-29-0-109-35-111-144-56-104-8-82-21-58-77-81-153-163-176-106-124-62-18-86-95-130-185-179-166-194-113-103-89-127-165-187-146-97-141-91-61-36-177-5-45-142-78-175-162-80-190"
107,51009,100,17976,68985,4,"106-159-143-35-0-29-109-111-50-81-153-186-163-103-89-127-114-137-165-187-146-97-77-141-91-79-61-36-175-78-142-45-5-177-21-87-82-8-104-56-144-160-33-138-182-11-139-43-168-195-126-6-188-169-132-13-145-15-70-3-189-155-184-170-152-4-149-28-59-20-60-94-66-47-148-9-199-140-183-95-130-99-22-185-179-172-52-166-194-113-180-176-86-128-83-34-55-18-62-124"
108,50012,100,20757,70769,3,"107-72-133-10-122-90-125-51-71-147-6-188-169-132-13-70-3-15-145-195-168-29-109-35-0-111-50-81-153-163-180-176-106-124-128-62-18-55-34-170-152-140-183-86-95-130-99-22-185-179-172-166-194-113-114-137-103-89-127-165-187-146-97-77-141-91-61-36-175-78-142-45-5-177-21-87-82-8-104-144-160-33-11-139-138-182-25-158-121-131-54-31-117-1-38-135-102-63-100-40"
109,52672,100,20269,72941,5,"108-42-156-1-198-117-193-31-73-54-151-19-112-121-131-135-102-63-100-40-107-72-10-133-122-90-125-51-98-118-158-25-182-138-139-168-195-145-15-3-70-161-13-132-169-188-6-147-134-11-49-33-160-29-0-109-35-111-144-56-104-8-82-21-58-77-81-153-163-176-106-124-86-95-130-185-179-166-194-113-103-89-127-165-187-146-97-141-91-61-36-177-5-45-142-78-175-162-80-190"
110,51749,100,18657,70406,4,"109-29-69-189-155-145-15-3-70-161-188-6-169-132-13-195-168-43-134-139-11-182-138-33-160-144-56-104-8-82-87-21-177-5-45-142-78-175-36-61-91-141-77-97-146-187-165-127-89-103-137-114-113-194-166-52-172-179-185-22-99-130-95-86-183-140-199-9-148-47-66-94-60-20-59-28-149-4-152-170-34-55-18-62-128-124-143-159-106-64-176-180-163-186-153-81-50-111-0-35"
111,51524,100,18100,69624,5,"110-128-62-18-55-34-174-183-140-199-9-148-47-66-94-60-20-59-28-149-4-152-170-184-155-189-3-70-15-145-13-132-169-188-6-126-195-168-43-139-11-182-138-33-160-144-56-104-8-82-87-21-177-5-45-142-78-175-36-61-91-141-77-97-146-187-165-137-114-127-89-103-163-186-153-81-50-111-109-29-0-35-143-159-106-124-64-176-180-113-194-166-172-179-185-22-99-130-95-86"
112,49191,100,20990,70181,3,"111-81-153-163-176-106-124-62-18-55-34-170-152-140-183-86-95-130-99-22-185-179-172-166-194-113-114-137-103-89-127-165-187-146-97-77-141-91-61-36-175-78-142-45-5-177-21-82-8-104-138-182-139-168-195-145-15-3-70-13-132-169-188-6-147-115-10-133-122-72-107-40-100-63-135-38-27-16-1-156-198-117-193-31-54-151-131-90-51-121-118-74-134-11-33-160-29-0-109-35"
113,51070,100,20560,71630,4,"112-121-131-1-38-135-102-63-100-40-107-72-133-122-90-125-51-98-118-74-134-147-6-188-169-132-13-70-3-15-145-195-168-29-109-35-0-111-50-81-153-163-180-176-106-124-128-62-18-55-34-170-152-140-183-86-95-130-99-22-185-179-172-166-194-113-114-137-103-89-127-165-187-146-97-77-141-91-61-36-175-78-142-45-5-177-21-87-82-8-104-144-160-33-11-139-138-182-25-158"
114,47898,100,20821,68719,4,"113-176-194-166-86-185-179-172-57-66-94-47-148-60-20-59-28-149-4-199-9-99-130-95-183-140-152-170-34-55-18-62-128-124-106-143-35-109-0-29-160-33-11-134-74-118-121-51-90-131-117-1-38-135-63-122-133-10-115-147-6-188-169-132-13-70-3-15-145-195-168-139-182-138-104-8-111-82-21-177-5-45-142-78-175-36-61-91-141-77-81-153-187-163-89-127-137-114-103-26"
115,47609,100,21000,68609,7,"114-113-176-194-166-86-185-179-172-57-66-94-47-148-60-20-59-28-149-4-199-9-99-130-95-183-140-152-170-34-55-18-62-128-124-106-143-35-109-0-29-160-33-11-134-74-118-121-51-90-131-31-117-1-38-135-63-122-133-10-115-147-6-188-169-132-13-70-3-15-145-195-168-139-182-138-104-8-111-82-21-177-5-45-142-78-175-36-61-91-141-77-81-153-187-163-103-89-127-137"
116,49201,100,20282,69483,5,"115-10-133-122-72-107-40-100-63-135-38-27-16-1-156-198-117-193-31-73-54-151-131-90-191-51-121-158-25-182-138-139-11-33-160-144-104-8-82-21-177-5-45-142-78-175-36-61-91-141-77-97-146-187-165-127-89-103-113-194-166-179-185-22-99-130-95-86-183-140-152-170-34-55-18-62-124-106-176-163-153-81-111-29-0-35-109-168-195-145-15-3-70-13-132-169-188-6-192-147"
117,49988,100,21249,71237,4,"116-131-54-31-193-117-1-38-135-102-63-100-40-107-72-133-122-90-125-51-98-118-74-134-147-6-188-169-132-13-70-3-15-145-195-168-29-109-35-0-111-81-153-163-176-106-124-62-18-55-34-170-152-140-183-86-95-130-99-22-185-179-172-166-194-113-114-137-103-89-127-165-187-146-97-77-141-91-61-36-175-78-142-45-5-177-21-82-8-104-144-160-33-11-139-138-182-25-158-121"
118,50126,100,19413,69539,5,"117-198-156-1-151-19-112-121-131-135-102-63-100-40-107-72-10-133-122-90-125-51-98-118-74-134-147-6-188-169-132-13-161-70-3-15-145-195-168-29-109-35-0-160-33-49-11-139-182-138-104-8-144-111-82-21-77-81-153-163-176-106-124-62-18-55-86-95-130-185-179-166-194-113-103-89-127-165-187-146-97-141-91-61-36-177-5-45-142-78-175-162-80-190-136-73-164-193-31-54"
119,50538,100,20814,71352,4,"118-98-51-121-131-31-117-1-38-135-102-63-100-40-107-72-133-122-90-191-71-147-6-188-169-132-13-70-3-15-145-195-168-29-109-35-0-111-50-81-153-163-180-176-106-124-128-62-18-55-34-170-152-140-183-86-95-130-99-22-185-179-172-166-194-113-114-137-103-89-127-165-187-146-97-77-141-91-61-36-175-78-142-45-5-177-21-87-82-8-104-144-160-33-11-139-138-182-25-158"
120,50119,100,20263,70382,3,"119-143-106-124-62-18-55-34-128-86-176-180-113-194-166-172-179-185-22-99-130-95-183-140-152-170-184-155-3-70-15-145-13-132-169-188-6-147-115-10-133-122-72-107-40-100-63-135-38-27-16-1-156-198-117-193-31-73-54-151-131-90-191-51-121-118-74-134-43-195-168-35-109-29-0-160-33-11-139-182-138-104-144-111-8-82-21-177-5-45-142-78-175-36-61-91-141-77-81-153"
121,50948,100,19300,70248,4,"120-90-191-147-192-6-188-169-132-13-161-70-3-15-145-195-168-29-109-35-0-111-50-81-153-163-180-176-64-106-143-124-128-62-18-55-34-170-152-4-149-28-20-60-94-47-148-9-199-140-183-86-95-130-99-22-185-179-172-166-194-113-114-137-103-89-127-165-187-146-97-77-141-91-61-36-175-78-142-45-5-177-21-87-82-8-104-56-144-160-33-49-11-139-138-182-74-118-121-51"
122,49707,100,20590,70297,3,"121-131-54-31-193-117-1-38-135-102-63-100-40-107-72-133-122-90-125-51-71-147-6-188-169-132-13-70-3-15-145-195-168-29-109-35-0-111-50-81-153-163-180-176-106-124-128-62-18-55-34-170-152-140-183-86-95-130-99-22-185-179-172-166-194-113-114-137-103-89-127-165-187-146-97-77-141-91-61-36-175-78-142-45-5-177-21-87-82-8-104-144-160-33-11-139-138-182-25-158"
123,49707,100,20590,70297,5,"122-90-125-51-71-147-6-188-169-132-13-70-3-15-145-195-168-29-109-35-0-111-50-81-153-163-180-176-106-124-128-62-18-55-34-170-152-140-183-86-95-130-99-22-185-179-172-166-194-113-114-137-103-89-127-165-187-146-97-77-141-91-61-36-175-78-142-45-5-177-21-87-82-8-104-144-160-33-11-139-138-182-25-158-121-131-54-31-193-117-1-38-135-102-63-100-40-107-72-133"
124,53934,100,19897,73831,4,"123-25-182-138-139-168-195-145-15-3-70-161-13-132-169-188-6-192-147-115-10-133-122-72-107-40-100-63-135-38-27-16-1-156-198-117-193-31-73-54-151-19-112-131-125-90-191-120-51-121-118-74-134-11-49-33-160-29-0-109-35-111-144-56-104-8-82-21-58-77-81-153-163-176-106-86-95-130-185-179-166-194-113-103-89-127-165-187-146-97-141-91-61-36-177-78-175-142-45-5"
125,51009,100,17976,68985,3,"124-106-159-143-35-0-29-109-111-50-81-153-186-163-103-89-127-114-137-165-187-146-97-77-141-91-79-61-36-175-78-142-45-5-177-21-87-82-8-104-56-144-160-33-138-182-11-139-43-168-195-126-6-188-169-132-13-145-15-70-3-189-155-184-170-152-4-149-28-59-20-60-94-66-47-148-9-199-140-183-95-130-99-22-185-179-172-52-166-194-113-180-176-86-128-83-34-55-18-62"
126,50112,100,20719,70831,4,"125-90-191-51-71-147-6-188-169-132-13-70-3-15-145-195-168-29-109-35-0-111-50-81-153-163-180-176-106-124-128-62-18-55-34-170-152-140-183-86-95-130-99-22-185-179-172-166-194-113-114-137-103-89-127-165-187-146-97-77-141-91-61-36-175-78-142-45-5-177-21-87-82-8-104-144-160-33-11-139-138-182-25-158-121-131-54-31-117-1-38-135-102-63-100-40-107-72-133-122"
127,51748,100,18457,70205,4,"126-195-168-43-139-11-182-138-33-160-144-56-104-8-82-87-21-177-5-45-142-78-175-36-61-91-141-77-97-146-187-165-127-89-103-137-114-113-194-166-52-172-179-185-22-99-130-95-86-183-140-199-9-148-47-66-94-60-20-59-28-149-4-152-170-34-55-18-62-128-124-143-159-106-64-176-180-163-186-153-81-50-111-29-0-35-109-69-189-184-155-3-70-15-145-13-132-169-188-6"
128,47898,100,20821,68719,4,"127-89-163-187-153-81-77-141-91-61-36-175-78-142-45-5-177-21-82-111-8-104-138-182-139-168-195-145-15-3-70-13-132-169-188-6-147-115-10-133-122-63-135-38-1-117-131-90-51-121-118-74-134-11-33-160-29-0-109-35-143-106-124-128-62-18-55-34-170-152-140-183-95-130-99-9-199-4-149-28-59-20-60-148-47-94-66-57-172-179-185-86-166-194-176-113-26-103-114-137"
129,51087,100,18054,69141,4,"128-62-18-55-34-83-86-176-180-113-194-166-52-172-179-185-22-99-130-95-183-140-199-9-148-47-66-94-60-20-59-28-149-4-152-170-184-155-189-3-70-15-145-13-132-169-188-6-126-195-168-43-139-11-182-138-33-160-144-56-104-8-82-87-21-177-5-45-142-78-175-36-61-79-91-141-77-97-146-187-165-137-114-127-89-103-163-186-153-81-50-111-109-29-0-35-143-159-106-124"
130,48461,100,20712,69173,4,"129-163-89-127-137-114-103-26-176-113-194-166-86-185-179-172-57-66-94-47-148-60-20-59-28-149-4-199-9-99-130-95-183-140-152-170-34-55-18-62-128-124-106-143-35-109-0-29-160-33-11-134-74-118-121-51-90-131-117-1-38-135-63-122-133-10-115-147-6-188-169-132-13-70-3-15-145-195-168-139-182-138-104-8-111-82-21-177-5-45-142-78-175-36-61-91-141-77-81-153"
131,49934,100,21715,71649,3,"130-99-9-199-28-20-60-148-47-94-66-57-172-179-185-86-166-194-113-176-128-62-124-106-143-119-153-81-77-141-91-61-36-175-78-142-45-5-177-21-82-8-111-144-104-138-182-139-11-33-160-35-0-29-109-69-189-168-195-43-134-74-118-121-51-90-131-54-31-193-117-156-1-38-135-63-122-133-10-115-147-6-188-169-132-13-145-15-70-3-155-184-34-18-55-170-152-140-183-95"
132,51190,100,19008,70198,4,"131-121-116-158-25-177-5-45-142-78-175-36-61-91-141-97-146-187-165-127-89-103-113-194-166-179-185-130-95-86-55-18-62-124-106-176-163-153-81-77-58-21-82-8-104-56-144-111-35-109-0-29-160-33-138-182-11-139-43-168-195-145-15-3-70-161-13-132-169-188-6-192-147-71-120-51-125-90-122-133-10-72-107-40-100-63-102-135-38-27-16-1-156-198-117-193-31-73-54-151"
133,51725,100,18633,70358,4,"132-13-195-168-43-134-139-11-182-138-33-160-144-56-104-8-82-87-21-177-5-45-142-78-175-36-61-91-141-77-97-146-187-165-127-89-103-137-114-113-194-166-52-172-179-185-22-99-130-95-86-183-140-199-9-148-47-66-94-60-20-59-28-149-4-152-170-34-55-18-62-128-124-143-159-106-64-176-180-163-186-153-81-50-111-29-0-35-109-69-189-155-145-15-3-70-161-188-6-169"
134,48877,100,20437,69314,5,"133-10-115-147-6-188-169-132-13-70-3-15-145-195-168-29-109-35-0-111-81-153-163-176-106-124-62-18-55-34-170-152-140-183-86-95-130-99-22-185-179-172-166-194-113-114-103-89-127-165-187-146-97-77-141-91-61-36-175-78-142-45-5-177-21-82-8-104-144-160-33-11-139-138-182-25-158-121-51-191-90-131-151-54-31-193-117-198-156-1-16-27-38-135-63-100-40-107-72-122"
135,49084,100,20332,69416,2,"134-74-118-121-51-191-90-131-151-54-31-193-117-198-156-1-16-27-38-135-63-100-40-107-72-122-133-10-115-147-6-188-169-132-13-70-3-15-145-195-168-29-109-35-0-111-81-153-163-176-106-124-62-18-55-34-170-152-140-183-86-95-130-99-22-185-179-166-194-113-103-89-127-165-187-146-97-77-141-91-61-36-175-78-142-45-5-177-21-82-8-104-144-160-33-138-182-11-139-43"
136,51190,100,19008,70198,6,"135-102-63-100-40-107-72-10-133-122-90-125-51-120-71-147-192-6-188-169-132-13-161-70-3-15-145-195-168-43-139-11-182-138-33-160-29-0-109-35-111-144-56-104-8-82-21-58-77-81-153-163-176-106-124-62-18-55-86-95-130-185-179-166-194-113-103-89-127-165-187-146-97-141-91-61-36-175-78-142-45-5-177-25-158-116-121-131-151-54-73-31-193-117-198-156-1-16-27-38"
137,50417,100,19174,69591,4,"136-73-164-31-54-193-117-198-156-1-16-27-38-63-135-122-133-10-115-147-71-51-191-90-125-131-121-116-158-25-182-138-139-168-195-145-15-3-70-161-13-132-169-188-6-134-11-49-33-160-29-0-109-35-111-144-56-104-8-82-21-58-77-81-153-163-176-106-124-62-18-55-86-95-130-185-179-166-194-113-103-89-127-165-187-146-97-141-91-61-36-177-5-45-142-78-175-162-80-190"
138,47609,100,21000,68609,3,"137-127-89-103-163-187-153-81-77-141-91-61-36-175-78-142-45-5-177-21-82-111-8-104-138-182-139-168-195-145-15-3-70-13-132-169-188-6-147-115-10-133-122-63-135-38-1-117-31-131-90-51-121-118-74-134-11-33-160-29-0-109-35-143-106-124-128-62-18-55-34-170-152-140-183-95-130-99-9-199-4-149-28-59-20-60-148-47-94-66-57-172-179-185-86-166-194-176-113-114"
139,51749,100,18657,70406,4,"138-182-11-139-134-43-168-195-13-132-169-6-188-161-70-3-15-145-155-189-69-29-109-35-0-111-50-81-153-186-163-180-176-64-106-159-143-124-128-62-18-55-34-170-152-4-149-28-59-20-60-94-66-47-148-9-199-140-183-86-95-130-99-22-185-179-172-52-166-194-113-114-137-103-89-127-165-187-146-97-77-141-91-61-36-175-78-142-45-5-177-21-87-82-8-104-56-144-160-33"
140,51749,100,18657,70406,5,"139-134-43-168-195-13-132-169-6-188-161-70-3-15-145-155-189-69-29-109-35-0-111-50-81-153-186-163-180-176-64-106-159-143-124-128-62-18-55-34-170-152-4-149-28-59-20-60-94-66-47-148-9-199-140-183-86-95-130-99-22-185-179-172-52-166-194-113-114-137-103-89-127-165-187-146-97-77-141-91-61-36-175-78-142-45-5-177-21-87-82-8-104-56-144-160-33-138-182-11"
141,51368,100,19095,70463,4,"140-183-95-130-99-22-185-179-172-52-166-194-113-26-103-114-137-127-89-163-165-187-146-97-141-77-81-153-129-180-176-86-128-83-55-34-18-62-124-106-159-143-35-109-0-29-160-33-144-111-82-87-21-91-61-36-175-78-142-45-5-177-25-8-56-104-138-182-11-139-43-168-195-126-6-188-169-132-13-145-15-70-3-189-155-184-170-152-4-149-28-59-20-60-94-66-47-148-9-199"
142,49191,100,20990,70181,5,"141-77-97-146-187-165-127-89-103-137-114-113-194-166-172-179-185-22-99-130-95-86-183-140-152-170-34-55-18-62-124-106-176-163-153-81-111-35-109-0-29-160-33-11-134-74-118-121-51-90-131-151-54-31-193-117-198-156-1-16-27-38-135-63-100-40-107-72-122-133-10-115-147-6-188-169-132-13-70-3-15-145-195-168-139-182-138-104-8-82-21-177-5-45-142-78-175-36-61-91"
143,49183,100,20982,70165,4,"142-45-5-177-21-82-8-104-138-182-139-168-195-145-15-3-70-13-132-169-188-6-147-115-10-133-122-72-107-40-100-63-135-38-27-16-1-156-198-117-193-31-54-151-131-90-51-121-118-74-134-11-33-160-29-0-109-35-111-81-153-163-176-106-124-62-18-55-34-170-152-140-183-86-95-130-99-22-185-179-172-166-194-113-114-137-103-89-127-165-187-146-97-77-141-91-61-36-78-175"
144,51009,100,17976,68985,11,"143-35-0-29-109-111-50-81-153-186-163-103-89-127-114-137-165-187-146-97-77-141-91-79-61-36-175-78-142-45-5-177-21-87-82-8-104-56-144-160-33-138-182-11-139-43-168-195-126-6-188-169-132-13-145-15-70-3-189-155-184-170-152-4-149-28-59-20-60-94-66-47-148-9-199-140-183-95-130-99-22-185-179-172-52-166-194-113-180-176-86-128-83-34-55-18-62-124-106-159"
145,49299,100,21206,70505,5,"144-138-182-139-168-195-145-15-3-70-13-132-169-188-6-147-115-10-133-122-72-107-40-63-135-38-27-16-1-156-198-117-193-31-54-151-131-90-51-121-118-74-134-11-33-160-29-109-35-0-111-81-153-163-176-106-124-62-18-55-34-170-152-140-183-86-95-130-99-22-185-179-172-166-194-113-114-137-103-89-127-165-187-146-97-77-141-91-61-36-175-78-142-45-5-177-21-82-8-104"
146,51748,100,18457,70205,4,"145-13-132-169-188-6-126-195-168-43-139-11-182-138-33-160-144-56-104-8-82-87-21-177-5-45-142-78-175-36-61-91-141-77-97-146-187-165-127-89-103-137-114-113-194-166-52-172-179-185-22-99-130-95-86-183-140-199-9-148-47-66-94-60-20-59-28-149-4-152-170-34-55-18-62-128-124-143-159-106-64-176-180-163-186-153-81-50-111-29-0-35-109-69-189-184-155-3-70-15"
147,48372,100,20386,68758,4,"146-187-153-163-89-127-137-114-103-26-113-176-194-166-86-185-179-172-57-66-94-47-148-60-20-59-28-149-4-199-9-99-130-95-183-140-152-170-34-55-18-62-128-124-106-143-35-109-0-29-160-33-11-134-74-118-121-51-90-131-1-38-135-63-122-133-10-115-147-6-188-169-132-13-70-3-15-145-195-168-139-182-138-104-8-111-82-21-177-5-45-142-78-175-36-61-91-141-77-97"
148,49468,100,20517,69985,4,"147-115-10-133-122-72-107-40-100-63-135-38-27-16-1-156-198-117-193-31-73-54-151-131-90-191-51-121-118-74-134-43-139-11-182-138-33-160-144-104-8-82-21-177-5-45-142-78-175-36-61-91-141-77-146-187-165-127-89-103-113-194-166-179-185-99-130-95-86-183-140-152-170-34-55-18-62-124-106-176-163-153-81-111-29-0-35-109-168-195-145-15-3-70-13-132-169-188-6-192"
149,50807,100,18519,69326,4,"148-60-20-59-28-149-4-199-140-183-174-152-170-184-155-189-3-70-161-15-145-13-132-169-188-6-126-195-168-43-139-11-182-138-104-56-8-25-177-5-45-142-78-175-36-61-79-91-21-87-82-111-144-33-160-29-0-109-35-159-143-34-55-18-62-128-124-106-119-81-77-141-97-153-187-165-163-89-127-137-114-103-26-180-176-113-194-166-86-95-130-99-22-185-179-172-57-66-94-47"
150,51368,100,19095,70463,3,"149-4-152-170-184-155-189-3-70-15-145-13-132-169-188-6-126-195-168-43-139-11-182-138-104-56-8-25-177-5-45-142-78-175-36-61-91-21-87-82-111-144-33-160-29-0-109-35-143-159-106-124-62-18-34-55-83-128-86-176-180-129-153-81-77-141-97-146-187-165-163-89-127-137-114-103-26-113-194-166-52-172-179-185-22-99-130-95-183-140-199-9-148-47-66-94-60-20-59-28"
151,49495,100,20532,70027,5,"150-147-115-10-133-122-72-107-40-100-63-135-38-27-16-1-156-198-117-193-31-73-54-151-131-90-191-51-121-118-74-134-43-139-11-182-138-33-160-144-104-8-82-21-177-5-45-142-78-175-36-61-91-141-77-146-187-165-127-89-103-113-194-166-179-185-99-130-95-86-183-140-152-170-34-55-18-62-124-106-176-163-153-81-111-29-0-35-109-168-195-145-15-3-70-13-132-169-188-6"
152,50441,100,18968,69409,5,"151-19-112-121-51-120-191-90-125-131-135-102-63-100-40-107-72-122-133-10-115-147-192-6-188-169-132-13-161-70-3-15-145-195-168-29-109-35-0-160-33-49-11-139-182-138-104-8-144-111-82-21-77-81-153-163-176-106-124-62-18-55-86-95-130-185-179-166-194-113-103-89-127-165-187-146-97-141-91-61-36-177-5-45-142-78-175-162-80-190-136-73-164-31-54-193-117-198-156-1"
153,50985,100,17952,68937,4,"152-170-184-155-189-3-70-15-145-13-132-169-188-6-126-195-168-43-139-11-182-138-33-160-144-56-104-8-82-87-21-177-5-45-142-78-175-36-61-79-91-141-77-97-146-187-165-137-114-127-89-103-163-186-153-81-50-111-109-29-0-35-143-159-106-124-62-18-34-55-83-128-86-176-180-113-194-166-52-172-179-185-22-99-130-95-183-140-199-9-148-47-66-94-60-20-59-28-149-4"
154,48097,100,20565,68662,4,"153-187-163-89-127-137-114-103-26-113-176-194-166-86-185-179-172-57-66-94-47-148-60-20-59-28-149-4-199-9-99-130-95-183-140-152-170-34-55-18-62-128-124-106-143-35-109-29-0-160-33-11-134-74-118-121-51-90-131-1-38-135-63-122-133-10-115-147-6-188-169-132-13-70-3-15-145-195-168-139-182-138-104-144-111-8-82-21-177-5-45-142-78-175-36-61-91-141-77-81"
155,50319,100,21322,71641,6,"154-94-66-57-172-179-185-22-99-130-95-86-166-194-113-176-128-62-124-106-143-119-153-81-77-141-91-61-36-175-78-142-45-5-177-21-82-8-111-144-104-138-182-139-11-33-160-35-0-29-109-69-189-168-195-43-134-74-118-121-51-90-131-31-117-1-38-135-63-122-133-10-115-147-6-188-169-132-13-145-15-70-3-155-184-34-18-55-170-152-183-140-4-149-28-59-20-60-148-47"
156,51486,100,19170,70656,4,"155-189-3-70-15-145-13-132-169-188-6-126-195-168-43-139-11-182-138-104-56-8-25-177-5-45-142-78-175-36-61-79-91-21-87-82-111-144-33-160-29-0-35-109-143-159-106-124-62-18-55-34-128-86-176-180-129-153-81-77-141-97-146-187-165-163-89-127-137-114-103-26-113-194-166-52-172-179-185-22-99-130-95-183-140-199-9-148-47-66-94-60-20-59-28-149-4-152-170-184"
157,48897,100,19069,67966,4,"156-1-16-27-38-63-135-122-131-121-125-90-191-120-51-98-118-74-134-147-6-188-169-132-13-161-70-3-15-145-195-168-43-139-11-182-138-33-160-29-0-109-35-111-144-56-104-8-82-21-58-77-81-153-163-176-106-124-62-18-55-152-140-183-86-95-130-185-179-166-194-113-103-89-127-165-187-146-97-141-91-61-36-177-5-45-142-78-175-162-80-190-136-73-164-31-54-193-117-198"
158,49530,100,21067,70597,5,"157-138-182-139-168-195-145-15-3-70-13-132-169-188-6-147-115-10-133-122-72-107-40-63-135-38-27-16-1-156-198-117-193-31-54-151-131-90-51-121-118-74-134-11-33-160-29-0-109-35-111-81-153-163-176-106-124-62-18-55-34-170-152-140-183-86-95-130-99-22-185-179-172-166-194-113-114-137-103-89-127-165-187-146-97-77-141-91-61-36-175-78-142-45-5-177-21-82-8-104"
159,50803,100,20924,71727,5,"158-121-131-117-1-38-135-102-63-100-40-107-72-133-122-90-125-51-98-118-74-134-147-6-188-169-132-13-70-3-15-145-195-168-29-109-35-0-111-50-81-153-163-180-176-106-124-128-62-18-55-34-170-152-140-183-86-95-130-99-22-185-179-172-166-194-113-114-137-103-89-127-165-187-146-97-77-141-91-61-36-175-78-142-45-5-177-21-87-82-8-104-144-160-33-11-139-138-182-25"
160,51944,100,19260,71204,3,"159-35-0-111-50-81-153-187-146-97-77-141-91-61-36-175-78-142-45-5-177-21-87-82-8-104-56-144-160-33-138-182-11-139-134-43-168-195-13-132-169-6-188-161-70-3-15-145-155-189-69-29-109-143-34-55-18-62-170-152-140-183-95-130-22-99-9-199-4-149-28-59-20-60-148-47-94-66-57-172-179-185-86-166-194-113-26-103-114-137-127-165-89-163-180-176-64-128-124-106"
161,51749,100,18657,70406,4,"160-33-138-182-11-139-134-43-168-195-13-132-169-6-188-161-70-3-15-145-155-189-69-29-109-35-0-111-50-81-153-186-163-180-176-64-106-159-143-124-128-62-18-55-34-170-152-4-149-28-59-20-60-94-66-47-148-9-199-140-183-86-95-130-99-22-185-179-172-52-166-194-113-114-137-103-89-127-165-187-146-97-77-141-91-61-36-175-78-142-45-5-177-21-87-82-8-104-56-144"
162,51725,100,18633,70358,4,"161-188-6-169-132-13-195-168-43-134-139-11-182-138-33-160-144-56-104-8-82-87-21-177-5-45-142-78-175-36-61-91-141-77-97-146-187-165-127-89-103-137-114-113-194-166-52-172-179-185-22-99-130-95-86-183-140-199-9-148-47-66-94-60-20-59-28-149-4-152-170-34-55-18-62-128-124-143-159-106-64-176-180-163-186-153-81-50-111-29-0-35-109-69-189-155-145-15-3-70"
163,49125,100,20972,70097,4,"162-80-190-193-117-54-31-73-136-45-5-177-21-82-8-104-138-182-139-168-195-145-15-3-70-13-132-169-188-6-147-115-10-133-122-72-107-40-100-63-102-135-131-90-191-51-121-118-74-134-11-33-160-29-0-109-35-111-81-153-163-180-176-106-124-62-18-55-34-170-152-140-183-86-95-130-99-22-185-179-172-166-194-113-114-137-103-89-127-165-187-146-97-77-141-91-61-36-78-175"
164,47898,100,20821,68719,4,"163-89-127-137-114-103-26-113-176-194-166-86-185-179-172-57-66-94-47-148-60-20-59-28-149-4-199-9-99-130-95-183-140-152-170-34-55-18-62-128-124-106-143-35-109-0-29-160-33-11-134-74-118-121-51-90-131-117-1-38-135-63-122-133-10-115-147-6-188-169-132-13-70-3-15-145-195-168-139-182-138-104-8-111-82-21-177-5-45-142-78-175-36-61-91-141-77-81-153-187"
165,50417,100,19174,69591,3,"164-31-54-193-117-198-156-1-16-27-38-63-135-122-133-10-115-147-71-51-191-90-125-131-121-116-158-25-182-138-139-168-195-145-15-3-70-161-13-132-169-188-6-134-11-49-33-160-29-0-109-35-111-144-56-104-8-82-21-58-77-81-153-163-176-106-124-62-18-55-86-95-130-185-179-166-194-113-103-89-127-165-187-146-97-141-91-61-36-177-5-45-142-78-175-162-80-190-136-73"
166,47920,100,21017,68937,4,"165-187-153-81-77-141-91-61-36-175-78-142-45-5-177-21-82-111-8-104-138-182-139-168-195-145-15-3-70-13-132-169-188-6-147-115-10-133-122-63-135-38-1-117-131-90-51-121-118-74-134-11-33-160-29-0-109-35-143-106-124-128-62-18-55-34-170-152-140-183-95-130-99-9-199-4-149-28-59-20-60-148-47-94-66-57-172-179-185-86-166-194-176-113-114-137-103-163-89-127"
167,49016,100,22258,71274,6,"166-194-113-176-26-103-114-137-127-89-163-187-153-106-124-143-111-81-77-141-91-61-36-175-78-142-45-5-177-21-82-8-104-138-182-139-168-195-145-15-3-70-13-132-169-188-6-147-115-10-133-122-63-135-38-1-117-31-131-90-51-121-118-74-134-11-33-160-35-0-29-109-34-55-18-62-170-152-140-183-95-130-99-9-199-4-149-28-59-20-60-148-47-94-66-57-172-179-185-86"
168,51960,100,18469,70429,8,"167-184-155-3-70-15-145-13-132-169-188-6-126-195-168-43-139-11-182-138-33-160-144-56-104-8-82-87-21-177-5-45-142-78-175-36-61-91-141-77-97-146-187-165-127-89-103-137-114-113-194-166-172-179-185-22-99-130-95-86-183-140-199-9-148-47-66-94-60-20-59-28-149-4-152-170-34-55-18-62-128-124-143-159-106-64-176-180-163-186-153-81-50-111-29-0-35-109-69-189"
169,51748,100,18457,70205,7,"168-43-139-11-182-138-33-160-144-56-104-8-82-87-21-177-5-45-142-78-175-36-61-91-141-77-97-146-187-165-127-89-103-137-114-113-194-166-52-172-179-185-22-99-130-95-86-183-140-199-9-148-47-66-94-60-20-59-28-149-4-152-170-34-55-18-62-128-124-143-159-106-64-176-180-163-186-153-81-50-111-29-0-35-109-69-189-184-155-3-70-15-145-13-132-169-188-6-126-195"
170,51725,100,18633,70358,7,"169-132-13-195-168-43-134-139-11-182-138-33-160-144-56-104-8-82-87-21-177-5-45-142-78-175-36-61-91-141-77-97-146-187-165-127-89-103-137-114-113-194-166-52-172-179-185-22-99-130-95-86-183-140-199-9-148-47-66-94-60-20-59-28-149-4-152-170-34-55-18-62-128-124-143-159-106-64-176-180-163-186-153-81-50-111-29-0-35-109-69-189-155-145-15-3-70-161-188-6"
171,51027,100,17735,68762,6,"170-152-184-155-189-3-70-15-145-13-132-169-188-6-126-195-168-43-139-11-182-138-33-160-144-56-104-8-82-87-21-177-5-45-142-78-175-36-61-79-91-141-77-97-146-187-165-127-89-103-137-114-26-113-194-166-52-172-179-185-99-130-22-66-94-47-148-60-20-59-28-149-4-199-140-183-95-86-64-176-180-163-186-153-81-50-111-109-29-0-35-143-159-106-124-128-62-18-55-34"
172,53115,100,19895,73010,4,"171-104-138-182-139-168-195-145-15-3-70-161-13-132-169-188-6-192-147-115-10-133-122-72-107-40-100-63-135-38-27-16-1-156-198-117-193-31-73-54-151-19-112-131-125-90-191-120-51-121-118-74-134-11-49-33-160-29-0-109-35-111-144-8-82-21-58-77-81-153-163-176-106-124-62-86-95-130-185-179-166-194-113-103-89-127-165-187-146-97-141-91-61-36-175-78-142-45-5-177"
173,50066,100,20458,70524,4,"172-166-194-113-103-163-180-176-86-128-124-106-143-119-153-81-77-141-91-61-36-175-78-142-45-5-177-21-82-8-111-144-56-104-138-182-139-168-195-145-15-3-70-13-132-169-188-6-147-115-10-133-122-72-107-40-100-63-135-38-27-16-1-156-198-117-193-31-73-54-151-131-90-191-51-121-118-74-134-11-33-160-35-0-29-109-34-55-18-62-170-152-140-183-95-130-99-22-185-179"
174,50704,100,19444,70148,3,"173-73-54-31-193-117-198-156-1-16-27-38-63-135-122-133-10-115-147-71-51-191-90-125-131-121-116-158-25-182-138-139-168-195-145-15-3-70-161-13-132-169-188-6-134-11-49-33-160-29-0-109-35-111-144-56-104-8-82-21-58-77-81-153-163-176-106-124-62-18-55-86-95-130-185-179-166-194-113-103-89-127-165-187-146-97-141-91-61-36-177-5-45-142-78-175-162-80-190-136"
175,48814,100,20928,69742,7,"174-55-18-62-124-106-143-128-86-95-130-99-22-185-179-172-166-194-176-113-26-103-114-137-127-89-163-187-153-81-77-141-91-61-36-175-78-142-45-5-177-21-82-8-111-144-104-138-182-139-168-195-145-15-3-70-13-132-169-188-6-147-115-10-133-122-107-40-63-135-38-27-16-1-156-198-117-193-31-54-151-131-90-51-121-118-74-134-11-33-160-35-0-29-109-34-170-152-140-183"
176,49191,100,20990,70181,8,"175-78-142-45-5-177-21-82-8-104-138-182-139-168-195-145-15-3-70-13-132-169-188-6-147-115-10-133-122-72-107-40-100-63-135-38-27-16-1-156-198-117-193-31-54-151-131-90-51-121-118-74-134-11-33-160-29-0-109-35-111-81-153-163-176-106-124-62-18-55-34-170-152-140-183-86-95-130-99-22-185-179-172-166-194-113-114-137-103-89-127-165-187-146-97-77-141-91-61-36"
177,47898,100,20821,68719,6,"176-194-166-86-185-179-172-57-66-94-47-148-60-20-59-28-149-4-199-9-99-130-95-183-140-152-170-34-55-18-62-128-124-106-143-35-109-0-29-160-33-11-134-74-118-121-51-90-131-117-1-38-135-63-122-133-10-115-147-6-188-169-132-13-70-3-15-145-195-168-139-182-138-104-8-111-82-21-177-5-45-142-78-175-36-61-91-141-77-81-153-187-163-89-127-137-114-103-26-113"
178,53060,100,19828,72888,4,"177-25-182-138-139-168-195-145-15-3-70-161-13-132-169-188-6-192-147-115-10-133-122-72-107-40-100-63-135-38-27-16-1-156-198-117-193-31-73-54-151-19-112-131-125-90-191-120-51-121-118-74-134-11-49-33-160-29-0-109-35-111-144-56-104-8-82-21-58-77-81-153-163-176-106-124-86-95-130-185-179-166-194-113-103-89-127-165-187-146-97-141-91-61-36-175-78-142-45-5"
179,48838,100,20484,69322,4,"178-147-6-188-169-132-13-70-3-15-145-195-168-29-109-35-0-111-81-153-163-176-106-124-62-18-55-34-170-152-140-183-86-95-130-99-22-185-179-172-166-194-113-114-103-89-127-165-187-146-97-77-141-91-61-36-175-78-142-45-5-177-21-82-8-104-144-160-33-11-139-138-182-25-158-121-51-191-90-131-151-54-31-193-117-198-156-1-16-27-38-135-63-100-40-107-72-122-133-10"
180,52315,100,19676,71991,3,"179-185-22-99-130-95-183-140-199-9-148-47-66-94-60-20-59-28-149-4-152-170-34-55-18-62-109-29-69-189-155-145-15-3-70-161-188-6-169-132-13-195-168-43-134-139-11-182-138-33-160-144-56-104-8-171-25-177-5-45-142-78-175-36-61-79-91-21-87-82-111-0-35-143-159-124-106-119-81-77-141-97-153-187-165-163-89-127-137-114-103-26-180-176-113-194-166-86-52-172"
181,47997,100,20316,68313,4,"180-176-194-166-86-185-179-172-57-66-94-47-148-60-20-59-28-149-4-199-9-99-130-95-183-140-152-170-34-55-18-62-128-124-106-143-35-109-0-29-160-33-11-134-74-118-121-51-90-131-1-38-135-63-122-133-10-115-147-6-188-169-132-13-70-3-15-145-195-168-139-182-138-104-8-111-82-21-177-5-45-142-78-175-36-61-91-141-77-81-153-187-163-89-127-137-114-103-26-113"
182,51221,100,18112,69333,5,"181-95-130-22-99-9-199-4-149-28-59-20-60-148-47-94-66-57-172-179-185-86-166-194-113-180-176-64-128-62-124-106-143-35-0-29-109-111-50-81-153-163-103-89-127-114-137-165-187-146-97-77-141-91-61-36-175-78-142-45-5-177-21-87-82-8-104-56-144-160-33-138-182-11-139-43-168-195-126-6-188-169-132-13-145-15-70-3-189-155-184-170-152-140-183-174-34-55-18-83"
183,51853,100,18396,70249,4,"182-139-11-43-168-195-13-132-169-6-188-161-70-3-15-145-155-189-69-29-109-35-0-111-50-81-153-186-163-180-176-64-106-159-143-124-128-62-18-55-34-170-152-4-149-28-59-20-60-94-66-47-148-9-199-140-183-86-95-130-99-22-185-179-172-52-166-194-113-114-137-103-89-127-165-187-146-97-77-141-91-79-61-36-175-78-142-45-5-177-21-87-82-8-104-56-144-160-33-138"
184,51368,100,19095,70463,3,"183-95-130-99-22-185-179-172-52-166-194-113-26-103-114-137-127-89-163-165-187-146-97-141-77-81-153-129-180-176-86-128-83-55-34-18-62-124-106-159-143-35-109-0-29-160-33-144-111-82-87-21-91-61-36-175-78-142-45-5-177-25-8-56-104-138-182-11-139-43-168-195-126-6-188-169-132-13-145-15-70-3-189-155-184-170-152-4-149-28-59-20-60-94-66-47-148-9-199-140"
185,51441,100,19168,70609,5,"184-155-189-3-70-15-145-13-132-169-188-6-126-195-168-43-139-11-182-138-104-56-8-25-177-5-45-142-78-175-36-61-91-21-87-82-111-144-33-160-29-0-35-109-143-159-106-124-62-18-34-55-83-128-86-176-180-129-153-81-77-141-97-146-187-165-163-89-127-137-114-103-26-113-194-166-52-172-179-185-22-99-130-95-183-140-199-9-148-47-66-94-60-20-59-28-149-4-152-170"
186,52035,100,19535,71570,4,"185-179-172-57-66-94-47-148-60-20-59-28-149-4-199-9-99-22-130-95-183-140-152-170-34-55-18-62-109-29-69-189-155-145-15-3-70-161-188-6-169-132-13-195-168-43-134-139-11-182-138-33-160-144-56-104-8-171-25-177-5-45-142-78-175-36-61-79-91-21-87-82-111-0-35-143-159-124-106-119-81-77-141-97-153-187-165-163-89-127-137-114-103-26-180-176-113-194-166-86"
187,48174,100,20416,68590,4,"186-153-81-77-141-91-61-36-175-78-142-45-5-177-21-82-8-104-138-182-139-168-195-145-15-3-70-13-132-169-188-6-147-115-10-133-122-63-135-38-1-117-31-131-90-51-121-118-74-134-11-33-160-0-29-109-35-143-106-124-128-62-18-55-34-170-152-140-183-95-130-99-9-199-4-149-28-59-20-60-148-47-94-66-57-172-179-185-86-166-194-176-113-26-103-114-137-127-89-163"
188,48199,100,20897,69096,4,"187-153-163-89-127-137-114-103-26-113-176-194-166-86-185-179-172-57-66-94-47-148-60-20-59-28-149-4-199-9-99-130-95-183-140-152-170-34-55-18-62-128-124-106-143-35-109-0-29-160-33-11-134-74-118-121-51-90-131-117-1-38-135-63-122-133-10-115-147-6-188-169-132-13-70-3-15-145-195-168-139-182-138-104-8-111-82-21-177-5-45-142-78-175-36-61-91-141-77-97"
189,51749,100,18657,70406,7,"188-6-132-13-195-168-43-134-139-11-182-138-33-160-144-56-104-8-82-87-21-177-5-45-142-78-175-36-61-91-141-77-97-146-187-165-127-89-103-137-114-113-194-166-52-172-179-185-22-99-130-95-86-183-140-199-9-148-47-66-94-60-20-59-28-149-4-152-170-34-55-18-62-128-124-143-159-106-64-176-180-163-186-153-81-50-111-29-0-35-109-69-189-155-145-15-3-70-161-169"
190,51748,100,18457,70205,4,"189-184-155-3-70-15-145-13-132-169-188-6-126-195-168-43-139-11-182-138-33-160-144-56-104-8-82-87-21-177-5-45-142-78-175-36-61-91-141-77-97-146-187-165-127-89-103-137-114-113-194-166-52-172-179-185-22-99-130-95-86-183-140-199-9-148-47-66-94-60-20-59-28-149-4-152-170-34-55-18-62-128-124-143-159-106-64-176-180-163-186-153-81-50-111-29-0-35-109-69"
191,50790,100,18924,69714,5,"190-80-162-175-78-142-45-5-177-36-61-91-141-97-146-187-165-127-89-103-113-194-166-179-185-130-95-86-62-124-106-176-163-153-81-77-58-21-82-8-104-56-144-111-35-109-0-29-160-33-138-182-11-139-43-168-195-145-15-3-70-161-13-132-169-188-6-147-134-74-118-98-51-125-90-122-133-10-72-107-40-100-63-102-135-131-121-112-19-151-1-156-198-117-54-31-193-164-73-136"
192,49443,100,20613,70056,4,"191-51-147-6-188-169-132-13-70-3-15-145-195-168-29-109-35-0-111-50-81-153-163-180-176-106-124-128-62-18-55-34-170-152-140-183-86-95-130-99-22-185-179-172-166-194-113-114-137-103-89-127-165-187-146-97-77-141-91-61-36-175-78-142-45-5-177-21-87-82-8-104-144-160-33-11-139-138-182-25-158-121-131-54-31-193-117-156-1-38-135-102-63-100-40-107-72-133-122-90"
193,49468,100,20517,69985,3,"192-147-115-10-133-122-72-107-40-100-63-135-38-27-16-1-156-198-117-193-31-73-54-151-131-90-191-51-121-118-74-134-43-139-11-182-138-33-160-144-104-8-82-21-177-5-45-142-78-175-36-61-91-141-77-146-187-165-127-89-103-113-194-166-179-185-99-130-95-86-183-140-152-170-34-55-18-62-124-106-176-163-153-81-111-29-0-35-109-168-195-145-15-3-70-13-132-169-188-6"
194,50454,100,19211,69665,4,"193-31-54-117-198-156-1-16-27-38-63-135-122-133-10-115-147-71-51-191-90-125-131-121-116-158-25-182-138-139-168-195-145-15-3-70-161-13-132-169-188-6-134-11-49-33-160-29-0-109-35-111-144-56-104-8-82-21-58-77-81-153-163-176-106-124-62-18-55-86-95-130-185-179-166-194-113-103-89-127-165-187-146-97-141-91-61-36-177-5-45-142-78-175-162-80-190-136-73-164"
195,47898,100,20821,68719,4,"194-176-113-26-103-114-137-127-89-163-187-153-81-77-141-91-61-36-175-78-142-45-5-177-21-82-111-8-104-138-182-139-168-195-145-15-3-70-13-132-169-188-6-147-115-10-133-122-63-135-38-1-117-131-90-51-121-118-74-134-11-33-160-29-0-109-35-143-106-124-128-62-18-55-34-170-152-140-183-95-130-99-9-199-4-149-28-59-20-60-148-47-94-66-57-172-179-185-86-166"
196,51748,100,18457,70205,4,"195-168-43-139-11-182-138-33-160-144-56-104-8-82-87-21-177-5-45-142-78-175-36-61-91-141-77-97-146-187-165-127-89-103-137-114-113-194-166-52-172-179-185-22-99-130-95-86-183-140-199-9-148-47-66-94-60-20-59-28-149-4-152-170-34-55-18-62-128-124-143-159-106-64-176-180-163-186-153-81-50-111-29-0-35-109-69-189-184-155-3-70-15-145-13-132-169-188-6-126"
197,51478,100,19219,70697,4,"196-42-156-1-198-117-193-31-73-54-151-19-112-121-131-135-102-63-100-40-107-72-10-133-122-90-125-51-98-118-74-134-147-6-188-169-132-13-161-70-3-15-145-195-168-43-139-11-182-138-33-160-29-0-109-35-111-144-56-104-8-82-21-58-77-81-153-163-176-106-124-62-86-95-130-185-179-166-194-113-103-89-127-165-187-146-97-141-91-61-36-177-5-45-142-78-175-162-80-190"
198,48805,100,19400,68205,4,"197-16-27-38-63-135-122-131-121-125-90-191-120-51-98-118-74-134-147-6-188-169-132-13-161-70-3-15-145-195-168-29-109-35-0-160-33-49-11-139-182-138-104-8-144-111-82-21-77-81-153-163-176-106-124-62-18-55-34-152-140-183-86-95-130-185-179-166-194-113-103-89-127-165-187-146-97-141-91-61-36-177-5-45-142-78-175-162-80-190-136-73-164-31-54-193-117-198-156-1"
199,48897,100,19069,67966,3,"198-117-193-54-31-164-73-136-190-80-162-175-78-142-45-5-177-36-61-91-141-97-146-187-165-127-89-103-113-194-166-179-185-130-95-86-183-140-152-55-18-62-124-106-176-163-153-81-77-58-21-82-8-104-56-144-111-35-109-0-29-160-33-138-182-11-139-43-168-195-145-15-3-70-161-13-132-169-188-6-147-134-74-118-98-51-120-191-90-125-121-131-122-135-63-38-27-16-1-156"
200,51465,100,19192,70657,4,"199-183-95-130-99-22-185-179-172-52-166-194-113-26-103-114-137-127-89-163-165-187-146-97-141-77-81-153-129-180-176-86-128-83-55-34-18-62-124-106-159-143-35-109-0-29-160-33-144-111-82-87-21-91-61-36-175-78-142-45-5-177-25-8-56-104-138-182-11-139-43-168-195-126-6-188-169-132-13-145-15-70-3-189-155-184-170-152-140-4-149-28-59-20-60-94-66-47-148-9"
