SolutionID,TotalCost,NumNodes,TotalDistance,ObjectiveFunction,Cycle
1,48885,100,20986,69871,"0-35-109-29-189-155-15-3-70-145-13-132-169-188-6-147-191-90-122-63-135-131-121-51-134-43-195-168-139-11-182-138-33-160-144-56-104-8-82-87-21-177-5-45-142-78-175-61-36-91-141-77-97-146-187-165-127-89-103-137-114-113-194-166-172-179-185-99-130-22-66-94-47-148-60-20-59-28-149-4-140-183-152-170-34-55-18-62-124-143-106-128-95-86-176-180-163-153-81-111"
2,51636,100,21425,73061,"1-16-27-38-135-102-63-40-107-100-122-133-10-178-147-71-90-191-51-125-131-121-112-19-151-73-164-54-31-136-45-5-177-21-104-138-182-139-168-195-145-15-3-70-161-13-132-169-188-6-134-11-33-160-29-109-35-0-111-144-8-82-81-153-163-176-86-95-183-140-20-148-130-99-185-179-166-194-113-103-89-127-165-187-77-97-141-91-61-36-142-78-175-162-80-190-193-117-198-156"
3,48946,100,20373,69319,"2-139-11-182-138-33-160-144-56-104-8-82-87-21-177-5-45-142-78-175-61-36-91-141-77-97-146-187-165-127-89-103-137-114-113-194-166-172-179-185-99-130-22-66-94-47-148-60-20-59-28-149-4-140-183-152-170-34-55-18-62-124-143-106-128-95-86-176-180-163-153-81-111-0-35-109-29-168-195-145-15-3-70-161-13-132-169-188-6-147-191-90-133-122-63-135-131-121-51-134"
4,51720,100,19096,70816,"3-155-184-170-152-140-183-199-4-149-28-59-20-60-148-47-94-66-9-130-99-22-185-179-172-52-166-194-113-26-103-114-137-127-165-89-163-180-176-86-95-83-55-18-62-128-124-106-159-143-35-0-111-81-153-187-146-97-77-141-91-79-36-61-175-78-142-45-5-177-21-87-82-8-104-56-144-160-33-138-182-139-11-49-29-109-34-189-15-145-195-168-126-13-132-169-6-188-161-70"
5,50974,100,19829,70803,"4-199-140-183-174-152-170-34-55-18-83-62-124-143-159-106-128-95-130-99-22-86-176-180-129-153-81-77-82-8-144-111-0-35-109-29-160-33-11-134-51-121-90-147-6-188-169-132-13-161-70-3-15-145-195-168-139-182-138-104-21-177-5-45-142-78-175-61-36-91-141-97-146-187-163-89-165-127-137-114-103-26-113-194-166-185-179-52-172-57-66-94-154-47-148-60-20-59-28-149"
6,49120,100,21115,70235,"5-177-21-104-138-182-139-168-195-145-15-3-70-161-13-132-169-188-6-147-191-90-178-10-133-122-63-135-131-121-51-118-134-11-33-160-29-109-35-0-111-144-8-82-81-153-163-180-176-86-95-128-106-143-124-62-18-55-34-170-152-183-140-4-149-28-59-20-60-148-47-94-66-22-130-99-185-179-172-166-194-113-114-137-103-89-127-165-187-146-77-97-141-91-61-36-78-175-142-45"
7,48742,100,20463,69205,"6-147-191-90-133-122-63-135-131-121-51-134-43-139-11-182-138-33-160-144-56-104-8-82-87-21-177-5-45-142-78-175-61-36-91-141-77-97-146-187-165-127-89-103-137-114-113-194-166-172-179-185-99-130-22-66-94-47-148-60-20-59-28-149-4-140-183-152-170-34-55-18-62-124-143-106-128-95-86-176-180-163-153-81-111-0-35-109-29-168-195-145-15-3-70-161-13-132-169-188"
8,49370,100,21011,70381,"7-175-78-142-45-5-177-21-104-138-182-139-168-195-145-15-3-70-161-13-132-169-188-6-147-191-90-178-10-133-122-63-135-131-121-51-134-11-33-160-29-109-35-0-111-144-8-82-81-153-163-180-176-86-95-128-106-143-124-62-18-55-34-170-152-183-140-4-149-28-59-20-60-148-47-94-66-22-130-99-185-179-172-166-194-113-114-137-103-89-127-165-187-146-77-97-141-91-61-36"
9,49635,100,20950,70585,"8-177-5-45-142-78-175-36-61-91-141-97-187-165-127-89-103-113-194-166-179-185-99-130-66-94-47-148-60-20-28-140-183-152-170-34-55-18-62-124-106-128-95-86-176-163-153-81-77-21-87-82-144-111-0-35-109-29-160-33-49-11-43-134-74-118-98-51-121-131-135-102-63-40-107-100-122-133-10-178-90-191-71-147-6-188-169-132-13-161-70-3-15-145-195-168-139-182-138-104"
10,49162,100,21063,70225,"9-99-22-130-95-86-128-55-34-18-62-124-106-143-35-109-29-0-144-160-33-11-134-51-121-131-135-63-122-133-10-90-191-147-6-188-169-132-13-161-70-3-15-145-195-168-139-182-138-104-8-177-5-45-142-78-175-36-61-91-21-87-82-111-81-77-141-97-153-187-165-163-89-127-137-114-103-26-180-176-113-194-166-185-179-172-57-66-94-47-148-60-20-59-28-149-4-152-140-183"
11,50797,100,21537,72334,"10-178-147-71-90-191-125-51-121-131-151-54-73-164-31-136-45-5-177-21-104-138-182-139-168-195-145-15-3-70-161-13-132-169-188-6-134-11-33-160-29-109-35-0-111-144-8-82-81-153-163-176-86-95-183-140-28-20-148-47-130-99-185-179-166-194-113-103-89-127-165-187-77-97-141-91-61-36-142-78-175-162-80-190-193-117-198-156-1-16-27-38-135-102-63-40-107-100-122-133"
12,48885,100,20986,69871,"11-182-138-33-160-144-56-104-8-82-87-21-177-5-45-142-78-175-61-36-91-141-77-97-146-187-165-127-89-103-137-114-113-194-166-172-179-185-99-130-22-66-94-47-148-60-20-59-28-149-4-140-183-152-170-34-55-18-62-124-143-106-128-95-86-176-180-163-153-81-111-0-35-109-29-189-155-15-3-70-145-13-132-169-188-6-147-191-90-122-63-135-131-121-51-134-43-195-168-139"
13,49193,100,21010,70203,"12-111-81-153-163-180-176-86-95-128-106-143-124-62-18-55-34-170-152-183-140-4-149-28-59-20-60-148-47-94-66-22-130-99-185-179-172-166-194-113-114-137-103-89-127-165-187-146-97-77-141-91-36-61-175-78-142-45-5-177-21-87-82-8-104-56-144-160-33-138-182-11-139-168-195-43-134-51-121-131-135-63-122-90-147-6-188-169-132-13-145-70-3-15-155-189-29-109-35-0"
14,48742,100,20463,69205,"13-161-70-3-15-145-195-168-29-109-35-0-111-81-153-163-180-176-86-95-128-106-143-124-62-18-55-34-170-152-183-140-4-149-28-59-20-60-148-47-94-66-22-130-99-185-179-172-166-194-113-114-137-103-89-127-165-187-146-97-77-141-91-36-61-175-78-142-45-5-177-21-87-82-8-104-56-144-160-33-138-182-11-139-43-134-51-121-131-135-63-122-133-90-191-147-6-188-169-132"
15,49650,100,20783,70433,"14-81-153-163-180-176-86-95-128-106-159-143-124-62-18-55-34-170-152-183-140-4-149-28-59-20-60-148-47-94-66-22-130-99-185-179-172-166-194-113-114-137-103-89-127-165-187-146-97-141-77-82-87-21-91-61-36-175-78-142-45-5-177-8-144-56-104-138-182-139-168-195-145-15-3-70-161-13-132-169-188-6-147-191-90-122-63-135-131-121-51-134-11-33-160-29-0-109-35-111"
16,51720,100,19096,70816,"15-145-195-168-126-13-132-169-6-188-161-70-3-155-184-170-152-140-183-199-4-149-28-59-20-60-148-47-94-66-9-130-99-22-185-179-172-52-166-194-113-26-103-114-137-127-165-89-163-180-176-86-95-83-55-18-62-128-124-106-159-143-35-0-111-81-153-187-146-97-77-141-91-79-36-61-175-78-142-45-5-177-21-87-82-8-104-56-144-160-33-138-182-139-11-49-29-109-34-189"
17,50179,100,21173,71352,"16-27-38-102-63-135-122-133-10-178-147-71-90-191-125-51-121-131-151-54-73-164-31-136-45-5-177-21-104-138-182-139-168-195-145-15-3-70-161-13-132-169-188-6-134-11-33-160-29-109-35-0-111-144-8-82-81-153-163-176-86-95-183-140-28-20-60-148-47-94-66-130-99-185-179-166-194-113-103-89-127-165-187-77-97-141-91-61-36-142-78-175-162-80-190-193-117-198-156-1"
18,53037,100,20749,73786,"17-107-40-100-63-102-135-122-90-191-125-131-38-27-16-1-156-198-117-193-80-190-162-175-78-142-36-61-91-141-97-77-187-165-127-89-103-113-194-166-179-185-99-130-183-95-86-176-163-153-81-82-8-144-111-0-35-109-29-160-33-11-134-6-188-169-132-13-161-70-3-15-145-195-168-139-182-138-104-21-177-5-45-136-31-54-164-73-151-19-112-121-51-120-71-147-178-10-133-72"
19,51316,100,21467,72783,"18-55-34-62-170-152-140-183-95-130-22-99-9-199-4-149-28-59-20-60-148-47-94-66-57-172-179-185-86-166-194-113-26-103-114-137-127-165-89-163-187-146-97-141-77-81-153-180-176-128-124-106-159-143-35-0-111-82-87-21-91-61-36-175-78-142-45-5-177-8-104-56-144-160-33-138-182-11-139-168-195-43-134-51-121-90-147-6-188-169-132-13-145-70-3-15-155-189-29-109"
20,50777,100,21093,71870,"19-112-121-131-125-51-191-90-71-147-178-10-133-122-135-63-102-38-27-16-1-156-198-117-193-80-190-162-175-78-142-36-61-91-141-97-77-187-165-127-89-103-113-194-166-179-185-99-130-94-47-148-20-28-140-183-95-86-176-163-153-81-82-8-144-111-0-35-109-29-160-33-11-134-6-188-169-132-13-161-70-3-15-145-195-168-139-182-138-104-21-177-5-45-136-31-54-164-73-151"
21,51229,100,20357,71586,"20-60-154-94-66-47-148-99-22-179-172-52-185-166-194-113-26-103-114-137-127-165-89-163-187-146-97-141-91-36-61-175-78-142-45-5-177-21-104-138-182-139-168-195-145-15-3-70-161-13-132-169-188-6-147-90-131-121-51-134-11-33-160-29-109-35-0-111-144-8-82-77-81-153-129-180-176-86-130-95-128-106-159-143-124-62-83-18-55-34-170-152-174-183-140-199-4-149-28-59"
22,49875,100,21230,71105,"21-87-82-8-56-144-111-0-35-109-29-160-33-49-11-43-134-74-118-98-51-121-131-135-102-63-40-107-100-122-133-10-178-90-191-71-147-6-188-169-132-13-161-70-3-15-145-195-168-139-182-138-104-25-177-5-45-142-78-175-36-61-91-141-97-187-165-127-89-103-113-194-166-179-185-99-130-66-94-47-148-60-20-28-140-183-152-34-55-18-62-124-106-95-86-176-163-153-81-77"
23,49157,100,20759,69916,"22-99-130-95-86-183-140-152-170-34-55-18-62-128-124-106-143-35-109-29-0-144-160-33-11-134-51-121-131-135-63-122-90-191-147-6-188-169-132-13-161-70-3-15-145-195-168-139-182-138-104-8-177-5-45-142-78-175-36-61-91-21-87-82-111-81-77-141-97-153-187-165-163-89-127-137-114-103-26-180-176-113-194-166-185-179-172-57-66-94-47-148-60-20-59-28-149-4-199-9"
24,51442,100,20130,71572,"23-20-59-28-149-4-199-140-183-174-152-170-34-55-18-83-62-124-143-159-106-128-95-130-86-176-180-129-153-81-77-82-8-144-111-0-35-109-29-160-33-11-134-51-121-90-147-6-188-169-132-13-161-70-3-15-145-195-168-139-182-138-104-21-177-5-45-142-78-175-61-36-91-141-97-146-187-163-89-165-127-137-114-103-26-113-194-166-185-52-172-179-22-99-148-47-66-94-154-60"
25,51395,100,20987,72382,"24-156-198-117-193-80-190-162-175-78-142-36-61-91-141-97-77-187-165-127-89-103-113-194-166-179-185-99-130-47-148-20-28-140-183-95-86-176-163-153-81-82-8-144-111-0-35-109-29-160-33-11-134-6-188-169-132-13-161-70-3-15-145-195-168-139-182-138-104-21-177-5-45-136-31-54-164-73-151-19-112-121-131-125-51-191-90-71-147-178-10-133-122-135-63-102-38-27-16-1"
26,49402,100,21669,71071,"25-5-45-142-175-78-36-61-91-141-97-77-146-187-165-127-89-103-137-114-113-194-166-172-179-185-99-130-22-66-94-47-148-60-20-59-28-149-4-140-183-152-170-34-55-18-62-124-143-106-128-95-86-176-180-163-153-81-82-8-144-111-0-35-109-29-160-33-11-134-51-121-131-135-63-122-133-10-178-90-191-147-6-188-169-132-13-161-70-3-15-145-195-168-139-182-138-104-21-177"
27,50938,100,20066,71004,"26-103-114-137-127-165-89-163-187-146-97-141-91-36-61-175-78-142-45-5-177-21-104-138-182-139-168-195-145-15-3-70-161-13-132-169-188-6-147-90-131-121-51-134-11-33-160-29-109-35-0-111-144-8-82-77-81-153-129-180-176-86-95-128-106-159-143-124-62-83-18-55-34-170-152-174-183-140-199-4-149-28-59-20-60-148-47-154-94-66-22-130-99-185-179-172-52-166-194-113"
28,50241,100,21235,71476,"27-16-1-156-198-117-193-80-190-162-175-78-142-36-61-91-141-97-77-187-165-127-89-103-113-194-166-179-185-99-130-66-94-47-148-60-20-28-140-183-95-86-176-163-153-81-82-8-144-111-0-35-109-29-160-33-11-134-6-188-169-132-13-161-70-3-15-145-195-168-139-182-138-104-21-177-5-45-136-31-164-73-54-151-131-121-51-125-191-90-71-147-178-10-133-122-135-63-102-38"
29,50974,100,19829,70803,"28-149-4-199-140-183-174-152-170-34-55-18-83-62-124-143-159-106-128-95-130-99-22-86-176-180-129-153-81-77-82-8-144-111-0-35-109-29-160-33-11-134-51-121-90-147-6-188-169-132-13-161-70-3-15-145-195-168-139-182-138-104-21-177-5-45-142-78-175-61-36-91-141-97-146-187-163-89-165-127-137-114-103-26-113-194-166-185-179-52-172-57-66-94-154-47-148-60-20-59"
30,48885,100,20986,69871,"29-109-35-0-111-81-153-163-180-176-86-95-128-106-143-124-62-18-55-34-170-152-183-140-4-149-28-59-20-60-148-47-94-66-22-130-99-185-179-172-166-194-113-114-137-103-89-127-165-187-146-97-77-141-91-36-61-175-78-142-45-5-177-21-87-82-8-104-56-144-160-33-138-182-11-139-168-195-43-134-51-121-131-135-63-122-90-191-147-6-188-169-132-13-145-70-3-15-155-189"
31,48853,100,20317,69170,"30-80-190-162-175-78-142-36-61-91-141-97-77-146-187-165-127-89-103-137-114-113-194-166-172-179-185-99-130-22-66-94-47-148-60-20-28-149-4-140-183-152-170-34-55-18-62-124-106-128-95-86-176-180-163-153-81-82-8-144-111-0-35-109-29-160-33-11-134-147-6-188-169-132-13-161-70-3-15-145-195-168-139-182-138-104-21-177-5-45-136-193-31-164-73-54-117-198-1-156"
32,48843,100,20501,69344,"31-164-73-54-117-198-193-80-190-162-175-78-142-36-61-91-141-97-77-146-187-165-127-89-103-137-114-113-194-166-172-179-185-99-130-22-66-94-47-148-60-20-59-28-149-4-140-183-152-170-34-55-18-62-124-143-106-128-95-86-176-180-163-153-81-82-8-144-111-0-35-109-29-160-33-11-134-51-147-6-188-169-132-13-161-70-3-15-145-195-168-139-182-138-104-21-177-5-45-136"
33,50826,100,21501,72327,"32-63-40-107-100-122-133-10-178-147-71-90-191-125-51-121-131-151-54-73-164-31-136-45-5-177-21-104-138-182-139-168-195-145-15-3-70-161-13-132-169-188-6-134-11-33-160-29-109-35-0-111-144-8-82-81-153-163-176-86-95-183-140-28-20-148-47-130-99-185-179-166-194-113-103-89-127-165-187-77-97-141-91-61-36-142-78-175-162-80-190-193-117-198-156-1-16-27-38-135"
34,48885,100,20986,69871,"33-138-182-11-139-168-195-43-134-51-121-131-135-63-122-90-191-147-6-188-169-132-13-145-70-3-15-155-189-29-109-35-0-111-81-153-163-180-176-86-95-128-106-143-124-62-18-55-34-170-152-183-140-4-149-28-59-20-60-148-47-94-66-22-130-99-185-179-172-166-194-113-114-137-103-89-127-165-187-146-97-77-141-91-36-61-175-78-142-45-5-177-21-87-82-8-104-56-144-160"
35,50408,100,20881,71289,"34-109-29-189-155-15-3-70-145-13-132-169-188-6-147-90-131-121-51-134-43-195-168-139-11-182-138-33-160-144-56-104-8-82-87-21-177-5-45-142-78-175-61-36-91-141-77-97-146-187-153-81-111-0-35-143-106-124-128-176-180-163-89-165-127-137-114-103-26-113-194-166-86-185-179-172-57-66-94-47-148-60-20-59-28-149-4-199-9-99-22-130-95-183-140-152-170-62-18-55"
36,48885,100,20986,69871,"35-109-29-189-155-15-3-70-145-13-132-169-188-6-147-191-90-122-63-135-131-121-51-134-43-195-168-139-11-182-138-33-160-144-56-104-8-82-87-21-177-5-45-142-78-175-61-36-91-141-77-97-146-187-165-127-89-103-137-114-113-194-166-172-179-185-99-130-22-66-94-47-148-60-20-59-28-149-4-140-183-152-170-34-55-18-62-124-143-106-128-95-86-176-180-163-153-81-111-0"
37,49465,100,21460,70925,"36-141-97-77-146-187-165-127-89-103-137-114-113-194-166-172-179-185-99-130-22-66-94-47-148-60-20-59-28-149-4-140-183-152-170-34-55-18-62-124-143-106-128-95-86-176-180-163-153-81-82-8-144-111-0-35-109-29-160-33-11-134-118-51-121-131-135-63-122-133-10-178-90-191-147-6-188-169-132-13-161-70-3-15-145-195-168-139-182-138-104-21-177-5-45-142-78-175-91-61"
38,49248,100,20881,70129,"37-35-109-29-0-144-160-33-11-134-51-121-131-135-63-122-133-10-90-191-147-6-188-169-132-13-161-70-3-15-145-195-168-139-182-138-104-8-82-87-21-177-5-45-142-78-175-61-36-91-141-77-97-146-187-165-127-89-103-137-114-113-194-166-172-179-185-99-130-22-66-94-47-148-60-20-59-28-149-4-140-183-152-170-34-55-18-62-124-143-106-128-95-86-176-180-163-153-81-111"
39,50179,100,21173,71352,"38-102-63-135-122-133-10-178-147-71-90-191-125-51-121-131-151-54-73-164-31-136-45-5-177-21-104-138-182-139-168-195-145-15-3-70-161-13-132-169-188-6-134-11-33-160-29-109-35-0-111-144-8-82-81-153-163-176-86-95-183-140-28-20-60-148-47-94-66-130-99-185-179-166-194-113-103-89-127-165-187-77-97-141-91-61-36-142-78-175-162-80-190-193-117-198-156-1-16-27"
40,49200,100,21107,70307,"39-0-35-109-29-189-155-15-3-70-145-13-132-169-188-6-147-191-90-122-63-135-131-121-51-134-43-195-168-139-11-182-138-104-8-82-87-21-177-5-45-142-78-175-61-36-91-141-77-97-146-187-165-127-89-103-137-114-113-194-166-172-179-185-99-130-22-66-94-47-148-60-20-59-28-149-4-140-183-152-170-34-55-18-62-124-143-106-128-95-86-176-180-163-153-81-111-144-33-160"
41,52502,100,20953,73455,"40-100-63-102-135-122-90-191-125-131-38-27-16-1-156-198-117-193-80-190-162-175-78-142-36-61-91-141-97-77-187-165-127-89-103-113-194-166-179-185-99-130-140-183-95-86-176-163-153-81-82-8-144-111-0-35-109-29-160-33-11-134-6-188-169-132-13-161-70-3-15-145-195-168-139-182-138-104-21-177-5-45-136-31-54-164-73-151-19-112-121-51-120-71-147-178-10-133-72-107"
42,49214,100,20787,70001,"41-35-109-0-29-160-33-11-134-51-121-131-135-63-122-133-90-191-147-6-188-169-132-13-161-70-3-15-145-195-168-139-182-138-104-56-144-8-82-87-21-177-5-45-142-78-175-61-36-91-141-77-97-146-187-165-127-89-103-137-114-113-194-166-172-179-185-99-130-22-66-94-47-148-60-20-59-28-149-4-140-183-152-170-34-55-18-62-124-143-106-128-95-86-176-180-163-153-81-111"
43,48751,100,20478,69229,"42-80-190-162-175-78-142-36-61-91-141-97-77-146-187-165-127-89-103-137-114-113-194-166-172-179-185-99-130-22-66-94-47-148-60-20-28-149-4-140-183-152-170-34-55-18-62-124-106-128-95-86-176-180-163-153-81-82-8-144-111-0-35-109-29-160-33-11-134-147-6-188-169-132-13-161-70-3-15-145-195-168-139-182-138-104-21-177-5-45-136-193-31-164-73-54-117-198-1-156"
44,48950,100,20338,69288,"43-11-49-29-109-35-0-111-81-153-163-180-176-86-95-128-106-143-124-62-18-55-34-170-152-183-140-4-149-28-59-20-60-148-47-94-66-22-130-99-185-179-172-166-194-113-114-137-103-89-127-165-187-146-97-77-141-91-36-61-175-78-142-45-5-177-21-87-82-8-104-56-144-160-33-138-182-139-134-51-121-131-135-63-122-90-191-147-6-188-169-132-13-161-70-3-15-145-195-168"
45,51432,100,21499,72931,"44-122-100-107-40-63-102-135-38-27-16-1-156-198-117-193-80-190-162-175-78-142-36-61-91-141-97-77-187-165-127-89-103-113-194-166-179-185-99-130-148-20-28-140-183-95-86-176-163-153-81-82-8-144-111-0-35-109-29-160-33-11-134-6-188-169-132-13-161-70-3-15-145-195-168-139-182-138-104-21-177-5-45-136-31-164-73-54-151-131-121-51-125-191-90-71-147-178-10-133"
46,49120,100,21115,70235,"45-5-177-21-104-138-182-139-168-195-145-15-3-70-161-13-132-169-188-6-147-191-90-178-10-133-122-63-135-131-121-51-118-134-11-33-160-29-109-35-0-111-144-8-82-81-153-163-180-176-86-95-128-106-143-124-62-18-55-34-170-152-183-140-4-149-28-59-20-60-148-47-94-66-22-130-99-185-179-172-166-194-113-114-137-103-89-127-165-187-146-77-97-141-91-61-36-78-175-142"
47,48891,100,19904,68795,"46-80-190-193-198-117-54-31-164-73-136-45-5-177-21-104-138-182-139-168-195-145-15-3-70-161-13-132-169-188-6-147-134-11-33-160-29-109-35-0-111-144-8-82-81-153-163-180-176-86-95-128-106-143-124-62-18-55-34-170-152-183-140-4-149-28-59-20-60-148-47-94-66-22-130-99-185-179-172-166-194-113-114-137-103-89-127-165-187-146-77-97-141-91-61-36-142-78-175-162"
48,51232,100,20360,71592,"47-60-20-59-28-149-4-199-140-183-174-152-170-34-55-18-83-62-124-143-159-106-128-95-130-86-176-180-129-153-81-77-82-8-144-111-0-35-109-29-160-33-11-134-51-121-131-90-147-6-188-169-132-13-161-70-3-15-145-195-168-139-182-138-104-21-177-5-45-142-78-175-61-36-91-141-97-146-187-163-89-165-127-137-114-103-26-113-194-166-185-52-172-179-22-99-148-66-94-154"
49,51306,100,20445,71751,"48-194-113-176-180-26-103-114-137-127-89-163-165-187-153-97-141-77-81-111-82-87-21-91-61-36-175-78-142-45-5-177-8-104-138-182-139-168-195-145-15-3-70-161-13-132-169-188-6-147-191-90-178-10-133-122-100-107-40-63-102-135-131-121-51-98-118-74-134-11-49-33-160-144-0-29-109-35-143-159-106-124-128-62-18-55-34-170-152-140-183-86-95-130-99-22-185-179-172-166"
50,48932,100,20587,69519,"49-29-109-35-0-111-81-153-163-180-176-86-95-128-106-143-124-62-18-55-34-170-152-183-140-4-149-28-59-20-60-148-47-94-66-22-130-99-185-179-172-166-194-113-114-137-103-89-127-165-187-146-97-77-141-91-36-61-175-78-142-45-5-177-21-87-82-8-104-56-144-160-33-138-182-139-168-195-145-15-3-70-161-13-132-169-188-6-147-191-90-133-122-63-135-131-121-51-134-11"
51,49732,100,21177,70909,"50-82-87-21-91-61-36-175-78-142-45-5-177-8-144-56-104-138-182-139-168-195-145-15-3-70-161-13-132-169-188-6-147-191-90-133-122-63-135-131-121-51-134-11-33-160-29-0-109-35-111-81-153-163-180-176-86-95-128-106-143-124-62-18-55-34-170-152-183-140-4-149-28-59-20-60-148-47-94-66-22-130-99-185-179-172-166-194-113-114-137-103-89-127-165-187-146-97-141-77"
52,50797,100,21537,72334,"51-121-131-151-54-73-164-31-136-45-5-177-21-104-138-182-139-168-195-145-15-3-70-161-13-132-169-188-6-134-11-33-160-29-109-35-0-111-144-8-82-81-153-163-176-86-95-183-140-28-20-148-47-130-99-185-179-166-194-113-103-89-127-165-187-77-97-141-91-61-36-142-78-175-162-80-190-193-117-198-156-1-16-27-38-135-102-63-40-107-100-122-133-10-178-147-71-90-191-125"
53,50782,100,19946,70728,"52-166-194-113-176-180-26-103-114-137-127-89-163-165-187-153-97-141-77-81-111-82-87-21-91-61-36-175-78-142-45-5-177-8-104-138-182-139-168-195-145-15-3-70-161-13-132-169-188-6-147-191-90-178-10-133-122-100-107-40-63-102-135-131-121-51-98-118-74-134-11-49-33-160-144-0-29-109-35-143-159-106-124-128-62-18-55-34-170-152-140-183-86-95-130-99-22-185-179-172"
54,48949,100,20369,69318,"53-140-183-95-130-22-99-9-199-4-149-28-59-20-60-148-47-94-66-57-172-179-185-86-166-194-113-176-180-26-103-114-137-127-89-163-165-187-153-97-141-77-81-111-82-87-21-91-61-36-175-78-142-45-5-177-8-104-138-182-139-168-195-145-15-3-70-161-13-132-169-188-6-147-90-122-63-135-131-121-51-134-11-33-160-144-0-29-109-35-143-106-124-128-62-18-55-34-170-152"
55,48843,100,20501,69344,"54-117-198-193-80-190-162-175-78-142-36-61-91-141-97-77-146-187-165-127-89-103-137-114-113-194-166-172-179-185-99-130-22-66-94-47-148-60-20-59-28-149-4-140-183-152-170-34-55-18-62-124-143-106-128-95-86-176-180-163-153-81-82-8-144-111-0-35-109-29-160-33-11-134-51-147-6-188-169-132-13-161-70-3-15-145-195-168-139-182-138-104-21-177-5-45-136-31-164-73"
56,51316,100,21467,72783,"55-34-62-170-152-140-183-95-130-22-99-9-199-4-149-28-59-20-60-148-47-94-66-57-172-179-185-86-166-194-113-26-103-114-137-127-165-89-163-187-146-97-141-77-81-153-180-176-128-124-106-159-143-35-0-111-82-87-21-91-61-36-175-78-142-45-5-177-8-104-56-144-160-33-138-182-11-139-168-195-43-134-51-121-90-147-6-188-169-132-13-145-70-3-15-155-189-29-109-18"
57,49857,100,21394,71251,"56-144-160-111-0-35-109-29-33-11-43-134-74-118-98-51-121-131-135-102-63-40-107-100-122-133-10-178-90-191-71-147-6-188-169-132-13-161-70-3-15-145-195-168-139-182-138-104-25-177-5-45-142-78-175-36-61-91-141-97-187-165-127-89-103-113-194-166-179-185-99-130-66-94-47-148-60-20-28-140-183-152-170-34-55-18-62-124-106-95-86-176-163-153-81-77-21-87-82-8"
58,50560,100,19827,70387,"57-172-179-166-194-113-26-103-114-137-127-165-89-163-187-146-97-141-91-36-61-175-78-142-45-5-177-21-104-138-182-139-168-195-145-15-3-70-161-13-132-169-188-6-147-90-131-121-51-134-11-33-160-29-109-35-0-111-144-8-82-77-81-153-129-180-176-86-185-22-99-130-95-128-106-159-143-124-62-83-18-55-34-170-152-174-183-140-199-4-149-28-59-20-60-148-47-154-94-66"
59,50027,100,20825,70852,"58-82-8-56-144-111-0-35-109-29-160-33-49-11-43-134-74-118-98-51-121-131-135-102-63-40-107-100-122-133-10-178-90-191-71-147-6-188-169-132-13-161-70-3-15-145-195-168-139-182-138-104-87-21-177-5-45-142-78-175-61-36-91-141-97-187-165-127-89-103-113-194-166-179-185-99-130-66-94-47-148-60-20-28-140-183-152-34-55-18-62-124-106-95-86-176-163-153-81-77"
60,50974,100,19829,70803,"59-28-149-4-199-140-183-174-152-170-34-55-18-83-62-124-143-159-106-128-95-130-99-22-86-176-180-129-153-81-77-82-8-144-111-0-35-109-29-160-33-11-134-51-121-90-147-6-188-169-132-13-161-70-3-15-145-195-168-139-182-138-104-21-177-5-45-142-78-175-61-36-91-141-97-146-187-163-89-165-127-137-114-103-26-113-194-166-185-179-52-172-57-66-94-154-47-148-60-20"
61,51229,100,20357,71586,"60-154-94-66-47-148-99-22-179-172-52-185-166-194-113-26-103-114-137-127-165-89-163-187-146-97-141-91-36-61-175-78-142-45-5-177-21-104-138-182-139-168-195-145-15-3-70-161-13-132-169-188-6-147-90-131-121-51-134-11-33-160-29-109-35-0-111-144-8-82-77-81-153-129-180-176-86-130-95-128-106-159-143-124-62-83-18-55-34-170-152-174-183-140-199-4-149-28-59-20"
62,49465,100,21460,70925,"61-91-175-78-142-45-5-177-21-104-138-182-139-168-195-145-15-3-70-161-13-132-169-188-6-147-191-90-178-10-133-122-63-135-131-121-51-118-134-11-33-160-29-109-35-0-111-144-8-82-81-153-163-180-176-86-95-128-106-143-124-62-18-55-34-170-152-183-140-4-149-28-59-20-60-148-47-94-66-22-130-99-185-179-172-166-194-113-114-137-103-89-127-165-187-146-77-97-141-36"
63,51316,100,21467,72783,"62-34-55-18-109-29-189-155-15-3-70-145-13-132-169-188-6-147-90-121-51-134-43-195-168-139-11-182-138-33-160-144-56-104-8-177-5-45-142-78-175-36-61-91-21-87-82-111-0-35-143-159-106-124-128-176-180-153-81-77-141-97-146-187-163-89-165-127-137-114-103-26-113-194-166-86-185-179-172-57-66-94-47-148-60-20-59-28-149-4-199-9-99-22-130-95-183-140-152-170"
64,50797,100,21537,72334,"63-40-107-100-122-133-10-178-147-71-90-191-125-51-121-131-151-54-73-164-31-136-45-5-177-21-104-138-182-139-168-195-145-15-3-70-161-13-132-169-188-6-134-11-33-160-29-109-35-0-111-144-8-82-81-153-163-176-86-95-183-140-28-20-148-47-130-99-185-179-166-194-113-103-89-127-165-187-77-97-141-91-61-36-142-78-175-162-80-190-193-117-198-156-1-16-27-38-135-102"
65,51302,100,19858,71160,"64-86-95-128-106-159-143-124-62-83-18-55-34-170-152-174-183-140-199-4-149-28-59-20-60-148-47-154-94-66-22-130-99-185-179-172-52-166-194-113-26-103-114-137-127-165-89-163-187-146-97-141-91-36-61-175-78-142-45-5-177-21-104-138-182-139-168-195-145-15-3-70-161-13-132-169-188-6-147-90-121-51-134-11-33-160-29-109-35-0-111-144-8-82-77-81-153-129-180-176"
66,51944,100,19196,71140,"65-188-6-169-126-168-195-145-15-189-34-109-29-49-11-139-182-138-33-160-144-56-104-8-82-87-21-177-5-45-142-78-175-61-36-91-141-77-97-146-187-153-81-111-0-35-143-159-106-124-128-62-18-55-83-95-86-176-180-163-89-165-127-137-114-103-26-113-194-166-52-172-179-185-22-99-130-9-66-94-47-148-60-20-59-28-149-4-199-183-140-152-170-184-155-3-70-161-13-132"
67,51232,100,20360,71592,"66-148-99-22-179-172-52-185-166-194-113-26-103-114-137-127-165-89-163-187-146-97-141-91-36-61-175-78-142-45-5-177-21-104-138-182-139-168-195-145-15-3-70-161-13-132-169-188-6-147-90-131-121-51-134-11-33-160-29-109-35-0-111-144-8-82-77-81-153-129-180-176-86-130-95-128-106-159-143-124-62-83-18-55-34-170-152-174-183-140-199-4-149-28-59-20-60-47-154-94"
68,50986,100,21491,72477,"67-51-121-131-151-54-73-164-31-136-45-5-177-21-104-138-182-139-168-195-145-15-3-70-161-13-132-169-188-6-134-11-33-160-29-109-35-0-111-144-8-82-81-153-163-176-86-95-183-140-28-20-148-47-130-99-185-179-166-194-113-103-89-127-165-187-77-97-141-91-61-36-142-78-175-162-80-190-193-117-198-156-1-16-27-38-135-102-63-40-107-100-122-133-10-178-90-191-147-71"
69,50164,100,20876,71040,"68-111-35-109-0-29-160-33-49-11-43-134-74-118-98-51-121-131-135-102-63-40-107-100-122-133-10-178-90-191-71-147-6-188-169-132-13-161-70-3-15-145-195-168-139-182-138-104-56-144-8-177-5-45-142-78-175-36-61-91-141-97-187-165-127-89-103-113-194-166-179-185-99-130-66-94-47-148-60-20-28-140-183-152-34-55-18-62-124-106-95-86-176-163-153-81-77-21-87-82"
70,49693,100,21547,71240,"69-109-35-0-111-81-153-163-180-176-86-95-128-106-143-124-62-18-55-34-170-152-183-140-4-149-28-59-20-60-148-47-94-66-22-130-99-185-179-172-166-194-113-114-137-103-89-127-165-187-146-97-77-141-91-36-61-175-78-142-45-5-177-21-87-82-8-104-56-144-160-33-138-182-139-11-168-195-43-134-51-121-131-135-63-122-90-147-6-188-169-132-13-145-70-3-15-155-189-29"
71,51720,100,19096,70816,"70-161-188-6-169-132-13-126-168-195-145-15-189-34-109-29-49-11-139-182-138-33-160-144-56-104-8-82-87-21-177-5-45-142-78-175-61-36-79-91-141-77-97-146-187-153-81-111-0-35-143-159-106-124-128-62-18-55-83-95-86-176-180-163-89-165-127-137-114-103-26-113-194-166-52-172-179-185-22-99-130-9-66-94-47-148-60-20-59-28-149-4-199-183-140-152-170-184-155-3"
72,50314,100,21604,71918,"71-147-51-121-131-151-54-73-164-31-136-45-5-177-21-104-138-182-139-168-195-145-15-3-70-161-13-132-169-188-6-134-11-33-160-29-109-35-0-111-144-8-82-81-153-163-176-86-95-183-140-28-20-148-47-94-130-99-185-179-166-194-113-103-89-127-165-187-77-97-141-91-61-36-142-78-175-162-80-190-193-117-198-156-1-16-27-38-135-102-63-40-107-100-122-133-10-178-90-191"
73,52502,100,20953,73455,"72-107-40-100-63-102-135-122-90-191-125-131-38-27-16-1-156-198-117-193-80-190-162-175-78-142-36-61-91-141-97-77-187-165-127-89-103-113-194-166-179-185-99-130-140-183-95-86-176-163-153-81-82-8-144-111-0-35-109-29-160-33-11-134-6-188-169-132-13-161-70-3-15-145-195-168-139-182-138-104-21-177-5-45-136-31-54-164-73-151-19-112-121-51-120-71-147-178-10-133"
74,48843,100,20501,69344,"73-54-117-198-193-80-190-162-175-78-142-36-61-91-141-97-77-146-187-165-127-89-103-137-114-113-194-166-172-179-185-99-130-22-66-94-47-148-60-20-59-28-149-4-140-183-152-170-34-55-18-62-124-143-106-128-95-86-176-180-163-153-81-82-8-144-111-0-35-109-29-160-33-11-134-51-147-6-188-169-132-13-161-70-3-15-145-195-168-139-182-138-104-21-177-5-45-136-31-164"
75,52551,100,21108,73659,"74-98-51-125-191-90-71-147-178-10-133-122-100-107-40-63-102-135-38-27-16-1-156-198-117-193-80-190-162-175-78-142-36-61-91-141-97-77-187-165-127-89-103-113-194-166-179-185-99-130-140-183-95-86-176-163-153-81-82-8-144-111-0-35-109-29-160-33-11-134-6-188-169-132-13-161-70-3-15-145-195-168-139-182-138-104-21-177-5-45-136-31-164-73-54-151-131-121-116-118"
76,50380,100,21896,72276,"75-114-113-194-166-172-179-185-22-99-130-95-86-183-140-199-9-148-47-66-94-60-20-59-28-149-4-152-170-34-55-18-62-128-124-143-159-106-35-109-29-0-144-160-33-11-134-51-121-131-135-63-122-90-147-6-188-169-132-13-161-70-3-15-145-195-168-139-182-138-104-8-177-5-45-142-78-175-36-61-91-21-87-82-111-81-77-141-97-153-187-176-180-26-103-163-89-165-127-137"
77,51037,100,20287,71324,"76-166-52-172-179-185-99-130-22-66-94-154-47-148-60-20-59-28-149-4-199-140-183-174-152-170-34-55-18-83-62-124-143-159-106-128-95-86-194-176-180-113-26-103-163-153-81-77-82-8-144-111-0-35-109-29-160-33-11-134-51-121-131-90-147-6-188-169-132-13-161-70-3-15-145-195-168-139-182-138-104-21-177-5-45-142-78-175-61-36-91-141-97-146-187-89-165-127-137-114"
78,50530,100,20391,70921,"77-81-153-163-180-176-86-95-128-106-159-143-124-62-83-18-55-34-170-152-174-183-140-199-4-149-28-59-20-60-148-47-154-94-66-22-130-99-185-179-172-52-166-194-113-26-114-137-103-89-127-165-187-146-97-141-91-36-61-175-78-142-45-5-177-21-104-138-182-139-168-195-145-15-3-70-161-13-132-169-188-6-147-90-122-131-121-51-134-11-33-160-29-109-35-0-111-144-8-82"
79,49120,100,21115,70235,"78-36-61-91-141-97-77-146-187-165-127-89-103-137-114-113-194-166-172-179-185-99-130-22-66-94-47-148-60-20-59-28-149-4-140-183-152-170-34-55-18-62-124-143-106-128-95-86-176-180-163-153-81-82-8-144-111-0-35-109-29-160-33-11-134-118-51-121-131-135-63-122-133-10-178-90-191-147-6-188-169-132-13-161-70-3-15-145-195-168-139-182-138-104-21-177-5-45-142-175"
80,49520,100,21322,70842,"79-61-36-141-97-77-146-187-165-127-89-103-137-114-113-194-166-172-179-185-99-130-22-66-94-47-148-60-20-59-28-149-4-140-183-152-170-34-55-18-62-124-143-106-128-95-86-176-180-163-153-81-82-8-144-111-0-35-109-29-160-33-11-134-51-121-131-135-63-122-133-10-178-90-191-147-6-188-169-132-13-161-70-3-15-145-195-168-139-182-138-104-21-177-5-45-142-78-175-91"
81,48678,100,20336,69014,"80-162-175-78-142-36-61-91-141-97-77-146-187-165-127-89-103-137-114-113-194-166-172-179-185-99-130-22-66-94-47-148-60-20-59-28-149-4-140-183-152-170-34-55-18-62-124-143-106-128-95-86-176-180-163-153-81-82-8-144-111-0-35-109-29-160-33-11-134-51-147-6-188-169-132-13-161-70-3-15-145-195-168-139-182-138-104-21-177-5-45-136-73-164-31-54-117-198-193-190"
82,50530,100,20391,70921,"81-153-163-180-176-86-95-128-106-159-143-124-62-83-18-55-34-170-152-174-183-140-199-4-149-28-59-20-60-148-47-154-94-66-22-130-99-185-179-172-52-166-194-113-26-114-137-103-89-127-165-187-146-97-141-91-36-61-175-78-142-45-5-177-21-104-138-182-139-168-195-145-15-3-70-161-13-132-169-188-6-147-90-122-131-121-51-134-11-33-160-29-109-35-0-111-144-8-82-77"
83,49875,100,21230,71105,"82-87-21-77-81-153-163-176-86-95-106-124-62-18-55-34-152-183-140-28-20-60-148-47-94-66-130-99-185-179-166-194-113-103-89-127-165-187-97-141-91-61-36-175-78-142-45-5-177-25-104-138-182-139-168-195-145-15-3-70-161-13-132-169-188-6-147-71-191-90-178-10-133-122-100-107-40-63-102-135-131-121-51-98-118-74-134-43-11-49-33-160-29-109-35-0-111-144-56-8"
84,49223,100,20693,69916,"83-170-152-140-183-95-130-22-99-9-199-4-149-28-59-20-60-148-47-94-66-57-172-179-185-86-166-194-113-176-180-26-103-114-137-127-89-163-165-187-153-97-141-77-81-111-82-87-21-91-61-36-175-78-142-45-5-177-8-104-138-182-139-168-195-145-15-3-70-161-13-132-169-188-6-147-90-122-63-135-131-121-51-134-11-33-160-144-0-29-109-35-143-106-124-128-62-18-34-55"
85,49250,100,21086,70336,"84-70-3-15-145-195-168-29-109-35-0-111-81-153-163-180-176-86-95-128-106-143-124-62-18-55-34-170-152-183-140-4-149-28-59-20-60-148-47-94-66-22-130-99-185-179-172-166-194-113-114-137-103-89-127-165-187-146-97-77-141-91-36-61-175-78-142-45-5-177-21-87-82-8-104-56-144-160-33-138-182-11-139-43-134-51-121-131-135-63-122-90-147-6-188-169-132-13-189-155"
86,48643,100,20495,69138,"85-51-121-131-135-63-122-133-10-178-90-191-147-6-188-169-132-13-70-3-15-145-195-168-29-109-35-0-111-81-153-163-180-176-86-95-128-106-143-124-62-18-55-34-170-152-183-140-4-149-28-20-60-148-47-94-66-22-130-99-185-179-172-166-194-113-114-137-103-89-127-165-187-146-97-77-141-91-36-61-175-78-142-45-5-177-21-87-82-8-104-56-144-160-33-138-182-11-139-134"
87,50732,100,20025,70757,"86-95-130-99-22-185-179-172-166-194-113-176-180-26-103-114-137-127-89-163-165-187-153-97-141-77-81-111-82-87-21-91-61-36-175-78-142-45-5-177-8-104-138-182-139-168-195-145-15-3-70-161-13-132-169-188-6-147-191-90-178-10-133-122-100-107-40-63-102-135-131-121-51-98-118-74-134-43-11-49-33-160-144-0-29-109-35-143-159-106-124-128-62-18-55-34-170-152-140-183"
88,49875,100,21230,71105,"87-82-8-56-144-111-0-35-109-29-160-33-49-11-43-134-74-118-98-51-121-131-135-102-63-40-107-100-122-133-10-178-90-191-71-147-6-188-169-132-13-161-70-3-15-145-195-168-139-182-138-104-25-177-5-45-142-78-175-36-61-91-141-97-187-165-127-89-103-113-194-166-179-185-99-130-66-94-47-148-60-20-28-140-183-152-34-55-18-62-124-106-95-86-176-163-153-81-77-21"
89,51204,100,19847,71051,"88-86-95-128-106-159-143-124-62-83-18-55-34-170-152-174-183-140-199-4-149-28-59-20-60-148-47-154-94-66-22-130-99-185-179-172-52-166-194-113-26-103-114-137-127-165-89-163-187-146-97-141-91-36-61-175-78-142-45-5-177-21-104-138-182-139-168-195-145-15-3-70-161-13-132-169-188-6-147-90-121-51-134-11-33-160-29-109-35-0-111-144-8-82-77-81-153-129-180-176"
90,50938,100,20066,71004,"89-163-187-146-97-141-91-36-61-175-78-142-45-5-177-21-104-138-182-139-168-195-145-15-3-70-161-13-132-169-188-6-147-90-131-121-51-134-11-33-160-29-109-35-0-111-144-8-82-77-81-153-129-180-176-86-95-128-106-159-143-124-62-83-18-55-34-170-152-174-183-140-199-4-149-28-59-20-60-148-47-154-94-66-22-130-99-185-179-172-52-166-194-113-26-103-114-137-127-165"
91,50859,100,21599,72458,"90-71-147-178-10-133-122-100-107-40-63-102-135-38-27-16-1-156-198-117-193-80-190-162-175-78-142-36-61-91-141-97-77-187-165-127-89-103-113-194-166-179-185-99-130-47-148-20-28-140-183-95-86-176-163-153-81-82-8-144-111-0-35-109-29-160-33-11-134-6-188-169-132-13-161-70-3-15-145-195-168-139-182-138-104-21-177-5-45-136-31-164-73-54-151-131-121-51-125-191"
92,49465,100,21460,70925,"91-61-36-141-97-77-146-187-165-127-89-103-137-114-113-194-166-172-179-185-99-130-22-66-94-47-148-60-20-59-28-149-4-140-183-152-170-34-55-18-62-124-143-106-128-95-86-176-180-163-153-81-82-8-144-111-0-35-109-29-160-33-11-134-118-51-121-131-135-63-122-133-10-178-90-191-147-6-188-169-132-13-161-70-3-15-145-195-168-139-182-138-104-21-177-5-45-142-78-175"
93,53213,100,20830,74043,"92-102-135-122-90-191-125-131-38-27-16-1-156-198-117-193-80-190-162-175-78-142-36-61-91-141-97-77-187-165-127-89-103-113-194-166-179-185-99-130-183-95-86-176-163-153-81-82-8-144-111-0-35-109-29-160-33-11-134-6-188-169-132-13-161-70-3-15-145-195-168-139-182-138-104-21-177-5-45-136-31-54-164-73-151-19-112-121-51-120-71-147-178-10-133-72-107-40-100-63"
94,51315,100,21988,73303,"93-114-113-194-166-172-179-185-22-99-130-95-86-183-140-199-9-148-47-66-94-60-20-59-28-149-4-152-170-34-55-18-62-128-124-143-159-106-35-109-29-0-144-160-33-11-134-51-121-131-135-122-90-147-6-188-169-132-13-161-70-3-15-145-195-168-139-182-138-104-8-177-5-45-142-78-175-36-61-91-21-87-82-111-81-77-141-97-153-187-176-180-26-103-163-89-165-127-137-75"
95,51232,100,20360,71592,"94-66-148-99-22-179-172-52-185-166-194-113-26-103-114-137-127-165-89-163-187-146-97-141-91-36-61-175-78-142-45-5-177-21-104-138-182-139-168-195-145-15-3-70-161-13-132-169-188-6-147-90-131-121-51-134-11-33-160-29-109-35-0-111-144-8-82-77-81-153-129-180-176-86-130-95-128-106-159-143-124-62-83-18-55-34-170-152-174-183-140-199-4-149-28-59-20-60-47-154"
96,50732,100,20025,70757,"95-86-183-140-152-170-34-55-18-62-128-124-106-159-143-35-109-29-0-144-160-33-49-11-43-134-74-118-98-51-121-131-135-102-63-40-107-100-122-133-10-178-90-191-147-6-188-169-132-13-161-70-3-15-145-195-168-139-182-138-104-8-177-5-45-142-78-175-36-61-91-21-87-82-111-81-77-141-97-153-187-165-163-89-127-137-114-103-26-180-176-113-194-166-172-179-185-22-99-130"
97,50924,100,21570,72494,"96-135-38-27-16-1-156-198-117-193-80-190-162-175-78-142-36-61-91-141-97-77-187-165-127-89-103-113-194-166-179-185-99-130-47-148-20-28-140-183-95-86-176-163-153-81-82-8-144-111-0-35-109-29-160-33-11-134-6-188-169-132-13-161-70-3-15-145-195-168-139-182-138-104-21-177-5-45-136-31-164-73-54-151-131-121-51-125-191-90-71-147-178-10-133-122-100-107-40-63"
98,50530,100,20391,70921,"97-141-91-36-61-175-78-142-45-5-177-21-104-138-182-139-168-195-145-15-3-70-161-13-132-169-188-6-147-90-122-131-121-51-134-11-33-160-29-109-35-0-111-144-8-82-77-81-153-163-180-176-86-95-128-106-159-143-124-62-83-18-55-34-170-152-174-183-140-199-4-149-28-59-20-60-148-47-154-94-66-22-130-99-185-179-172-52-166-194-113-26-114-137-103-89-127-165-187-146"
99,52278,100,21470,73748,"98-118-116-121-131-151-54-73-164-31-136-45-5-177-21-104-138-182-139-168-195-145-15-3-70-161-13-132-169-188-6-134-11-33-160-29-109-35-0-111-144-8-82-81-153-163-176-86-95-183-140-20-130-99-185-179-166-194-113-103-89-127-165-187-77-97-141-91-61-36-142-78-175-162-80-190-193-117-198-156-1-16-27-38-135-102-63-40-107-100-122-133-10-178-147-71-90-191-125-51"
100,49162,100,21063,70225,"99-22-130-95-86-128-55-34-18-62-124-106-143-35-109-29-0-144-160-33-11-134-51-121-131-135-63-122-133-10-90-191-147-6-188-169-132-13-161-70-3-15-145-195-168-139-182-138-104-8-177-5-45-142-78-175-36-61-91-21-87-82-111-81-77-141-97-153-187-165-163-89-127-137-114-103-26-180-176-113-194-166-185-179-172-57-66-94-47-148-60-20-59-28-149-4-152-140-183-9"
