SolutionID,TotalCost,NumNodes,TotalDistance,ObjectiveFunction,Cycle
1,251612,100,158726,410338,"169-158-54-109-19-65-167-165-79-35-24-176-0-130-59-38-1-145-113-122-71-45-172-156-123-144-31-3-128-179-53-20-49-7-62-5-72-188-36-194-181-197-133-112-34-186-2-9-118-190-160-121-111-153-163-91-175-126-192-187-170-75-41-138-11-154-174-116-48-90-8-21-164-78-171-64-96-180-150-168-70-106-43-40-15-120-161-61-147-151-155-195-63-124-127-182-183-66-117-10"
2,273085,100,175817,448902,"103-142-98-197-150-60-15-125-8-133-199-105-41-71-149-66-169-44-7-31-54-46-27-1-24-78-65-40-129-91-189-174-154-67-38-104-59-72-14-131-93-10-159-124-139-157-26-127-168-116-152-172-33-119-6-18-171-23-136-151-170-69-198-90-81-128-94-82-45-134-62-160-80-117-85-161-25-158-89-126-175-179-2-42-186-101-145-77-114-164-112-135-196-167-5-17-50-74-176-32"
3,268854,100,170710,439564,"11-188-111-169-57-162-116-81-110-196-164-123-25-157-153-100-66-4-75-49-128-187-60-198-98-106-199-125-184-31-29-0-56-80-138-18-183-10-3-42-140-16-134-148-13-74-46-115-14-149-8-76-5-91-158-122-142-63-1-97-19-93-150-102-171-85-131-61-120-192-141-146-69-105-83-36-159-37-127-161-180-2-92-174-132-9-121-59-44-68-30-129-50-118-94-177-117-193-99-112"
4,261997,100,168252,430249,"160-171-36-34-184-23-122-133-130-88-76-52-142-165-11-198-137-4-24-89-111-149-70-127-31-104-73-166-1-48-196-159-43-189-157-50-2-115-172-87-125-84-154-141-61-143-187-0-77-55-148-121-32-129-131-186-134-9-110-156-185-35-112-98-54-103-146-139-97-62-163-116-123-41-44-25-72-58-49-86-67-169-105-18-53-195-64-51-162-144-59-90-19-161-158-45-37-16-113-106"
5,253196,100,152034,405230,"24-132-137-110-147-109-136-166-34-19-103-16-101-118-84-172-15-70-88-167-32-93-85-64-62-26-74-37-97-161-41-63-187-98-71-33-112-69-164-116-27-44-95-105-11-4-168-175-77-68-21-102-154-78-157-25-104-117-66-139-122-145-17-128-133-159-81-106-87-178-121-148-54-184-45-191-188-150-38-100-76-176-72-29-107-67-185-1-0-131-53-173-55-94-49-90-156-12-82-193"
6,275185,100,177487,452672,"51-77-145-19-178-47-91-61-176-104-30-154-95-35-184-36-185-159-64-183-129-196-109-26-23-5-82-76-136-83-102-156-130-14-128-60-113-108-27-190-168-85-65-149-197-11-187-155-94-143-13-88-10-164-191-29-63-6-62-4-55-165-69-192-152-72-54-100-188-199-114-68-107-33-80-8-84-52-112-25-133-177-167-153-147-115-123-20-179-180-121-43-125-144-120-90-92-1-15-18"
7,260925,100,165172,426097,"48-162-27-33-179-93-49-88-76-199-142-70-31-78-186-106-116-159-5-181-6-195-126-74-21-149-69-115-19-150-4-172-40-193-105-99-117-153-84-2-112-1-36-166-82-35-18-118-22-81-0-127-98-131-182-59-25-190-157-113-177-194-175-65-168-138-188-185-163-52-62-136-144-39-8-174-100-102-156-154-56-170-41-146-54-176-140-121-187-124-38-151-130-167-160-28-141-11-71-14"
8,260138,100,162464,422602,"172-103-75-116-122-153-65-197-71-17-165-120-41-181-141-19-27-130-135-175-6-145-193-84-1-113-45-50-97-127-179-70-151-18-182-29-137-37-173-166-8-105-189-90-129-155-94-32-22-142-59-138-148-33-25-74-3-161-11-111-168-104-39-14-44-164-78-125-107-183-92-160-199-174-10-38-152-61-119-158-132-180-12-31-178-133-55-110-28-139-108-62-188-57-88-30-185-77-47-112"
9,255679,100,165537,421216,"16-122-197-100-46-32-175-153-62-174-155-140-113-102-90-171-135-169-132-121-124-123-21-162-138-139-50-119-3-55-177-184-195-110-79-57-104-164-157-20-97-112-176-10-72-168-17-2-101-96-130-87-111-126-31-80-182-15-43-133-94-129-85-154-69-106-188-73-117-128-48-191-74-9-156-148-158-186-22-5-24-65-88-190-18-14-108-63-53-45-165-116-145-150-127-19-49-75-68-146"
10,258243,100,165542,423785,"118-3-186-104-75-189-38-29-52-81-13-71-133-49-100-28-177-136-124-181-151-157-57-44-65-145-170-184-188-89-20-176-5-112-27-80-191-67-102-70-140-116-168-192-101-1-17-174-2-161-72-15-59-79-121-97-0-156-167-193-12-66-153-126-34-9-60-56-11-64-114-69-96-175-37-43-165-90-158-4-78-50-187-48-22-31-135-42-91-84-68-130-148-137-87-132-178-73-139-16"
11,252511,100,159464,411975,"0-44-57-178-35-102-160-153-3-144-23-122-148-113-194-150-42-74-131-191-46-87-170-96-180-137-43-186-76-97-20-88-120-104-143-169-146-13-32-12-47-99-8-34-66-56-127-70-19-197-58-67-118-62-1-63-33-71-187-6-31-114-166-36-185-85-196-60-103-10-162-198-78-55-163-77-149-41-182-2-14-51-190-54-30-81-123-94-101-154-16-61-52-128-176-93-82-195-49-135"
12,267519,100,170200,437719,"132-36-167-146-198-66-31-163-145-175-0-25-58-194-51-195-102-164-85-38-136-140-79-113-22-63-27-127-12-56-70-39-120-81-118-106-44-187-168-147-8-40-30-28-105-59-124-86-159-101-23-131-1-76-32-48-176-45-99-87-183-154-78-37-153-96-144-142-160-35-137-21-134-192-17-62-69-180-64-61-107-43-16-179-149-150-158-13-52-162-177-123-110-130-71-29-5-41-2-88"
13,266230,100,170001,436231,"20-123-41-101-36-179-126-1-168-25-43-157-65-169-103-199-50-167-87-10-40-57-5-59-38-86-143-113-151-182-99-4-140-159-148-112-96-64-34-9-93-76-71-49-196-54-44-88-173-63-172-160-142-91-27-102-53-3-80-165-104-197-105-149-152-47-90-55-128-24-107-11-171-194-124-114-32-51-58-75-46-6-198-177-30-108-146-138-145-23-193-69-136-153-137-158-94-110-72-147"
14,274869,100,179541,454410,"45-194-74-128-150-79-12-33-82-24-165-18-198-119-40-166-61-88-72-35-37-84-186-3-148-113-101-13-175-127-110-140-38-36-188-4-136-70-56-58-20-184-155-176-21-97-77-106-152-8-123-120-151-144-141-9-197-14-67-78-53-182-30-109-159-129-174-181-180-196-108-31-163-91-98-147-183-81-122-65-43-42-27-173-116-80-118-39-34-57-169-46-95-170-105-190-177-73-55-16"
15,254856,100,159242,414098,"131-106-151-50-176-89-174-21-78-152-87-20-4-9-157-25-191-192-103-168-102-110-184-111-26-59-93-169-124-159-134-154-158-138-31-70-196-67-112-54-27-109-160-187-0-95-129-85-76-189-166-123-101-72-48-98-141-133-194-164-142-79-143-182-144-34-193-46-15-52-149-24-69-62-96-161-104-5-137-28-1-163-178-130-45-64-14-118-90-165-60-47-156-77-140-94-51-80-23-63"
16,272287,100,181572,453859,"130-120-199-1-35-46-117-198-183-144-71-101-95-18-12-131-92-34-108-97-146-186-181-84-154-155-67-56-51-42-44-142-19-38-171-147-40-70-48-180-99-109-47-174-105-197-81-170-31-53-190-166-137-187-74-69-16-128-75-26-111-30-107-55-141-94-175-195-2-0-116-191-21-189-91-194-163-127-177-140-79-50-114-153-22-145-123-157-77-66-73-49-29-68-90-8-138-65-184-100"
17,263911,100,171421,435332,"108-103-164-140-78-52-119-179-24-121-154-157-25-34-60-144-101-4-55-171-174-85-30-127-84-77-183-155-139-9-0-178-83-46-189-110-125-12-40-192-3-198-54-184-123-159-42-70-53-47-182-118-186-5-196-149-16-188-75-15-64-89-187-190-98-180-194-29-49-117-146-69-86-168-35-107-73-41-7-147-22-27-143-45-8-11-32-96-181-109-38-37-93-59-36-18-39-80-113-152"
18,260665,100,158289,418954,"88-174-195-137-150-167-45-103-114-110-0-166-160-20-120-168-64-134-22-68-151-183-85-131-83-7-155-194-12-111-53-72-40-187-101-190-139-57-104-29-9-154-145-140-148-132-124-189-196-77-122-90-176-76-125-4-18-82-199-100-80-70-35-11-19-59-107-172-182-67-130-123-2-162-144-159-161-173-158-152-141-78-66-58-133-27-47-8-52-105-153-32-16-157-112-86-96-163-116-55"
19,251193,100,156456,407649,"84-120-106-12-183-173-24-85-59-114-32-189-3-154-92-90-118-135-105-172-175-191-109-21-8-18-111-5-168-196-187-138-139-94-142-82-67-68-35-6-79-40-140-199-76-174-29-9-55-78-2-147-34-65-77-149-194-87-50-101-169-46-1-128-49-190-112-52-159-75-178-156-182-61-23-153-104-133-155-148-11-56-145-115-123-89-53-93-119-17-198-137-188-70-150-63-146-22-16-102"
20,268372,100,173343,441715,"99-46-125-54-85-24-66-23-194-126-122-115-181-49-61-110-39-164-79-75-185-195-168-128-162-16-38-167-58-177-90-11-147-57-86-98-48-40-192-143-129-121-112-149-96-78-2-160-41-45-82-50-183-6-70-146-19-127-9-88-12-35-7-187-20-83-0-131-114-29-108-179-92-171-175-102-163-106-31-118-198-43-28-145-63-42-15-93-62-27-138-81-140-169-13-18-105-117-176-36"
21,269083,100,166528,435611,"42-105-84-85-73-86-81-10-162-130-92-125-107-192-132-46-170-2-39-174-173-67-103-7-51-65-183-104-166-139-175-126-6-163-99-60-16-14-98-115-159-160-167-59-58-19-129-142-119-140-76-141-147-24-106-179-49-31-50-121-91-193-185-168-190-70-43-25-164-169-8-5-187-153-1-48-4-94-53-29-36-82-195-149-137-165-138-37-172-102-146-111-17-109-97-101-177-127-45-55"
22,267322,100,168674,435996,"30-3-124-16-12-193-113-81-77-67-101-41-53-0-125-84-162-166-144-195-133-45-131-73-36-43-97-24-82-98-164-103-174-38-128-123-79-155-197-39-28-129-190-34-199-150-95-173-153-120-117-9-50-104-139-75-165-191-44-92-60-192-5-54-115-61-83-116-13-188-48-65-112-89-167-74-180-196-111-177-146-154-99-96-33-42-141-110-160-94-52-179-56-71-126-176-64-20-49-2"
23,250565,100,157718,408283,"63-83-90-194-35-58-102-160-82-132-17-183-52-54-48-7-164-71-66-145-44-124-120-6-57-105-148-92-186-133-131-144-167-179-126-127-61-84-113-64-181-15-40-158-130-162-134-139-147-29-154-137-47-104-14-42-97-119-123-0-73-39-99-149-5-51-86-38-34-37-166-178-191-89-26-169-188-18-22-23-153-4-109-78-31-171-176-189-106-195-163-125-161-94-128-177-142-87-185-13"
24,288280,100,194350,482630,"163-8-49-78-162-182-46-51-85-172-4-58-122-112-50-38-161-65-145-199-36-0-54-45-91-195-134-94-16-69-44-34-57-32-100-148-96-59-174-77-150-126-40-24-171-108-33-5-89-175-105-119-41-35-113-131-81-84-190-135-117-53-19-155-60-2-118-191-72-68-197-22-138-192-106-129-139-128-143-86-140-109-64-196-144-90-23-73-159-185-20-181-1-137-17-107-115-7-146-132"
25,277312,100,176770,454082,"15-145-26-113-184-37-2-64-114-125-118-6-156-59-45-31-1-135-91-130-56-19-41-50-141-72-4-174-115-150-151-192-148-177-55-157-80-172-190-196-147-20-85-22-188-74-180-129-23-143-168-28-14-126-60-175-10-186-195-21-89-5-65-90-29-70-87-149-133-171-35-97-63-102-178-51-86-83-8-93-96-104-11-194-187-3-105-128-173-40-13-136-153-167-112-78-42-134-137-52"
26,270098,100,178714,448812,"185-139-90-120-198-22-156-46-130-26-52-53-40-101-166-175-187-79-110-76-30-171-81-50-87-196-127-55-106-93-194-119-18-108-104-75-98-182-193-6-161-3-186-192-68-181-167-1-9-149-65-29-67-123-129-82-11-85-21-136-59-132-146-64-5-25-7-142-49-44-10-143-43-73-83-51-147-92-170-190-23-164-95-105-94-4-0-13-118-20-157-158-69-31-184-131-137-145-116-24"
27,261384,100,163313,424697,"8-162-186-23-9-198-131-132-80-7-152-158-183-72-123-34-39-48-102-63-15-71-154-125-56-36-103-88-137-28-20-59-107-89-30-161-82-163-0-16-67-144-164-33-62-145-148-169-126-105-75-124-69-155-77-195-147-12-46-6-178-179-115-188-13-84-99-87-86-97-173-5-165-172-194-65-197-81-108-149-92-177-199-47-190-93-110-52-31-3-73-54-191-116-78-171-64-181-51-109"
28,271549,100,178071,449620,"113-84-123-54-90-4-101-177-62-195-28-94-197-199-24-33-140-69-181-37-16-57-34-130-17-65-44-0-50-146-144-172-161-56-122-3-184-192-80-105-110-81-93-8-170-11-78-32-171-53-87-47-10-141-139-38-135-126-9-148-72-168-6-164-114-137-189-104-14-138-124-49-127-35-67-25-92-120-183-7-159-166-128-109-121-85-194-117-175-132-129-198-149-152-193-98-73-143-165-102"
29,264977,100,169853,434830,"126-168-145-154-146-82-178-37-185-0-155-81-106-8-99-147-130-138-62-77-32-84-120-40-12-22-117-17-25-186-31-150-181-89-103-193-64-108-160-144-14-165-174-34-83-97-71-113-161-128-58-42-11-61-125-189-139-196-162-163-18-59-21-48-75-164-79-91-27-137-187-57-172-167-33-112-140-46-123-182-66-195-39-6-98-104-90-52-190-93-23-143-107-197-176-2-29-183-198-85"
30,271923,100,175987,447910,"41-143-119-80-164-66-18-99-140-35-59-146-197-37-65-29-101-122-47-137-54-45-58-32-14-199-130-60-124-85-160-168-106-79-123-141-142-128-21-17-118-186-96-25-163-39-151-33-132-177-129-12-179-117-166-46-50-98-147-63-175-111-24-107-105-185-139-178-162-161-0-86-20-74-31-136-167-89-195-6-108-100-183-90-44-34-36-75-112-104-7-114-170-23-81-165-16-26-22-127"
31,261488,100,165894,427382,"135-113-14-106-188-185-52-160-198-174-32-81-39-112-48-56-13-71-132-49-98-35-125-27-126-95-88-199-62-74-1-0-116-138-133-103-75-169-51-2-166-99-122-180-189-72-77-179-165-134-17-111-26-150-18-127-171-177-30-175-87-157-123-161-46-102-170-11-96-23-9-22-191-181-85-173-124-42-196-145-114-146-15-195-140-109-144-54-167-55-148-65-156-78-64-21-104-137-129-5"
32,260842,100,170301,431143,"23-71-145-57-144-49-22-176-29-195-139-38-43-40-88-196-98-151-156-53-123-62-68-20-147-146-24-116-158-56-177-197-175-184-50-118-80-90-69-130-167-5-10-162-120-127-87-117-157-108-128-198-133-102-138-135-63-60-174-11-171-35-172-119-67-19-150-59-45-109-46-121-114-28-41-74-18-101-180-165-199-26-25-97-17-160-148-163-51-83-132-189-187-159-42-112-79-78-7-191"
33,257065,100,159122,416187,"118-119-100-136-125-89-75-121-6-99-132-116-71-8-109-111-103-12-191-65-112-147-30-93-2-66-154-9-60-122-140-40-1-48-14-120-181-149-29-64-170-130-82-141-61-5-194-168-79-68-36-55-187-46-37-184-108-44-10-25-18-169-102-145-62-22-113-58-152-160-172-139-24-162-156-70-97-183-63-127-164-101-38-21-98-92-138-159-41-84-148-105-3-86-173-13-35-47-134-197"
34,265987,100,164774,430761,"100-94-164-21-115-91-45-61-143-111-124-130-88-83-8-37-174-47-78-58-102-163-81-34-63-160-67-109-168-108-117-185-32-50-27-169-173-41-18-110-107-13-38-39-145-1-19-199-103-116-195-23-35-0-156-114-17-93-86-186-166-64-22-2-137-30-113-192-44-24-189-120-135-127-190-68-56-150-82-85-9-184-97-25-73-60-95-106-153-98-183-182-178-170-15-70-147-79-42-198"
35,252772,100,153127,405899,"145-153-22-60-24-173-69-170-20-9-142-42-56-5-140-127-2-155-199-103-178-146-149-86-14-187-152-176-118-128-90-175-138-180-62-6-68-181-15-95-75-13-151-98-25-111-67-191-49-77-184-91-141-198-156-54-65-3-137-197-11-166-66-102-38-195-160-162-41-112-39-110-73-120-123-10-104-19-8-169-59-12-144-106-88-58-194-16-35-117-136-61-108-192-163-51-87-64-119-148"
36,270906,100,173780,444686,"160-35-31-37-125-162-193-75-187-74-78-95-67-69-177-145-186-9-123-174-131-155-29-194-94-130-71-61-101-44-132-30-14-38-82-143-150-191-164-149-16-163-79-32-25-161-70-33-54-176-113-110-53-114-197-104-185-146-68-80-100-77-84-89-92-10-134-109-45-65-184-52-115-58-96-86-118-88-126-147-5-28-11-56-173-159-166-195-107-154-59-55-0-105-23-103-63-24-151-183"
37,251347,100,155321,406668,"175-67-192-135-159-113-189-105-34-198-169-36-173-8-89-103-142-14-149-49-98-162-193-99-13-82-152-120-86-59-39-25-40-70-131-45-85-87-75-94-118-176-77-155-178-20-116-151-119-102-26-43-72-121-157-174-97-181-12-1-186-74-109-42-52-172-127-96-110-35-18-153-136-124-2-183-57-37-168-177-15-93-29-21-111-6-24-44-134-41-38-182-180-46-107-143-62-196-161-140"
38,270419,100,180195,450614,"199-99-187-22-76-24-80-123-58-50-144-114-10-191-165-139-70-180-97-101-177-28-13-167-1-115-176-98-181-179-136-182-31-89-52-132-100-78-189-131-42-108-40-137-18-183-151-86-118-43-9-88-6-161-41-147-91-67-172-198-129-185-30-119-77-171-25-11-103-106-73-2-116-121-174-57-93-135-166-142-79-126-122-109-53-197-0-188-69-21-145-39-159-71-158-178-34-27-46-152"
39,273316,100,168552,441868,"110-122-81-94-56-85-26-80-79-128-141-165-118-4-188-164-144-96-2-123-44-57-27-156-162-113-50-179-29-36-84-38-5-19-47-20-77-89-153-105-108-70-198-87-43-92-160-195-167-37-197-18-154-32-130-30-72-111-39-67-170-86-187-42-71-35-12-22-112-142-124-147-137-15-182-99-107-73-68-145-129-24-146-48-138-190-168-196-143-82-10-173-191-46-21-136-33-100-102-95"
40,270892,100,169362,440254,"73-80-139-171-58-173-118-96-69-150-100-38-55-178-101-47-141-65-196-169-63-119-45-113-128-146-95-120-122-193-156-184-111-174-67-188-198-83-183-137-4-76-81-134-3-12-131-11-135-46-20-50-143-115-8-172-161-99-121-170-94-126-175-57-125-124-85-6-153-82-68-152-0-127-117-112-145-41-136-148-51-54-109-74-104-106-151-27-16-31-88-87-35-108-44-116-36-33-110-56"
41,263234,100,174719,437953,"121-2-86-40-152-160-51-69-6-171-102-105-76-135-165-116-148-18-13-162-23-5-59-41-198-163-108-112-183-188-189-170-61-70-129-11-167-90-56-117-60-151-9-103-94-131-8-106-82-123-16-68-164-111-62-156-17-50-0-87-35-194-166-196-149-54-145-32-57-98-175-195-75-43-174-73-122-89-4-31-132-27-137-177-78-142-193-49-143-25-29-21-80-161-46-104-38-176-44-168"
42,243193,100,140182,383375,"95-50-60-93-122-179-187-56-189-52-82-92-87-108-47-158-150-197-72-149-31-185-134-65-81-114-107-6-138-152-44-64-88-166-5-145-142-70-116-196-91-57-86-63-139-68-36-163-105-48-133-43-77-177-190-155-9-17-32-115-37-186-174-117-121-135-153-169-193-180-106-61-178-97-27-15-7-71-1-100-168-66-35-38-10-147-125-55-46-79-130-128-25-170-192-182-162-165-89-124"
43,278796,100,182720,461516,"64-10-127-150-97-12-131-146-154-96-188-94-109-196-85-184-102-106-95-54-79-74-118-147-197-179-34-82-116-115-6-86-58-174-63-78-35-161-112-113-22-156-80-21-129-71-152-52-153-56-23-192-84-185-163-87-140-25-105-61-41-90-15-149-168-159-144-151-68-126-134-45-72-107-175-57-189-14-3-193-182-120-46-11-123-132-20-169-66-88-19-17-43-49-29-145-176-181-186-69"
44,255124,100,162874,417998,"2-156-33-167-69-137-136-39-43-40-6-127-15-79-125-112-169-90-68-61-78-34-196-165-73-175-49-106-44-86-88-5-10-119-70-59-31-146-160-38-117-67-9-45-118-42-100-3-63-135-48-143-151-36-166-41-177-107-83-64-152-174-85-72-104-171-150-101-80-74-144-12-84-197-122-94-193-172-1-105-162-170-62-96-141-164-18-130-71-195-184-129-187-142-145-124-99-8-120-176"
45,256188,100,161445,417633,"45-90-15-34-3-26-7-95-115-1-148-154-98-109-53-153-139-48-21-93-9-2-60-172-159-182-83-125-42-178-150-91-123-189-197-161-138-144-70-8-146-198-137-51-66-19-33-145-183-132-24-102-77-63-32-176-94-36-89-75-84-108-92-126-166-122-156-100-52-39-64-179-17-105-103-49-38-43-30-14-127-147-96-158-44-133-112-80-151-82-27-46-140-113-167-135-11-97-58-199"
46,243338,100,148724,392062,"123-51-117-143-9-178-150-119-144-171-53-14-81-3-158-7-83-156-22-42-28-184-39-55-57-139-135-174-40-13-36-182-48-66-68-92-172-141-38-193-177-130-116-167-90-97-71-161-102-187-125-77-59-121-70-155-191-109-11-45-35-105-162-1-186-26-149-12-34-25-189-157-133-198-44-192-114-112-145-170-58-60-165-153-148-111-101-0-118-93-82-169-19-17-27-86-63-69-29-190"
47,267277,100,171280,438557,"53-132-31-45-198-115-65-3-105-81-80-61-179-63-98-127-34-151-153-86-4-148-191-171-110-165-73-160-190-141-96-48-155-91-107-67-146-123-57-68-175-42-176-70-181-43-40-77-104-140-116-108-89-125-62-183-172-193-23-27-10-39-24-106-120-13-12-5-30-44-142-50-166-182-180-64-136-32-144-79-19-35-194-169-126-69-66-149-197-112-122-14-129-111-189-85-159-36-82-90"
48,271645,100,172711,444356,"169-87-108-23-111-185-160-37-147-5-94-146-117-182-195-56-29-7-18-20-106-190-92-150-180-15-8-184-124-113-34-22-79-36-155-132-27-121-166-100-67-128-88-103-55-109-138-13-119-19-187-170-173-129-125-51-183-43-188-163-172-164-70-135-104-45-62-50-54-139-1-93-47-28-112-66-156-32-75-74-101-9-120-152-194-48-65-151-115-0-31-192-196-144-41-99-64-153-162-80"
49,272407,100,177054,449461,"177-142-12-160-149-11-175-47-4-176-37-173-19-178-109-119-162-196-32-40-38-106-90-133-43-76-184-100-55-134-51-35-130-129-71-151-26-114-187-172-115-111-198-136-81-69-2-195-147-39-59-82-118-6-84-0-190-25-193-65-107-104-13-138-60-72-112-42-54-169-156-62-9-68-75-70-91-168-192-164-123-86-97-20-95-30-117-167-8-17-21-105-145-89-165-121-92-197-101-41"
50,251786,100,154694,406480,"80-131-173-2-157-27-108-114-52-37-62-13-33-44-116-192-48-1-63-94-50-40-99-96-154-103-19-8-29-101-54-171-72-143-53-197-109-175-104-28-162-39-70-84-113-111-25-149-105-178-138-119-97-73-9-98-10-43-124-69-91-66-126-76-189-121-179-89-170-20-146-180-159-134-117-181-34-56-12-95-128-191-155-199-196-47-133-41-42-93-45-64-15-174-151-144-58-0-167-185"
51,274771,100,174849,449620,"124-12-160-161-170-10-64-46-38-159-22-136-9-82-130-79-192-31-61-116-196-142-84-105-1-139-108-112-4-92-44-146-140-168-68-169-179-145-177-95-156-91-15-152-67-13-117-96-18-62-115-89-6-149-20-60-113-98-185-37-166-148-104-150-193-137-195-100-47-69-87-188-197-23-29-78-85-164-65-90-121-173-189-27-24-56-58-110-28-147-3-106-135-174-80-154-111-186-21-14"
52,258175,100,162371,420546,"34-184-75-20-137-117-59-160-183-25-157-135-108-134-159-32-89-152-158-60-85-30-10-17-103-197-90-72-162-165-97-84-171-188-52-44-66-180-39-181-12-113-45-98-26-92-69-61-114-24-105-42-53-0-141-14-109-176-169-119-28-16-62-132-37-115-99-129-94-36-177-142-48-68-33-40-173-153-107-192-111-139-56-196-186-63-64-3-74-54-122-38-57-70-146-4-29-138-47-156"
53,300212,100,199828,500040,"130-116-95-133-19-18-31-84-111-181-141-134-68-29-132-139-174-30-171-21-135-40-41-69-157-161-6-175-48-80-168-13-147-140-83-97-32-160-75-82-184-50-88-0-120-194-105-100-72-121-12-179-125-102-177-1-110-142-34-154-76-54-58-148-47-187-173-128-35-152-91-126-103-56-189-79-2-115-159-156-92-45-114-36-16-149-39-195-107-96-138-117-193-162-85-4-55-22-106-151"
54,279862,100,186137,465999,"102-147-64-84-21-53-116-169-59-48-62-137-181-125-47-157-187-16-190-22-103-112-12-162-122-153-174-140-40-127-154-18-39-24-33-142-148-138-111-7-19-20-8-165-46-129-160-45-173-135-133-107-23-14-96-161-191-97-179-5-26-93-17-114-139-49-30-184-34-177-4-98-108-85-123-75-88-192-168-176-94-54-92-76-31-151-193-77-158-159-9-6-81-15-67-101-130-183-82-11"
55,262163,100,160208,422371,"37-20-135-94-140-129-141-195-159-85-90-117-196-148-71-80-44-57-34-169-132-58-14-163-69-172-113-156-66-145-55-33-162-86-45-23-74-3-41-46-114-121-26-199-116-142-10-49-193-194-183-56-98-168-38-111-110-120-25-190-197-11-177-59-31-92-93-67-157-101-96-39-128-149-127-62-170-32-19-95-136-99-60-12-119-52-192-73-22-138-8-105-35-167-147-40-118-47-6-88"
56,271214,100,168475,439689,"180-44-59-41-131-137-179-70-83-198-194-98-174-53-95-105-3-133-166-182-187-58-43-76-2-156-64-8-102-104-118-135-54-132-72-55-136-160-35-16-144-157-192-85-149-81-169-36-111-61-190-155-183-191-181-151-122-99-56-189-91-69-88-143-172-79-186-162-74-164-119-10-48-112-7-73-46-77-50-26-11-197-113-139-94-184-109-65-158-193-110-146-47-170-19-4-141-138-25-177"
57,266065,100,169698,435763,"48-22-110-140-19-118-52-21-139-112-133-189-102-7-8-59-160-182-60-190-38-135-161-148-193-14-108-176-42-46-196-66-167-147-25-36-83-107-9-15-151-174-192-128-39-50-20-101-69-35-142-80-32-73-84-129-16-58-150-157-82-91-103-74-144-62-30-37-45-65-172-114-78-90-54-115-164-143-183-99-41-194-125-4-130-179-127-75-13-55-88-34-154-199-138-89-122-18-64-121"
58,273341,100,177750,451091,"1-138-4-179-28-77-172-142-126-122-96-160-121-132-43-136-128-2-137-150-5-97-92-36-32-183-116-16-41-74-90-143-147-177-118-180-27-40-20-165-29-186-175-166-131-124-146-151-164-103-101-109-12-72-14-139-194-181-91-145-161-21-123-133-112-158-9-153-39-24-107-6-25-8-57-45-190-79-193-7-76-170-18-82-144-22-184-47-106-15-140-61-67-149-37-196-3-199-33-56"
59,266866,100,175051,441917,"12-33-6-41-117-94-84-120-131-132-58-73-45-27-154-30-79-190-191-175-85-80-63-21-153-61-137-18-16-159-38-20-101-108-17-23-98-65-105-78-25-35-49-91-11-198-36-199-86-160-176-197-14-118-1-146-103-31-174-60-170-178-179-104-97-68-40-4-156-75-15-148-164-196-144-162-93-22-88-145-90-177-151-195-181-9-115-123-152-50-52-188-7-172-95-77-99-47-142-8"
60,264687,100,167129,431816,"97-121-146-106-17-149-187-177-79-161-92-145-135-117-119-36-75-124-45-6-39-40-190-193-35-33-155-191-62-53-15-160-96-156-86-89-98-48-18-186-46-189-23-43-51-60-69-50-162-1-152-198-20-95-54-137-129-12-171-197-56-130-166-118-113-185-138-90-11-34-147-8-107-83-76-65-13-66-99-28-150-9-71-108-132-78-16-14-38-101-59-136-94-91-104-157-148-173-165-158"
61,274154,100,168391,442545,"130-146-118-38-152-7-195-98-132-34-104-169-141-32-103-175-19-167-60-184-24-112-5-106-183-135-96-33-57-41-28-163-193-66-194-29-109-78-116-162-142-94-107-97-4-72-173-56-145-79-111-181-156-127-133-20-149-105-50-14-30-39-198-59-120-192-18-154-166-36-17-81-147-168-117-122-170-58-199-76-64-185-70-165-13-6-47-186-2-114-188-55-148-67-52-176-77-85-125-121"
62,278454,100,181424,459878,"199-106-59-126-93-113-185-148-109-33-171-143-172-115-117-57-28-95-39-66-194-89-80-138-92-70-158-155-13-190-51-139-88-192-174-43-65-116-8-76-81-163-32-130-85-15-11-50-21-68-91-54-184-90-181-146-153-177-142-87-36-175-128-31-122-107-97-162-84-101-12-165-52-1-103-86-61-16-0-196-197-82-14-37-56-102-114-104-125-72-48-94-157-151-111-127-137-9-166-154"
63,273650,100,176289,449939,"76-192-149-119-81-140-188-160-91-168-31-132-75-153-182-67-144-32-44-147-113-38-166-47-73-141-170-150-146-198-165-52-25-184-112-110-121-193-12-89-175-34-127-23-145-180-183-195-66-123-143-111-28-83-92-62-54-138-2-163-187-148-98-56-118-117-27-88-124-102-20-116-41-0-78-10-156-159-51-37-135-79-8-131-60-109-106-30-7-128-50-4-15-164-85-108-71-101-125-176"
64,250902,100,148973,399875,"150-53-88-198-112-95-101-28-38-130-183-35-129-82-70-121-123-68-192-133-114-33-113-8-10-67-46-152-76-187-94-72-80-91-175-131-56-49-105-42-125-172-26-189-17-156-57-102-5-2-168-62-89-79-167-160-65-151-51-25-3-197-54-34-159-60-99-147-118-108-69-188-132-119-120-149-81-177-71-155-27-109-124-14-58-40-92-12-128-126-64-140-173-83-170-142-22-134-31-15"
65,269620,100,174485,444105,"117-11-129-53-14-50-66-178-98-146-77-111-43-102-165-67-108-161-115-190-75-13-5-145-134-119-121-180-82-162-149-86-158-89-21-103-123-132-44-166-28-12-182-16-84-65-40-171-104-150-68-3-105-30-91-49-168-155-101-87-29-128-152-25-63-177-170-0-163-124-69-62-76-7-51-59-78-147-61-143-90-172-181-193-185-93-184-88-79-41-46-38-52-24-8-71-36-56-15-9"
66,272154,100,175502,447656,"43-192-166-181-42-52-149-165-23-82-87-191-174-142-183-84-185-184-63-56-69-134-16-106-76-188-4-157-57-190-187-1-124-135-150-89-170-145-120-74-3-25-41-88-14-186-90-67-92-10-128-54-66-119-83-73-162-11-182-143-32-107-116-27-121-144-29-178-79-34-0-46-71-130-172-147-176-37-94-173-194-127-39-58-35-131-60-152-193-45-196-72-197-31-59-136-122-101-95-171"
67,279480,100,180125,459605,"10-169-146-28-23-100-61-185-84-71-19-58-12-127-154-112-188-151-197-182-3-130-54-171-115-178-186-81-160-63-27-85-140-101-117-123-139-15-44-121-87-147-133-105-67-72-167-38-69-110-128-109-111-4-33-75-21-32-24-193-176-199-114-159-88-155-120-46-170-90-26-64-113-11-68-106-92-13-172-145-86-42-20-50-183-74-196-80-99-191-107-108-89-2-5-7-17-93-79-166"
68,253750,100,154355,408105,"197-196-13-50-156-103-110-147-88-177-161-118-159-194-6-35-115-162-2-152-59-75-83-160-198-60-48-70-179-54-9-178-94-66-126-96-10-5-85-193-57-62-12-34-101-182-143-18-93-61-189-63-122-87-107-56-52-27-65-176-69-47-74-102-7-43-148-142-32-190-180-92-97-163-45-37-19-104-169-145-144-131-166-14-81-164-80-89-68-11-174-28-39-24-30-165-23-91-109-149"
69,271817,100,170043,441860,"54-97-161-112-24-21-85-74-96-12-139-32-14-34-158-190-169-145-127-117-75-184-47-152-199-46-154-77-6-121-63-88-172-11-31-116-84-183-1-197-80-171-15-178-163-29-188-10-159-81-194-120-137-33-138-141-38-69-134-198-52-174-107-196-165-99-35-78-102-182-58-100-51-179-155-83-57-166-13-28-71-177-41-37-130-53-110-160-111-76-153-156-132-135-45-104-0-18-44-103"
70,271665,100,175480,447145,"127-59-87-97-143-171-105-45-1-9-116-195-180-4-19-117-101-75-138-177-163-48-153-115-39-76-152-114-29-69-119-99-91-142-144-173-89-56-92-68-126-149-26-121-128-41-86-31-13-136-58-124-131-183-50-33-40-49-134-141-113-73-0-188-65-10-5-66-179-145-122-27-84-165-54-61-81-139-21-123-6-108-118-44-147-94-170-162-14-112-168-93-186-158-129-157-32-35-64-161"
71,278991,100,172817,451808,"190-75-169-171-127-21-192-129-109-88-198-63-143-141-45-74-83-15-173-196-115-60-90-46-188-120-182-102-177-76-128-140-189-139-27-185-168-14-193-133-66-150-78-166-8-131-39-73-118-38-2-94-119-68-89-24-48-136-93-111-67-50-17-145-37-33-167-77-154-172-71-186-147-92-85-174-79-13-179-29-123-97-142-108-35-32-114-6-175-103-87-162-113-36-19-199-65-42-95-146"
72,257253,100,162853,420106,"186-22-4-84-131-146-24-75-133-19-153-76-139-129-33-15-60-98-61-80-110-48-118-136-162-0-70-155-67-78-59-96-132-87-27-123-41-34-178-137-16-109-72-64-54-115-188-179-199-40-20-120-88-151-166-195-31-125-138-97-56-49-1-193-144-107-94-177-53-103-65-26-51-134-196-167-154-190-90-92-124-191-36-85-194-11-152-127-8-126-83-79-25-149-158-45-121-28-189-106"
73,260297,100,157499,417796,"80-56-128-189-99-53-60-155-86-116-27-174-168-125-142-32-34-42-23-124-30-190-102-13-17-73-51-133-72-194-15-148-156-140-129-164-6-19-145-45-94-196-62-112-177-82-130-197-120-154-69-7-21-93-191-157-26-146-147-25-85-106-44-149-127-89-192-33-134-171-9-84-98-78-170-8-14-74-126-107-66-113-81-178-159-59-47-39-5-199-166-141-162-121-64-158-49-40-104-123"
74,263190,100,161750,424940,"183-129-10-120-175-54-13-106-56-86-59-84-89-162-109-98-27-73-188-77-163-79-23-157-34-133-65-36-124-37-17-113-2-103-58-117-102-111-11-8-142-53-153-72-114-179-67-9-191-121-39-28-88-43-155-66-61-145-168-92-100-169-78-187-140-14-51-91-87-20-134-31-180-141-144-199-192-5-146-123-194-110-96-35-177-130-196-119-30-0-42-132-62-57-55-99-166-126-159-108"
75,271648,100,171769,443417,"23-129-47-90-159-9-72-40-157-36-39-76-140-65-161-146-96-144-62-167-53-28-7-13-92-21-148-87-145-180-143-187-116-101-147-174-155-100-11-191-121-110-89-43-86-184-83-173-179-142-163-54-141-91-105-30-199-46-198-66-196-172-118-16-168-166-138-64-177-48-136-156-25-32-22-164-2-73-98-132-63-139-27-133-19-106-68-42-197-114-82-171-115-85-49-127-88-152-181-38"
76,249642,100,148149,397791,"17-147-91-45-138-175-35-126-21-55-179-110-118-3-92-64-142-108-80-37-116-36-129-117-38-166-112-141-186-174-22-77-123-72-50-7-148-128-23-89-140-73-178-107-151-24-60-184-150-43-190-135-83-86-181-79-101-6-56-105-47-1-161-145-15-163-183-54-41-198-199-68-120-139-152-168-132-52-71-32-13-75-27-196-61-53-66-143-153-48-182-39-121-156-34-44-82-8-9-46"
77,263599,100,169021,432620,"16-169-132-53-14-98-124-84-112-193-184-189-71-100-0-129-133-97-20-155-85-119-149-157-90-159-130-183-24-114-164-61-113-105-18-33-31-32-74-65-66-80-120-30-89-76-75-45-128-60-21-62-23-49-127-88-178-99-91-108-150-138-147-42-2-122-68-10-15-51-188-131-192-190-78-109-9-38-22-50-191-27-187-151-185-116-118-94-135-196-81-167-72-140-106-198-125-179-154-3"
78,264216,100,169095,433311,"83-43-108-89-116-140-122-78-66-178-31-134-198-135-177-127-10-61-151-180-117-139-196-104-88-144-50-80-97-45-137-53-38-195-28-25-3-103-36-69-176-181-70-186-7-96-129-55-145-44-4-23-142-81-39-188-185-71-167-102-131-60-192-37-65-169-64-124-6-21-5-190-82-105-171-90-170-159-24-15-92-17-35-76-26-165-160-74-84-199-106-187-183-33-184-0-19-119-163-149"
79,281916,100,179592,461508,"137-195-16-174-183-45-142-159-29-55-39-169-64-89-58-194-91-23-127-188-19-199-124-114-86-27-171-143-144-135-125-107-184-50-84-189-166-164-21-3-18-88-2-24-94-191-33-4-5-146-60-68-25-181-102-57-104-40-168-197-11-130-177-17-31-71-35-93-185-118-37-155-90-182-161-85-147-187-176-67-49-105-10-186-9-12-110-59-122-173-95-198-145-129-178-108-44-154-0-62"
80,254931,100,154696,409627,"97-77-20-151-137-41-3-109-87-153-114-57-70-188-159-129-68-6-191-81-1-28-56-143-136-135-75-168-152-147-126-80-64-154-132-61-171-9-15-139-11-54-133-117-86-42-170-10-59-107-45-172-76-23-175-46-33-53-12-21-130-155-19-105-72-189-182-197-99-40-4-88-49-0-47-185-38-36-108-148-26-78-178-192-177-176-55-128-29-166-25-125-127-96-83-14-138-90-156-116"
81,259524,100,162260,421784,"183-48-53-94-165-51-52-128-27-98-182-63-122-138-35-42-92-199-69-169-56-73-20-139-85-177-127-198-91-66-186-6-14-11-37-1-86-167-24-55-147-185-136-107-19-148-140-0-115-123-145-25-163-112-131-126-188-61-41-16-5-178-104-119-77-68-21-83-125-74-151-18-87-71-64-58-132-102-62-82-75-81-65-80-184-192-57-2-9-195-26-29-117-49-155-33-96-120-38-60"
82,272746,100,171569,444315,"166-112-0-80-129-131-48-42-81-125-61-161-73-182-195-77-33-82-87-145-58-142-146-174-198-93-185-62-51-193-186-83-127-158-3-17-47-95-194-88-11-148-15-94-14-147-59-38-187-72-27-150-140-32-111-8-69-135-98-155-177-100-49-37-123-179-103-56-169-183-124-113-104-5-173-75-53-16-101-151-54-78-141-139-136-50-64-55-117-44-156-143-71-39-6-118-18-40-134-84"
83,261903,100,159812,421715,"10-14-68-44-134-142-109-188-87-74-0-140-25-116-187-55-181-18-70-23-155-66-11-151-79-82-3-152-166-42-72-118-199-65-171-113-167-136-61-2-122-71-128-34-173-91-1-46-175-127-15-183-131-49-73-104-99-101-172-169-143-45-52-6-88-150-112-5-129-193-76-158-22-83-8-137-31-160-38-92-105-64-197-63-123-100-98-191-182-51-146-77-119-114-154-19-141-95-198-192"
84,258430,100,162161,420591,"176-116-28-43-124-139-154-119-194-16-140-134-39-101-51-11-88-179-62-46-93-57-148-26-52-27-149-106-167-13-56-29-120-123-23-36-136-95-187-169-53-142-193-73-100-170-1-31-99-42-128-115-150-188-37-189-20-79-138-129-144-0-197-44-4-74-112-121-76-131-105-130-55-156-69-125-81-85-155-24-157-77-109-186-80-153-82-6-199-21-152-196-143-177-58-135-34-15-159-118"
85,265954,100,168896,434850,"24-146-138-21-72-194-101-183-144-124-27-44-170-10-181-83-96-103-161-150-136-46-131-61-50-75-56-28-94-22-8-4-159-145-89-73-108-128-1-81-185-7-47-98-95-65-190-16-152-67-147-55-156-199-40-107-173-117-160-105-45-197-43-33-37-74-135-118-165-123-18-139-92-97-70-116-48-155-63-189-172-54-26-51-69-174-177-191-132-57-110-142-2-13-112-84-168-0-78-195"
86,270528,100,173491,444019,"136-8-105-127-125-28-158-108-113-193-144-87-170-123-115-155-141-74-60-13-128-150-23-4-94-107-174-106-175-46-1-159-56-70-103-38-75-110-35-25-61-146-48-52-83-47-152-11-51-15-20-182-57-84-147-49-98-185-143-86-2-10-5-160-90-43-148-173-18-9-54-72-198-156-120-16-19-64-187-140-178-181-6-99-59-71-118-97-139-122-167-92-100-81-95-62-114-188-196-39"
87,255422,100,159198,414620,"42-67-169-64-148-116-85-79-102-124-55-110-193-125-156-111-172-70-12-104-178-183-127-18-83-2-192-89-60-29-159-44-157-51-155-1-107-94-185-46-81-114-24-92-61-119-144-74-122-146-158-30-23-160-59-28-82-181-84-188-78-14-77-175-145-129-80-105-56-187-91-190-134-197-136-130-43-75-147-123-66-26-120-150-37-133-22-45-95-47-52-97-194-177-93-101-168-5-65-135"
88,263873,100,160838,424711,"18-44-196-160-29-59-17-185-10-162-134-108-65-167-15-147-112-187-23-116-118-141-61-152-5-80-189-132-168-54-0-120-39-37-89-102-195-87-122-50-192-191-53-43-153-8-166-84-12-111-100-194-69-170-107-28-20-145-40-139-13-91-33-31-99-114-6-117-197-115-193-121-136-36-130-38-174-126-103-90-156-97-1-175-128-26-161-63-148-62-163-164-46-124-57-73-190-88-16-64"
89,254914,100,159558,414472,"111-59-171-103-36-44-23-139-30-67-82-3-104-144-33-164-128-150-119-34-156-183-190-145-162-182-94-49-31-120-96-73-4-115-135-99-70-1-41-56-7-193-197-5-54-136-8-172-126-191-151-61-134-143-97-186-35-87-132-63-113-10-153-2-81-76-92-21-32-53-160-28-43-133-91-64-175-102-121-196-45-46-12-129-125-85-100-24-65-72-148-101-51-166-187-84-141-154-60-157"
90,250575,100,158189,408764,"80-37-59-142-119-110-7-92-51-5-17-144-107-151-164-101-150-182-62-76-117-136-176-75-106-174-6-86-104-63-181-10-165-94-198-71-184-186-83-55-3-125-185-52-77-87-48-113-114-47-173-120-78-21-1-44-14-30-89-4-163-35-178-188-171-121-12-23-143-34-58-194-129-15-102-53-187-127-118-111-137-18-145-139-156-195-45-172-116-199-153-146-67-46-100-135-169-19-61-27"
91,274193,100,177018,451211,"85-16-40-158-189-17-167-183-187-18-29-106-10-108-152-54-198-19-95-72-174-81-175-134-138-148-192-129-156-135-89-59-55-93-46-11-120-145-190-197-150-113-193-155-4-30-9-90-112-25-3-111-168-195-24-0-118-100-1-184-147-178-20-149-141-188-69-186-35-166-13-130-127-151-114-43-153-181-53-57-6-83-62-74-161-23-49-159-165-115-64-142-32-103-160-38-33-133-194-143"
92,274424,100,177367,451791,"51-159-24-34-191-60-139-31-188-28-82-47-29-129-192-120-102-115-81-10-88-5-64-119-172-135-35-66-69-67-138-180-12-108-122-103-145-144-30-1-72-132-58-4-117-101-167-59-125-71-126-49-32-17-143-63-9-22-157-20-133-114-46-45-91-36-152-89-42-26-62-7-55-131-147-140-16-169-186-179-104-33-76-158-52-110-94-75-39-109-160-0-93-111-164-3-199-183-162-173"
93,253532,100,157205,410737,"127-63-84-111-116-74-21-31-4-165-130-139-122-172-166-159-146-50-189-56-102-73-107-53-5-32-194-3-177-82-197-83-46-24-117-39-51-42-34-29-59-131-167-76-132-106-75-114-23-17-145-136-168-57-152-103-124-35-70-158-65-129-16-41-10-94-109-62-157-187-52-37-193-149-100-33-14-25-95-179-48-128-6-49-18-36-58-173-38-0-19-44-135-184-20-199-88-68-7-8"
94,266767,100,167995,434762,"157-29-155-133-74-144-185-97-79-21-86-136-175-149-47-184-188-164-191-145-106-181-42-80-108-68-78-61-65-192-172-117-153-151-64-40-93-32-174-52-37-39-158-132-159-111-131-67-173-150-123-118-94-154-197-24-160-196-128-50-167-76-142-105-13-104-0-73-85-101-71-87-75-66-99-90-195-92-103-56-140-26-25-4-9-77-18-119-171-3-120-134-198-41-194-69-177-38-148-180"
95,252672,100,153447,406119,"70-43-101-179-84-133-67-2-137-193-89-117-15-75-21-165-195-100-107-183-6-50-128-81-150-192-66-32-143-152-77-5-116-37-174-171-0-46-104-190-181-184-91-103-111-36-61-110-155-47-182-178-189-19-79-64-159-58-52-102-187-45-97-7-188-148-163-3-124-59-172-142-41-119-85-121-16-38-122-161-40-94-99-22-118-23-158-194-14-145-130-197-65-162-115-127-82-93-44-39"
96,254163,100,161962,416125,"69-11-68-184-180-16-23-116-76-2-120-64-5-183-155-148-86-150-75-41-157-95-118-94-141-103-73-176-102-165-187-106-105-84-90-17-66-172-119-126-20-49-18-33-48-37-166-100-123-24-121-154-171-19-164-133-194-34-96-4-140-15-43-21-108-138-174-156-128-1-14-22-112-192-31-137-173-181-198-110-196-152-153-56-189-104-124-82-51-45-63-167-65-162-93-39-160-139-12-107"
97,256414,100,158995,415409,"32-92-150-50-179-106-102-167-78-130-35-6-88-168-84-187-178-110-127-82-11-114-152-12-91-186-196-116-160-94-101-38-55-99-2-22-37-120-104-61-159-156-163-69-122-198-14-77-26-128-166-72-95-18-71-76-172-193-49-7-188-60-137-23-177-53-9-165-133-43-24-191-98-176-5-158-121-62-80-54-189-100-36-115-180-3-75-31-136-85-142-48-8-171-25-123-4-21-57-10"
98,275614,100,180590,456204,"139-171-118-145-186-25-189-120-188-49-100-10-143-168-151-131-196-27-16-124-62-59-44-198-160-88-133-127-99-6-112-163-107-22-83-174-72-61-45-9-154-33-96-1-31-26-95-113-162-161-18-182-150-179-23-55-0-110-4-38-40-34-165-142-129-51-14-65-166-42-157-136-172-183-140-71-93-195-169-105-90-75-190-89-111-126-17-130-109-30-21-82-29-84-103-149-85-177-66-184"
99,270030,100,171933,441963,"42-142-107-30-133-14-171-128-8-122-140-159-53-71-37-99-141-73-103-86-127-137-54-143-57-24-84-108-132-66-19-40-129-4-116-96-178-1-136-126-144-163-105-169-11-188-76-3-34-138-192-114-45-189-90-106-161-160-65-55-145-44-104-88-184-97-27-36-6-39-124-13-21-80-78-120-185-47-194-46-172-174-183-25-123-148-110-191-190-100-50-115-118-121-177-131-63-60-157-61"
100,269328,100,173820,443148,"47-8-191-138-159-172-171-180-197-129-46-195-177-157-116-130-16-198-12-64-120-4-80-32-68-6-114-30-44-41-86-160-52-139-95-199-150-145-104-89-124-175-62-99-18-55-35-70-29-21-193-87-101-90-132-128-59-142-186-146-126-100-131-67-2-76-133-37-39-48-60-115-25-28-11-136-79-141-174-162-122-42-143-121-154-40-165-13-189-137-169-125-66-23-78-148-161-22-19-105"
101,254831,100,157684,412515,"189-151-158-54-84-173-94-143-41-21-138-45-174-104-67-12-58-70-72-86-62-161-175-185-55-15-6-131-159-146-88-85-171-48-157-40-64-53-49-150-180-68-123-91-60-99-136-38-187-102-36-18-100-139-111-112-144-117-105-28-133-69-124-164-77-35-110-176-93-7-32-13-24-114-95-127-23-26-14-51-184-10-169-46-81-122-141-156-106-149-43-130-101-83-52-155-165-0-188-115"
102,256918,100,164190,421108,"81-181-35-137-14-119-121-19-69-58-166-187-40-104-160-99-141-10-155-163-154-135-89-70-192-46-129-60-101-96-11-117-158-0-126-113-61-71-37-44-18-108-190-136-123-162-77-36-152-175-2-50-64-90-13-139-118-80-105-186-185-122-16-83-146-93-65-55-30-63-82-75-198-97-183-124-54-34-31-180-33-79-159-12-188-115-173-26-145-98-179-184-156-4-151-140-169-67-17-87"
103,257575,100,165223,422798,"161-13-144-47-152-151-0-74-142-164-117-149-5-7-112-29-34-89-175-14-101-36-184-51-93-153-72-189-198-16-84-33-95-193-6-88-143-114-148-59-145-69-64-27-109-135-156-129-105-85-56-55-2-92-40-178-100-9-45-87-65-38-116-185-168-125-30-18-176-26-108-134-32-90-171-169-99-147-77-183-78-138-60-154-165-194-141-25-73-24-53-123-42-181-177-150-133-187-20-124"
104,257696,100,160922,418618,"128-149-99-11-129-163-13-9-116-181-166-68-157-184-154-138-162-96-165-28-42-56-10-0-93-103-148-125-15-63-104-121-151-176-34-6-114-169-1-193-54-70-177-7-197-17-130-77-67-79-19-81-72-39-141-62-199-74-22-198-102-191-180-115-37-50-175-2-51-122-12-107-71-105-65-90-178-132-183-153-158-120-60-100-58-189-136-109-170-190-186-159-4-52-113-14-124-172-91-31"
105,268688,100,175768,444456,"72-193-103-151-112-162-76-164-184-187-122-178-139-15-35-62-34-113-116-156-71-167-2-111-150-155-186-108-80-16-142-183-88-67-128-66-163-41-137-26-18-39-90-86-7-104-19-141-147-53-179-159-168-52-17-165-70-0-24-10-64-65-58-188-84-83-176-161-182-136-140-21-5-157-135-129-89-22-133-78-1-48-85-79-32-40-126-160-46-115-123-87-177-109-196-91-114-28-4-110"
106,279952,100,175602,455554,"117-156-199-95-29-107-109-90-15-78-83-103-191-188-43-118-64-158-122-160-169-150-136-28-39-12-38-180-71-129-195-197-139-192-84-11-100-181-14-135-155-114-63-128-56-123-185-82-126-31-99-194-98-142-141-115-72-44-17-176-35-58-65-172-166-86-165-85-167-174-34-46-8-19-40-121-178-26-130-113-170-27-179-152-13-3-37-149-106-96-105-148-47-137-147-196-182-120-54-73"
107,283587,100,183335,466922,"95-137-36-66-146-38-182-174-154-177-88-85-184-25-140-186-76-9-21-51-187-120-192-29-34-46-80-197-157-68-129-22-45-101-183-190-159-8-188-44-84-92-16-134-161-125-142-63-11-138-115-196-87-136-110-24-168-160-35-17-10-69-98-2-40-143-175-15-26-33-166-27-74-122-31-150-30-116-193-126-128-73-52-42-164-57-61-156-194-113-4-64-55-162-1-171-170-28-127-148"
108,256551,100,166422,422973,"63-105-144-78-185-163-1-162-190-55-170-22-69-165-53-198-37-147-38-148-166-139-97-149-171-180-51-39-90-45-4-72-54-132-130-196-174-11-42-46-7-85-67-159-57-71-73-153-96-91-137-36-106-12-5-32-176-168-152-86-9-80-35-145-77-128-56-108-113-188-184-16-157-17-94-164-155-111-125-134-30-127-192-120-172-34-194-10-93-18-112-0-117-89-70-189-118-27-52-59"
109,269347,100,176043,445390,"147-168-153-51-92-75-183-99-29-142-46-50-134-21-43-19-49-18-121-193-76-84-74-131-140-54-78-38-179-110-12-116-165-61-30-59-94-79-198-71-146-23-14-81-91-47-114-90-190-80-128-96-67-41-35-15-195-42-177-40-60-161-31-106-82-164-64-180-112-48-130-2-143-55-181-187-83-85-178-7-124-123-136-45-58-170-122-89-88-53-176-163-105-44-16-0-56-115-160-167"
110,261136,100,159680,420816,"156-127-65-172-90-173-199-121-103-138-44-84-72-76-89-3-193-51-159-147-118-177-113-55-40-149-148-180-4-82-105-31-154-54-196-132-92-12-80-70-17-150-179-98-125-48-97-95-66-163-101-42-93-189-137-143-141-114-169-87-96-122-20-56-34-176-33-68-174-73-195-130-198-115-24-15-37-23-67-142-86-10-79-116-119-197-191-9-60-153-117-155-109-184-128-161-63-39-88-59"
111,268744,100,163568,432312,"174-180-193-159-46-148-149-40-0-77-87-17-71-95-162-166-109-116-5-96-118-81-83-165-99-30-117-110-18-156-53-133-182-11-141-73-64-187-131-84-13-60-161-88-134-192-153-145-125-195-155-175-10-139-164-177-61-191-108-24-4-25-79-55-82-20-36-97-143-31-42-127-45-181-80-69-62-188-169-111-28-186-158-104-38-135-130-171-34-138-106-85-105-47-66-112-121-137-12-29"
112,272686,100,177552,450238,"117-73-61-185-50-192-27-146-105-42-121-149-53-172-75-133-21-107-170-7-163-159-111-79-161-96-153-2-35-165-110-8-166-10-93-186-36-129-190-30-189-155-89-19-90-115-119-12-148-87-18-25-113-142-184-196-59-56-64-188-54-135-123-194-34-145-63-22-168-58-82-77-128-98-65-158-0-88-69-162-46-174-81-70-94-179-114-118-139-38-62-175-17-112-52-1-11-160-141-5"
113,260663,100,159016,419679,"175-62-189-161-91-87-27-76-194-167-132-163-172-128-117-77-4-140-183-64-72-54-51-13-107-135-6-23-185-168-41-35-9-90-149-52-151-192-148-29-69-153-176-19-162-74-136-70-123-42-142-186-61-78-96-5-16-20-93-1-145-56-131-116-100-191-44-178-79-73-67-88-124-71-122-170-38-199-11-80-84-144-28-126-158-181-39-40-134-92-46-109-105-15-49-104-63-98-171-150"
114,263833,100,166143,429976,"94-157-111-3-2-136-156-0-147-199-56-196-114-119-35-195-13-58-175-146-31-106-151-99-173-27-161-79-127-47-18-69-129-183-23-25-170-164-168-162-95-103-37-36-54-17-85-178-86-113-184-182-100-104-163-89-148-63-138-73-135-154-169-39-144-187-43-153-19-57-68-96-150-51-120-90-192-21-158-42-44-181-66-88-133-180-60-141-194-139-33-128-149-118-10-126-179-48-67-40"
115,260492,100,165871,426363,"90-103-159-192-23-198-135-14-36-144-171-105-24-157-153-31-117-100-45-118-193-129-195-164-160-179-194-29-44-106-158-68-56-78-138-175-1-130-186-95-99-17-33-150-72-62-109-168-136-63-6-94-85-187-161-70-121-5-42-177-55-180-185-51-140-123-40-22-169-7-163-64-181-86-167-83-108-66-35-87-120-188-133-104-151-165-147-67-184-19-28-59-2-98-122-149-114-145-79-128"
116,269522,100,170292,439814,"96-18-157-34-70-153-159-4-0-25-134-105-168-69-68-165-16-24-148-33-55-22-185-41-137-111-115-158-17-155-189-2-113-94-108-86-164-63-198-54-104-183-77-71-179-92-95-106-98-101-121-67-146-87-172-166-128-36-66-62-147-84-167-125-114-65-103-174-150-161-187-39-152-199-130-178-186-102-19-46-28-99-11-132-44-175-21-81-118-32-31-170-59-131-51-188-163-47-190-90"
117,260299,100,156286,416585,"108-110-128-56-54-94-3-178-122-91-39-17-169-66-1-136-125-103-23-109-12-112-104-93-16-111-153-28-193-44-55-179-42-81-96-190-130-85-41-156-107-139-191-78-171-57-60-161-40-148-47-87-194-51-176-0-117-84-10-37-92-131-58-197-127-24-34-95-173-158-18-149-134-132-185-32-52-75-184-118-159-166-86-150-168-6-76-99-62-8-20-147-192-7-199-33-97-69-162-2"
118,270687,100,170499,441186,"108-10-170-183-191-148-103-87-95-41-49-100-169-83-187-68-199-123-157-173-142-171-181-152-73-114-23-186-67-78-14-137-98-177-138-74-135-104-105-72-69-198-117-145-111-21-50-37-184-1-134-58-40-160-122-70-84-0-166-163-179-89-141-93-76-116-79-15-20-12-94-29-45-129-17-110-44-102-51-175-130-55-4-32-19-144-197-107-189-180-146-25-174-56-154-125-195-63-48-159"
119,267587,100,171232,438819,"18-108-60-156-14-158-81-16-135-9-46-75-93-120-199-125-167-184-3-96-112-80-47-59-182-190-32-43-103-37-91-155-183-196-153-65-197-88-147-19-198-41-188-53-29-45-33-77-39-24-117-79-179-118-42-164-94-61-181-175-68-121-151-89-66-36-126-78-173-119-115-152-54-166-67-163-143-159-22-90-111-12-157-62-150-105-63-7-38-5-191-171-172-165-185-99-194-35-69-27"
120,286316,100,181027,467343,"144-14-70-46-123-38-142-127-139-156-174-104-169-11-137-119-47-89-101-20-83-148-167-110-189-199-72-198-24-64-180-143-74-48-59-140-170-84-45-132-183-191-67-161-51-184-196-109-36-126-7-61-93-53-2-66-192-179-31-141-17-65-106-5-86-163-62-165-150-130-187-181-56-4-136-158-133-43-68-39-26-10-177-85-80-128-76-149-107-100-95-173-12-22-91-40-186-88-146-81"
121,284530,100,189292,473822,"4-152-61-47-188-23-13-126-82-5-177-165-11-45-20-139-7-185-140-78-60-15-176-131-116-17-121-181-137-117-98-42-148-118-16-184-51-169-28-199-179-88-197-168-67-167-173-105-157-120-34-56-63-127-134-161-101-130-149-65-93-94-49-75-3-89-81-180-30-196-2-39-18-97-41-38-74-191-110-22-37-43-104-113-182-70-69-158-19-138-36-178-153-35-32-91-84-159-112-52"
122,270599,100,174061,444660,"120-90-89-11-134-92-46-138-33-45-24-38-19-135-95-109-113-36-93-64-71-22-175-37-106-111-116-62-144-199-49-34-35-43-12-48-188-173-125-96-65-94-187-103-44-47-161-25-14-50-84-165-140-31-129-195-110-83-159-115-5-51-171-166-155-178-158-114-10-42-18-79-151-136-141-123-4-3-119-132-27-7-118-102-72-57-1-21-142-9-121-150-163-39-20-97-13-174-162-101"
123,283384,100,185406,468790,"81-108-8-87-198-40-13-51-34-79-192-63-69-131-88-149-118-168-52-195-20-113-180-56-116-12-17-1-105-93-85-135-49-65-117-104-145-107-154-182-146-197-137-71-11-162-112-148-46-59-138-191-2-97-26-147-122-37-91-143-167-119-10-128-57-41-130-170-19-28-156-73-179-60-184-23-35-106-54-188-67-141-14-111-134-176-33-157-181-90-21-110-158-9-77-92-27-80-29-175"
124,261363,100,163150,424513,"113-38-162-22-27-154-155-97-188-19-147-110-56-59-129-84-36-90-79-63-2-165-94-47-103-106-83-178-55-61-23-171-172-48-193-150-50-26-118-6-189-134-29-179-82-143-87-174-170-46-24-124-107-136-43-123-192-122-31-78-127-51-132-111-109-108-60-186-197-25-92-85-30-102-16-173-142-58-42-116-40-185-15-62-10-161-160-52-105-77-156-67-71-158-153-180-115-181-74-183"
125,258810,100,156166,414976,"190-173-97-133-84-0-29-108-185-172-58-91-104-71-130-25-117-180-102-32-157-41-52-65-1-123-148-145-96-92-118-21-8-47-61-44-80-126-178-115-11-168-121-17-50-111-76-12-43-79-116-109-99-163-15-129-83-78-4-77-72-67-194-165-13-132-153-179-49-87-60-197-182-159-196-56-162-38-31-70-169-37-95-40-138-107-68-149-134-48-18-186-119-39-51-6-101-89-139-141"
126,278245,100,179871,458116,"135-80-197-99-46-95-123-133-61-186-0-10-1-65-79-112-180-93-128-156-7-52-122-187-24-92-166-134-16-66-105-86-69-157-114-195-161-43-190-72-74-129-169-124-163-27-196-68-50-30-176-26-119-70-160-2-88-171-97-59-102-144-189-56-191-113-83-29-178-23-82-184-73-125-110-91-34-137-104-152-48-28-5-17-41-155-101-117-142-96-55-198-170-58-64-181-62-111-38-51"
127,263369,100,167467,430836,"147-63-45-134-122-88-189-100-0-131-173-166-55-145-31-33-197-178-144-24-48-13-81-97-23-171-58-198-177-105-184-124-182-77-75-46-117-119-143-175-94-111-92-136-59-174-66-35-190-73-30-7-139-142-133-68-129-47-11-12-9-84-34-38-41-71-51-126-86-61-163-106-160-107-27-148-21-1-87-155-169-130-18-185-152-109-102-6-50-115-98-158-44-120-53-62-194-167-79-165"
128,235000,100,149144,384144,"60-95-167-97-58-2-127-195-122-80-59-42-197-175-25-53-89-72-130-161-196-66-133-143-37-137-81-176-47-134-121-119-136-93-55-125-13-91-165-163-123-83-172-0-32-63-109-27-115-100-151-26-68-22-10-184-94-170-18-111-179-88-48-44-30-3-128-145-101-112-108-185-54-96-171-31-168-75-183-162-150-131-67-86-120-141-149-135-180-12-90-52-43-186-154-7-39-129-138-158"
129,269133,100,167103,436236,"103-74-198-154-31-32-170-160-126-4-2-94-79-110-171-98-63-119-28-10-100-140-6-192-93-104-33-62-190-57-159-38-177-102-163-181-191-13-141-51-121-5-54-29-48-18-188-194-143-132-1-175-64-189-14-167-133-47-178-60-89-107-195-105-90-120-84-113-166-66-76-86-34-70-138-187-12-26-173-88-172-97-134-59-55-101-46-117-164-23-73-39-0-91-61-162-92-179-130-109"
130,248222,100,157506,405728,"107-24-101-194-169-72-180-23-93-54-84-68-121-91-98-124-129-171-41-46-0-49-179-95-130-15-6-29-92-90-190-140-51-135-147-21-74-173-148-158-47-185-119-120-85-25-97-40-32-145-143-178-195-186-187-81-48-167-56-17-87-181-55-26-58-52-199-113-69-116-65-111-144-63-108-88-160-102-153-193-110-70-28-139-138-2-62-123-117-14-36-53-166-134-152-33-197-105-159-83"
131,280657,100,179266,459923,"82-196-11-91-84-24-116-87-35-197-39-36-176-166-155-145-182-54-85-160-81-62-90-17-136-165-132-179-42-117-187-28-137-110-119-22-163-199-130-41-191-164-60-45-141-37-143-16-144-23-13-150-9-29-0-97-66-7-140-52-139-44-79-118-193-25-57-177-194-12-126-158-68-96-102-195-111-147-72-171-10-94-56-169-104-133-67-189-129-70-168-127-4-154-138-93-6-77-198-48"
132,259381,100,155886,415267,"12-15-117-73-179-122-11-125-145-108-0-158-189-50-151-143-64-34-172-168-112-186-78-26-20-61-159-84-118-69-197-29-2-105-144-104-160-121-173-193-148-100-138-79-92-18-157-119-3-111-24-87-162-180-86-195-71-70-169-182-147-140-124-183-45-97-55-188-106-60-83-130-94-107-7-67-16-65-191-8-155-39-4-196-137-163-35-176-141-178-17-13-129-32-43-76-128-37-113-80"
133,264416,100,168739,433155,"173-159-32-111-143-92-63-0-25-112-110-49-96-66-22-170-95-190-20-180-21-72-62-93-106-125-171-71-82-23-152-114-144-138-47-137-35-181-59-40-31-136-163-157-185-174-80-97-124-1-76-29-197-139-54-6-84-67-87-5-15-122-99-183-18-113-126-89-68-142-141-120-140-165-166-123-19-85-44-119-151-195-128-194-156-39-9-121-73-88-10-179-131-43-16-134-8-60-117-11"
134,287084,100,188317,475401,"34-31-69-3-108-86-43-45-22-58-93-48-83-187-188-91-177-155-140-40-186-11-21-54-130-61-122-96-158-116-189-15-84-144-71-30-44-128-67-70-126-39-6-32-79-13-56-174-195-124-175-97-78-168-156-16-111-199-10-14-74-171-191-7-9-62-165-176-166-198-133-28-173-59-164-163-73-112-135-118-149-27-113-141-66-132-100-75-137-145-109-0-85-160-25-42-192-181-125-81"
135,269170,100,164970,434140,"8-113-63-90-19-193-52-69-3-18-86-36-68-198-37-76-89-81-150-116-160-13-128-59-42-132-33-166-24-156-79-176-140-26-105-20-187-195-83-53-111-46-139-9-142-56-175-125-0-108-112-115-96-122-34-35-102-141-174-7-134-32-28-82-85-71-104-188-97-66-6-164-127-55-1-54-161-99-126-168-199-177-62-75-17-154-74-170-47-133-23-191-130-167-43-173-100-196-138-185"
136,247608,100,148607,396215,"142-185-128-3-58-100-156-151-75-85-194-199-104-197-139-116-50-81-181-45-165-13-38-22-97-34-173-86-55-27-37-57-99-138-15-124-2-153-12-168-121-177-136-72-120-105-95-6-29-7-41-110-131-135-183-188-59-89-114-144-154-115-43-146-101-70-35-175-20-180-61-40-79-109-64-88-46-130-74-33-82-171-129-14-150-196-179-9-68-192-195-187-133-83-167-117-198-53-77-158"
137,272615,100,169639,442254,"168-39-45-37-43-35-194-12-146-3-120-82-199-78-111-75-17-67-40-14-144-115-20-71-113-183-74-170-104-76-28-173-32-197-10-175-176-49-189-55-142-0-6-4-69-72-188-103-191-169-47-141-166-124-118-177-61-62-164-24-23-157-87-26-31-83-9-151-68-171-77-116-100-102-38-50-89-137-41-8-152-106-63-110-133-186-99-60-195-101-21-52-112-125-123-107-108-27-121-132"
138,264457,100,160328,424785,"30-194-57-180-106-112-98-13-165-85-84-28-136-134-199-160-63-53-169-14-128-154-29-172-125-100-76-43-162-126-46-139-91-55-159-3-195-17-178-33-150-93-173-90-69-161-190-141-75-156-140-44-124-87-68-185-108-0-174-118-113-119-62-86-121-27-31-24-64-40-111-38-58-155-80-1-35-7-157-49-175-189-192-138-99-143-65-191-166-186-144-88-163-74-50-60-123-36-37-142"
139,254051,100,154683,408734,"62-72-77-35-112-159-85-9-165-114-167-76-51-169-97-32-98-125-65-195-81-146-48-3-49-154-89-121-131-100-78-53-110-190-66-123-137-57-11-8-144-12-107-95-34-22-52-176-133-194-55-111-24-141-171-23-82-71-170-113-149-70-184-27-182-30-90-73-181-56-163-42-93-40-124-117-5-127-47-44-6-54-69-150-174-91-128-50-119-187-39-13-188-94-147-197-96-63-33-99"
140,265559,100,170607,436166,"154-109-91-77-4-87-130-29-2-47-25-139-90-78-161-72-149-97-71-166-178-86-14-79-108-126-68-176-198-42-110-179-180-96-24-165-171-9-55-103-114-153-85-105-194-147-38-37-188-181-39-43-35-40-174-173-142-186-8-164-62-21-111-5-125-175-148-187-160-36-106-157-120-12-28-59-45-133-19-101-34-54-3-159-196-66-116-121-56-144-138-48-18-81-119-195-57-192-193-172"
141,260747,100,164803,425550,"120-118-117-52-194-159-169-41-17-58-185-30-102-2-5-141-160-111-155-66-82-7-197-148-146-110-19-176-21-137-6-193-25-190-178-29-142-39-78-189-8-158-179-174-69-116-105-121-113-132-26-109-106-98-4-115-171-136-51-34-20-18-60-95-73-175-94-183-74-99-65-81-0-182-138-196-173-198-100-165-37-93-149-59-166-47-180-64-44-114-88-192-131-195-170-156-75-11-53-70"
142,274710,100,176479,451189,"53-169-101-65-180-103-168-44-114-82-73-10-93-85-171-63-175-196-112-150-110-9-191-41-3-67-87-47-190-97-113-165-52-121-151-6-60-129-28-24-88-32-179-46-27-195-155-26-163-90-109-142-68-2-185-161-122-79-72-197-78-199-91-140-132-86-1-11-58-80-98-61-144-166-106-162-104-172-158-81-56-75-117-20-42-189-157-84-95-152-178-35-36-186-167-116-19-107-159-176"
143,251586,100,158582,410168,"0-105-131-130-32-151-74-172-73-158-148-96-5-153-174-186-140-138-20-152-48-9-183-107-189-27-162-166-165-34-63-52-91-185-118-198-102-145-103-18-54-119-177-117-156-25-53-79-4-163-47-90-110-178-64-127-100-141-143-95-14-114-109-67-59-133-180-85-94-1-125-15-93-134-196-155-168-137-108-36-89-86-58-8-23-78-40-66-182-82-97-38-167-16-181-21-116-49-33-30"
144,263999,100,168622,432621,"70-193-141-128-10-64-68-94-103-154-3-76-42-45-119-192-65-79-109-111-87-148-18-95-30-149-113-126-181-22-101-114-62-178-41-28-104-21-67-142-125-182-116-32-6-60-15-53-165-2-46-23-173-55-7-163-190-36-12-77-57-180-20-161-11-0-176-80-124-191-58-25-160-110-88-39-13-159-174-38-40-73-115-133-187-72-164-1-31-131-120-132-144-127-185-167-71-143-152-145"
145,263951,100,169075,433026,"75-195-137-61-127-110-48-2-139-99-116-13-45-3-53-44-59-140-11-97-77-86-196-178-175-184-85-49-131-67-122-87-105-146-142-199-54-73-192-145-176-51-92-107-64-172-149-55-165-37-113-80-35-101-58-43-94-190-112-69-189-181-191-141-124-170-166-7-177-188-21-19-169-22-156-106-132-198-15-89-138-115-197-38-90-114-5-84-63-36-135-143-117-82-158-160-70-130-193-155"
146,268343,100,171697,440040,"81-68-124-123-9-187-141-80-90-66-53-175-126-34-116-87-119-61-57-161-1-62-190-176-142-139-146-8-172-156-192-75-78-125-179-73-115-162-43-17-136-100-91-137-174-130-11-41-189-173-10-114-138-16-31-108-50-152-112-52-5-111-58-44-168-83-85-18-97-42-39-163-35-194-104-14-95-92-164-195-63-135-144-54-98-107-127-22-76-128-198-37-129-32-29-94-102-56-36-120"
147,268077,100,178610,446687,"23-148-72-27-89-53-98-198-123-15-153-97-55-19-25-106-130-190-141-195-82-20-17-14-156-176-13-52-35-101-159-132-71-184-21-116-173-37-16-160-90-99-0-79-38-22-175-78-45-36-67-125-168-28-178-63-169-191-166-181-137-177-115-185-110-24-165-26-57-94-49-62-39-158-51-88-86-61-126-2-43-117-144-81-188-151-41-152-180-42-69-65-1-50-32-112-44-48-7-107"
148,280872,100,182793,463665,"196-20-166-109-195-66-48-108-182-148-91-61-81-69-121-120-106-19-105-134-25-174-135-188-32-190-3-127-143-30-63-7-4-76-155-151-170-199-189-21-116-45-146-38-157-117-179-186-159-73-10-18-13-43-140-178-100-184-137-133-78-33-187-46-124-47-145-144-142-147-79-94-103-35-42-22-98-56-31-173-132-75-95-89-11-99-102-149-163-171-2-113-115-125-9-122-177-27-28-90"
149,275214,100,175501,450715,"5-135-145-2-14-52-175-33-105-126-163-69-17-132-123-169-147-16-12-55-91-197-81-188-130-150-134-160-101-194-23-80-186-177-178-133-118-154-193-113-6-136-39-146-158-84-72-1-149-131-125-60-63-142-8-174-83-97-77-42-156-73-56-45-7-104-98-159-109-103-182-57-179-95-181-168-96-112-117-176-114-100-165-116-90-162-86-22-18-28-88-110-4-66-119-46-155-49-78-67"
150,272859,100,178573,451432,"2-89-137-66-91-115-196-50-83-181-112-82-37-198-80-36-142-7-62-24-114-85-197-41-148-56-5-180-92-45-195-133-68-187-74-21-10-105-120-158-93-88-72-164-70-58-110-184-116-191-16-145-20-165-29-49-156-160-139-86-30-121-159-177-13-77-0-25-153-189-155-99-193-194-90-176-135-117-52-53-32-128-28-157-97-129-84-179-61-6-124-64-14-113-175-3-65-108-103-141"
151,274473,100,171344,445817,"108-131-173-21-188-104-161-56-163-175-16-197-133-154-192-189-148-64-0-58-28-168-196-79-40-162-100-9-180-110-165-70-38-143-80-32-48-87-123-45-156-37-171-117-146-39-13-172-147-125-23-92-119-15-167-199-179-99-59-138-33-67-90-105-22-183-5-150-169-107-139-193-84-111-71-136-106-77-129-109-41-83-121-184-89-1-12-187-114-72-7-112-29-140-46-51-158-63-155-191"
152,251080,100,151128,402208,"104-20-144-62-107-167-154-161-101-55-2-133-100-8-52-199-16-50-19-88-83-35-138-45-156-142-184-146-24-143-79-3-130-106-92-18-46-127-37-32-171-155-169-150-187-170-41-82-192-31-22-94-141-98-193-126-74-73-70-6-124-59-197-111-90-25-87-68-190-198-53-114-183-153-177-26-120-14-21-123-151-147-48-182-7-27-12-63-135-132-164-121-67-186-188-95-110-42-28-39"
153,265520,100,163426,428946,"74-160-127-150-71-93-106-44-75-70-137-104-55-169-162-166-102-19-40-17-195-6-45-77-96-53-10-105-156-36-82-48-190-141-194-34-140-163-84-49-90-178-114-97-131-107-135-164-14-64-110-148-62-132-116-121-28-68-20-157-118-130-18-172-124-147-35-126-21-197-87-180-181-175-182-100-98-171-103-128-186-38-184-61-108-99-139-138-63-2-161-143-136-0-170-78-66-179-13-73"
154,250817,100,156176,406993,"32-34-129-180-161-120-14-84-162-187-178-40-179-170-177-197-11-75-181-198-85-53-114-56-119-80-41-199-38-50-189-196-97-6-143-93-164-74-94-100-15-193-175-25-3-19-95-91-185-54-168-47-61-76-109-190-43-194-77-9-1-163-55-127-140-156-160-46-117-89-79-154-45-183-138-102-176-26-57-13-108-171-62-195-10-17-182-150-5-101-142-118-192-134-112-35-39-69-59-107"
155,257452,100,163057,420509,"47-195-121-0-178-62-26-60-81-4-157-75-184-167-117-176-106-104-159-100-120-45-179-108-59-65-11-35-10-43-29-63-96-38-156-6-123-118-9-98-94-140-148-177-37-92-150-180-32-36-198-137-14-112-189-24-141-190-85-187-165-131-87-105-162-39-174-99-53-134-166-138-109-139-71-5-168-193-34-182-58-114-181-79-86-199-133-33-188-122-18-91-175-3-72-57-144-25-15-160"
156,250733,100,153557,404290,"139-155-22-61-104-122-135-70-142-73-144-161-186-163-184-173-181-199-2-176-66-80-130-47-127-93-23-16-152-91-194-10-114-123-19-187-145-132-59-118-192-105-48-29-15-5-82-20-96-131-84-115-0-6-31-57-62-119-148-138-137-68-185-147-191-64-136-128-133-3-32-108-42-107-121-79-7-146-120-12-30-36-156-85-90-198-21-65-129-94-180-25-197-58-76-71-100-63-11-41"
157,261554,100,155479,417033,"80-39-123-197-22-131-0-149-74-45-121-34-176-191-54-6-3-148-41-13-83-132-37-51-28-118-127-130-125-43-198-161-88-179-32-102-24-60-35-105-55-177-11-36-152-84-31-168-72-106-180-166-1-38-44-68-59-91-4-19-49-90-26-115-137-29-143-124-75-154-64-25-96-165-61-77-122-47-20-110-50-67-40-199-173-172-63-8-156-135-23-158-170-167-73-155-187-17-69-119"
158,251584,100,155617,407201,"49-179-91-106-161-137-41-148-109-175-31-80-164-185-21-78-167-178-87-119-132-32-68-143-11-67-74-71-34-38-51-54-50-173-53-186-152-66-77-195-94-193-105-134-155-52-97-177-65-188-139-174-125-190-184-59-7-18-197-19-55-1-192-154-126-20-159-98-181-82-43-117-108-0-118-69-135-136-121-6-101-180-110-39-47-107-15-112-60-30-46-116-141-88-150-168-182-151-4-146"
159,278552,100,178362,456914,"125-111-43-56-85-33-135-64-104-54-133-164-126-134-40-73-79-181-1-4-172-62-166-146-106-123-114-124-162-95-157-103-32-88-10-17-118-15-72-150-55-48-194-132-101-196-51-117-6-96-63-119-92-176-90-129-47-107-102-108-37-20-57-91-71-69-193-34-30-7-140-169-8-59-36-0-58-184-139-100-24-185-147-9-38-171-145-26-70-86-11-189-179-153-50-161-45-122-75-105"
160,279246,100,183610,462856,"179-3-28-35-118-142-155-19-39-119-70-26-55-178-72-113-71-165-20-107-145-41-76-97-163-90-143-106-101-61-47-117-37-54-140-182-99-169-11-154-23-43-116-16-197-74-77-45-95-15-131-124-69-138-48-44-14-22-129-83-78-188-156-40-31-141-115-125-103-127-1-32-42-8-93-87-199-164-57-60-68-7-151-184-148-185-152-177-13-73-120-10-105-65-38-162-196-122-172-198"
161,261225,100,173358,434583,"35-44-199-149-78-87-10-181-193-82-74-13-133-148-75-135-85-198-50-192-65-106-9-79-49-47-187-0-131-40-146-138-119-169-185-8-115-123-151-168-71-7-190-14-62-116-140-108-21-183-69-68-91-92-27-30-99-15-128-18-196-52-171-67-100-58-37-111-95-41-4-174-195-189-165-103-24-167-1-59-88-80-173-25-16-26-97-48-20-109-93-121-137-129-144-158-163-104-143-90"
162,271396,100,176839,448235,"44-171-138-4-100-181-153-63-104-143-128-70-35-38-177-193-15-129-107-139-154-169-163-5-49-156-86-43-101-98-108-39-0-125-126-73-132-140-174-161-151-2-42-145-90-127-76-46-158-71-110-22-13-157-182-31-186-123-164-185-57-133-165-94-16-113-102-80-149-20-141-155-24-53-180-48-121-167-97-187-99-10-136-11-122-30-81-61-150-59-173-175-33-9-172-55-103-17-134-184"
163,267573,100,168858,436431,"4-28-109-134-43-6-157-62-174-143-58-46-33-136-186-34-91-75-74-57-12-149-192-166-156-135-67-64-20-148-78-11-7-89-48-5-68-72-85-183-171-10-108-3-133-123-124-152-178-8-93-87-104-153-150-151-193-77-44-107-26-121-170-99-23-53-160-101-142-13-147-98-127-25-154-95-41-155-198-90-167-182-137-52-164-145-35-110-76-165-9-191-102-122-21-180-60-55-106-112"
164,274724,100,180083,454807,"190-178-74-170-146-198-68-83-165-180-183-199-71-43-50-140-149-106-132-58-84-19-29-196-77-114-1-63-76-194-175-141-15-56-169-34-193-129-35-54-174-130-90-158-125-13-135-75-171-3-4-181-139-101-11-113-116-31-164-121-187-61-52-177-144-89-124-123-65-102-105-122-151-21-127-0-79-157-5-39-107-14-136-98-99-182-55-108-42-152-17-134-147-112-92-142-7-23-118-189"
165,268281,100,167494,435775,"26-140-113-72-41-35-13-155-197-60-131-67-16-18-93-117-167-85-49-11-34-99-184-194-51-12-15-20-66-46-37-42-147-161-185-133-178-135-76-27-110-55-157-136-75-52-77-100-142-153-8-121-137-192-119-98-172-2-31-195-156-33-74-43-174-102-14-79-80-165-106-30-64-128-92-108-90-10-29-146-188-44-68-36-198-24-32-21-78-162-0-154-124-81-104-17-65-5-50-138"
166,259801,100,163860,423661,"77-158-159-109-150-115-35-178-103-102-34-41-22-117-127-0-54-148-76-195-167-94-174-175-24-134-57-33-53-26-14-133-9-101-108-58-162-196-143-38-84-10-149-153-31-135-23-52-141-66-2-112-59-11-62-166-155-160-79-125-113-1-184-83-130-13-12-44-88-147-190-47-126-93-4-161-92-51-129-67-78-182-140-28-104-7-172-193-19-173-37-71-138-176-189-132-75-105-139-163"
167,263968,100,163651,427619,"85-35-4-69-121-149-9-74-151-28-90-77-136-5-39-115-180-88-188-25-32-2-60-24-154-140-6-109-73-0-164-167-112-185-104-110-103-156-15-196-159-119-22-171-95-13-199-142-181-55-52-7-182-157-67-184-191-175-107-165-70-93-53-23-161-131-186-12-37-133-62-130-108-46-89-19-128-18-58-116-166-187-50-8-176-54-63-125-1-51-172-81-17-87-38-97-78-126-190-144"
168,264173,100,161762,425935,"169-18-194-53-31-134-188-46-47-94-61-196-189-144-78-117-129-41-132-87-98-52-135-124-191-199-38-55-163-37-145-99-126-12-62-150-51-154-11-100-184-63-27-170-93-187-75-128-73-19-90-112-24-108-74-107-101-158-192-28-115-106-181-138-111-45-6-92-105-166-29-77-4-122-0-125-178-67-70-66-147-127-79-164-177-109-9-35-102-172-43-1-59-155-113-82-198-131-180-39"
169,247672,100,156761,404433,"124-39-126-122-153-32-69-179-189-30-109-146-183-1-62-19-196-92-12-25-93-151-56-45-24-16-127-138-63-118-38-37-107-66-198-59-159-106-33-120-57-148-94-96-7-197-77-123-155-113-171-18-135-158-185-2-193-104-147-145-52-144-111-149-84-6-48-68-119-43-116-115-162-58-192-15-22-40-129-175-73-137-8-114-90-88-23-98-31-177-36-64-180-101-130-172-190-141-140-142"
170,282300,100,184055,466355,"187-181-196-147-68-40-28-84-3-115-26-133-86-49-110-14-175-189-192-38-37-194-47-112-58-128-89-67-137-104-151-114-93-117-164-145-190-53-129-69-79-10-57-19-42-43-13-88-146-161-27-70-183-66-17-158-195-61-60-7-123-63-95-82-162-177-188-90-91-51-96-105-141-24-83-62-131-113-153-138-48-170-174-72-139-135-140-36-71-198-166-106-107-2-143-160-134-99-22-127"
171,276871,100,177648,454519,"146-18-100-117-187-20-14-189-66-115-124-104-161-137-73-90-37-45-95-159-62-41-127-156-152-85-39-110-33-81-192-180-120-55-196-199-9-150-116-65-40-52-123-163-184-74-69-11-195-169-76-56-17-75-28-157-126-89-162-174-128-58-165-114-93-53-34-98-191-71-167-32-198-84-106-49-134-99-175-118-112-15-91-46-6-92-26-140-59-101-129-87-77-21-122-51-23-60-68-107"
172,268819,100,165275,434094,"140-58-184-99-49-91-188-155-101-63-110-109-163-197-84-179-5-9-156-193-100-3-68-21-61-102-174-162-31-71-186-62-131-23-161-133-130-90-118-120-25-181-183-122-92-177-27-125-59-74-135-14-66-45-2-121-34-41-111-158-86-50-170-94-76-116-146-55-57-123-48-194-24-129-171-169-160-52-88-36-173-172-182-167-190-107-87-29-147-114-168-128-60-142-56-138-54-39-1-98"
173,256476,100,162917,419393,"65-151-67-116-51-82-186-153-122-27-18-103-61-68-21-7-63-25-191-177-32-143-3-11-49-16-72-118-58-52-176-55-69-195-146-85-133-71-15-59-184-28-75-44-165-132-142-29-88-137-66-159-70-185-136-105-6-106-173-80-0-141-40-36-168-171-111-83-8-140-110-92-38-78-41-190-167-181-100-79-1-175-87-157-156-125-113-46-94-77-130-179-47-101-114-138-127-26-31-199"
174,265809,100,167794,433603,"171-49-21-9-139-178-99-176-70-127-103-130-162-76-123-60-143-75-51-88-116-13-173-67-106-191-136-181-43-15-161-138-147-34-79-84-117-111-115-108-158-192-107-77-24-104-135-131-1-85-194-66-137-61-169-44-81-46-55-151-96-16-159-167-8-72-100-86-150-83-33-185-5-56-7-37-91-36-39-12-29-52-57-140-168-170-128-186-184-134-30-113-133-59-53-110-18-146-2-68"
175,259221,100,164487,423708,"66-146-106-152-143-1-155-187-67-119-10-94-3-18-122-40-180-36-73-127-197-33-165-164-74-124-192-194-23-110-14-41-48-45-28-147-82-193-189-26-9-109-126-188-53-172-104-185-113-135-70-140-99-34-37-112-46-11-2-97-196-51-178-136-149-182-25-44-16-87-7-57-158-120-86-24-35-20-154-27-132-137-30-169-63-168-88-191-163-107-198-89-181-190-81-175-31-4-54-183"
176,265598,100,167370,432968,"115-87-124-131-78-186-194-168-35-102-158-2-113-199-39-7-70-46-187-69-105-44-184-48-54-180-197-25-159-99-163-106-92-81-165-6-135-169-43-40-129-179-41-191-56-151-76-30-171-125-83-147-162-143-174-152-50-98-17-132-164-133-65-177-190-15-1-196-29-47-38-34-176-111-188-181-160-150-10-3-16-74-126-33-14-173-12-100-136-37-8-104-63-189-59-103-114-153-49-119"
177,266454,100,169647,436101,"111-43-103-3-131-115-80-102-64-199-108-82-197-57-8-86-113-182-133-4-17-145-175-97-177-154-35-124-157-190-160-104-140-169-179-174-39-184-53-28-56-79-100-163-60-30-14-138-139-162-51-7-161-0-95-192-107-83-155-186-10-99-194-49-173-98-40-153-9-38-67-62-142-87-72-195-180-66-12-23-165-127-84-189-123-13-183-85-151-109-167-164-121-152-188-181-52-42-31-143"
178,263025,100,168926,431951,"1-16-112-36-152-172-147-46-143-100-93-39-81-175-91-104-85-173-35-156-40-119-89-118-68-170-129-13-2-76-103-25-5-111-17-12-113-86-21-84-197-166-61-101-45-96-153-92-42-115-4-14-106-51-108-168-67-138-144-63-180-183-187-110-50-69-43-130-54-71-124-145-95-102-137-24-48-62-122-75-77-23-162-11-79-52-60-19-27-176-140-126-114-164-121-34-18-165-72-49"
179,257868,100,157605,415473,"60-128-161-87-78-141-106-142-193-125-107-179-25-155-105-145-144-43-48-50-58-18-45-56-157-4-169-16-135-151-172-111-75-41-10-102-85-98-42-55-23-37-30-89-143-21-158-38-177-160-11-64-36-173-53-182-101-31-61-63-167-82-99-57-51-149-84-92-34-148-130-112-74-154-152-137-124-39-67-147-190-94-122-185-197-91-49-72-32-123-108-96-166-165-104-103-33-88-7-129"
180,253458,100,157565,411023,"167-148-194-81-51-28-82-153-162-34-33-169-19-118-77-149-66-179-71-93-69-67-198-173-24-180-150-161-125-35-68-55-176-171-134-164-43-117-191-22-146-113-30-103-4-48-133-136-190-78-96-10-130-29-76-143-177-120-91-106-138-58-13-123-144-178-7-166-53-140-0-165-127-109-50-57-54-21-74-36-135-121-181-98-73-47-139-114-151-44-3-23-1-31-92-158-132-62-105-6"
181,262835,100,162553,425388,"14-82-23-159-9-183-135-47-36-122-8-125-22-196-91-99-151-146-109-107-189-193-127-4-98-27-108-133-190-130-175-168-120-0-161-84-121-29-57-111-115-134-117-30-1-53-60-101-21-169-73-28-15-24-34-85-39-174-104-58-10-31-16-110-142-80-166-25-188-95-149-43-194-105-69-67-87-62-157-198-61-113-77-41-75-78-172-12-148-59-18-79-90-179-150-70-96-33-38-5"
182,270638,100,174134,444772,"99-75-6-176-150-184-131-60-1-17-52-106-83-63-34-88-69-188-12-129-5-124-148-76-92-155-194-198-31-72-13-51-56-116-42-86-107-45-97-153-112-8-81-55-134-130-127-38-105-11-3-47-136-93-177-98-110-140-14-23-27-151-108-196-78-48-90-16-82-162-40-193-36-61-186-79-169-144-102-28-26-101-80-20-53-195-185-58-54-24-123-74-128-183-141-182-142-180-175-68"
183,266944,100,165988,432932,"84-108-115-37-172-83-41-197-7-177-109-100-44-18-198-111-117-138-70-6-194-4-107-90-142-102-135-91-131-175-30-72-26-181-48-58-163-123-95-93-149-43-127-180-164-45-80-192-85-40-130-182-11-47-147-54-98-157-185-3-146-56-171-61-14-101-77-59-49-199-128-75-34-5-96-167-17-160-184-82-88-22-50-141-103-20-104-53-31-8-188-51-154-191-86-60-76-28-137-170"
184,270828,100,171481,442309,"174-115-157-36-32-145-128-107-80-164-135-118-185-167-142-197-165-43-105-78-95-119-79-46-4-116-64-20-18-11-198-183-48-5-189-195-61-92-85-100-143-94-97-57-144-117-109-44-129-199-51-138-26-27-182-40-34-6-112-89-152-188-77-55-90-184-56-187-7-60-136-172-71-45-147-58-171-0-12-8-158-50-68-180-69-22-125-88-140-86-132-162-17-74-134-65-24-192-72-106"
185,275036,100,175119,450155,"128-109-149-84-165-122-35-118-99-46-117-77-188-60-144-163-164-143-132-54-22-170-190-191-13-146-167-186-70-134-80-174-112-3-27-47-141-125-64-102-154-106-15-38-192-161-145-42-91-12-87-73-11-138-172-177-85-83-26-62-137-23-0-183-78-24-52-108-148-124-140-185-194-187-7-30-157-166-6-180-198-127-49-101-92-68-104-82-160-115-126-65-197-184-69-196-129-25-168-121"
186,266235,100,162978,429213,"120-33-76-121-15-9-54-72-136-127-189-108-117-154-65-99-0-100-8-130-177-90-45-51-105-4-198-166-22-3-132-124-12-192-176-42-82-172-21-2-183-77-158-122-186-123-69-157-178-165-149-156-152-113-119-96-144-1-161-50-159-197-129-104-185-98-175-162-111-27-110-169-37-60-196-58-16-147-128-44-102-125-182-164-191-17-23-64-67-131-103-150-133-81-146-6-11-18-43-188"
187,265704,100,162711,428415,"99-180-162-17-3-134-140-156-147-27-77-103-183-42-168-52-159-164-5-110-169-131-59-24-118-129-74-2-163-115-63-45-87-12-62-90-37-161-116-154-39-151-33-126-60-88-125-107-165-100-81-80-13-143-57-184-9-18-190-167-119-104-50-145-197-187-188-194-48-193-25-128-66-85-172-176-198-189-70-177-47-155-51-34-173-146-199-122-149-179-192-127-181-41-15-170-65-38-14-53"
188,279488,100,182061,461549,"82-114-30-88-42-79-39-195-20-115-6-107-68-118-113-183-124-66-167-177-172-155-24-100-181-92-199-122-1-55-85-35-36-59-111-148-103-95-139-13-146-187-126-165-28-117-116-8-51-12-46-75-127-119-145-108-135-43-76-56-128-192-64-136-168-161-80-16-176-49-14-83-130-89-112-15-153-57-33-11-63-141-110-94-52-186-70-173-77-45-185-4-109-18-27-132-180-144-162-159"
189,259006,100,161886,420892,"169-90-41-21-83-68-180-71-130-89-48-195-62-74-101-177-187-107-50-138-199-102-58-31-137-85-39-51-34-152-47-30-53-20-11-175-16-144-49-22-108-79-178-112-44-141-155-92-14-36-192-143-135-61-153-13-179-150-15-38-198-113-158-75-43-173-120-3-128-106-72-188-84-9-163-124-54-12-66-123-35-104-110-132-191-77-154-57-70-37-146-73-99-122-184-140-142-46-80-25"
190,265219,100,164712,429931,"77-145-2-170-114-139-107-187-50-40-134-21-171-195-198-39-30-19-99-54-130-83-158-85-192-58-6-129-31-69-155-137-33-23-103-141-167-5-199-149-98-175-7-18-176-97-76-177-106-121-112-29-67-111-47-4-104-11-164-101-178-86-52-45-147-148-189-102-79-84-109-154-181-194-62-72-161-80-15-150-140-73-55-46-10-135-16-66-53-157-125-165-173-166-68-193-44-42-35-94"
191,272916,100,174672,447588,"172-19-141-22-188-65-74-177-127-31-49-0-187-28-171-128-76-70-21-13-44-32-100-96-3-16-67-161-157-125-47-175-134-137-45-104-133-180-152-43-118-183-169-199-189-29-191-198-71-30-98-109-140-129-35-103-159-51-123-173-107-5-139-53-174-97-58-136-178-144-12-135-197-99-38-196-163-156-40-148-147-164-176-26-186-41-90-59-6-91-37-132-94-15-80-112-18-185-57-55"
192,260771,100,162150,422921,"47-175-44-173-38-14-31-187-55-179-151-0-129-21-134-140-10-149-106-33-138-57-185-166-131-171-51-32-77-150-167-192-61-172-29-85-45-186-4-191-75-143-164-119-94-13-176-71-180-41-162-50-46-199-79-100-190-95-36-146-110-28-193-163-1-88-152-155-49-121-170-69-117-161-158-70-63-144-59-76-133-39-37-124-142-157-99-25-182-93-9-195-102-98-35-108-92-96-165-5"
193,273681,100,170026,443707,"87-46-73-20-181-97-96-27-3-76-161-170-153-99-111-174-86-83-169-147-183-19-173-107-50-176-105-23-98-113-134-164-142-125-32-18-187-146-48-123-136-81-89-133-140-168-196-135-139-79-160-31-121-84-178-88-49-74-90-149-15-128-12-124-25-33-77-150-92-95-185-127-66-28-30-143-192-110-56-189-68-47-117-58-122-53-54-62-179-195-138-11-108-180-5-137-162-91-165-145"
194,269927,100,170957,440884,"105-193-154-14-173-37-34-160-92-143-98-19-110-169-171-128-84-117-7-31-182-99-59-126-100-49-158-176-21-112-77-183-106-90-190-36-144-97-33-178-5-118-153-47-172-69-146-159-130-166-145-161-124-48-26-73-168-8-55-28-94-96-57-91-18-93-82-103-50-51-131-199-151-3-32-15-196-139-2-107-195-174-116-71-125-177-40-72-170-114-150-132-187-56-121-142-137-10-54-156"
195,248077,100,157213,405290,"116-83-15-37-104-144-148-127-0-136-80-109-126-40-84-17-39-115-152-5-14-179-90-199-100-146-36-193-139-93-3-23-31-157-13-117-96-29-143-113-184-21-30-34-110-25-86-189-65-175-44-54-89-181-32-164-48-120-142-88-58-106-174-73-2-33-138-129-101-57-41-118-180-46-166-135-155-7-61-45-91-171-78-55-114-169-12-87-22-153-112-47-198-197-27-82-70-74-49-76"
196,274804,100,178340,453144,"12-144-155-123-131-73-186-50-197-162-169-7-45-182-58-122-149-195-63-68-13-180-136-165-37-44-185-130-51-46-91-199-126-159-23-198-160-110-0-109-1-5-177-120-36-31-43-168-192-134-95-65-88-4-101-98-150-34-54-164-152-129-8-22-47-172-117-30-102-70-75-99-179-139-146-158-121-96-175-124-170-187-157-193-39-2-90-77-21-108-85-27-138-74-20-93-38-25-14-113"
197,265197,100,163172,428369,"115-97-51-90-163-25-62-196-6-107-138-77-44-199-32-154-85-178-130-33-4-12-93-7-19-46-43-126-198-102-2-173-145-52-47-177-105-139-14-1-16-78-36-165-159-142-191-152-187-188-124-118-30-41-81-148-10-65-114-110-35-66-122-186-82-146-3-161-170-168-147-119-76-134-109-111-60-27-164-172-56-98-185-127-11-169-38-197-99-29-34-180-133-96-166-120-149-137-176-91"
198,265095,100,162865,427960,"155-132-69-178-44-23-76-57-105-189-31-55-86-149-45-183-18-70-66-75-129-173-182-74-128-137-47-176-24-163-100-77-196-151-79-106-154-120-73-192-184-140-21-58-139-123-172-61-11-71-37-28-199-95-68-87-56-179-171-35-32-52-48-110-2-25-181-198-159-142-49-6-141-91-148-90-26-131-169-50-4-170-96-177-168-112-194-174-191-127-36-9-85-111-147-15-195-94-160-165"
199,260312,100,161617,421929,"121-87-113-101-120-83-52-123-49-79-76-31-162-93-173-108-32-86-161-188-62-35-197-167-128-54-8-168-170-192-111-193-47-53-106-144-154-61-177-125-17-58-55-59-13-6-27-199-77-131-48-151-174-132-3-33-89-152-178-145-194-67-26-105-122-164-10-142-181-109-2-71-75-70-158-0-99-102-133-18-175-30-190-44-56-82-171-146-184-180-97-51-88-117-150-24-191-110-129-141"
200,262368,100,171353,433721,"92-89-74-194-150-7-59-134-177-123-81-186-6-0-40-41-99-184-14-131-45-146-83-5-98-78-106-86-127-167-79-141-178-174-162-69-176-164-117-68-11-196-12-155-4-55-57-143-97-102-37-66-50-38-119-114-30-138-77-56-8-84-179-170-171-72-110-2-121-149-148-10-101-53-70-47-112-31-43-9-34-52-135-125-93-161-154-90-163-29-25-19-15-191-152-42-126-80-158-120"
