SolutionID,TotalCost,NumNodes,TotalDistance,ObjectiveFunction,TotalRunningTime,Cycle
1,77426,100,28849,106275,50,"23-89-183-143-0-46-198-139-68-117-93-108-69-18-22-146-159-193-41-115-118-51-80-176-137-102-106-178-9-148-124-97-121-100-26-82-120-25-44-78-16-171-175-56-113-31-81-40-179-57-145-92-129-2-1-101-75-86-53-180-154-133-151-162-59-116-65-149-131-43-42-181-34-160-184-54-177-112-123-127-70-135-79-122-63-94-152-55-52-196-90-165-185-138-14-144-49-62-15-186"
2,77882,100,29753,107635,48,"39-165-119-40-185-179-196-81-90-27-164-7-21-144-15-23-137-0-115-41-193-22-159-18-108-139-59-94-63-79-151-133-154-158-53-180-135-127-123-112-4-177-160-43-42-181-34-48-54-184-116-65-131-149-162-176-80-51-118-46-68-117-143-183-89-186-148-167-152-97-75-86-100-121-26-1-101-2-44-25-120-129-92-145-31-113-175-171-16-78-57-55-52-178-106-9-62-49-14-138"
3,82352,100,32585,114937,11,"148-9-62-102-49-138-14-144-21-95-164-7-27-90-165-119-40-185-55-3-178-106-52-57-92-145-78-1-97-26-80-151-59-47-131-149-127-123-4-84-35-184-160-54-177-112-70-86-100-101-79-162-133-63-94-176-137-23-183-89-143-0-93-117-51-118-46-139-18-22-34-103-146-159-41-193-181-115-42-5-43-116-65-135-154-180-53-120-44-171-175-31-157-56-113-16-25-75-2-152"
4,82130,100,31811,113941,31,"195-146-22-159-18-108-117-143-0-153-183-89-23-186-15-144-102-49-178-90-165-40-138-14-3-62-9-148-167-57-52-55-106-185-196-81-56-16-175-171-113-25-82-92-179-145-78-31-129-87-2-94-124-63-79-51-116-149-162-151-123-180-100-26-97-75-44-120-1-101-86-152-121-53-154-135-70-133-80-176-137-118-46-68-59-115-5-43-65-184-177-54-48-34-160-42-41-139-193-181"
5,80810,100,29329,110139,26,"162-133-135-154-180-79-122-63-94-97-1-101-53-121-100-26-86-75-25-44-179-196-55-178-106-52-92-82-120-2-152-57-129-145-16-113-175-171-78-31-56-157-81-90-27-119-40-185-39-165-14-144-102-49-148-37-167-9-62-15-114-23-186-89-183-137-176-80-151-51-143-0-116-65-149-131-115-118-59-43-42-22-139-193-41-159-181-184-160-34-54-30-48-177-10-4-112-84-35-123"
6,82517,100,30639,113156,13,"178-138-164-7-21-14-155-144-49-102-62-9-37-167-124-94-152-2-171-175-16-56-113-31-78-145-129-92-52-55-57-148-176-23-89-183-143-0-137-51-59-46-117-68-139-41-42-54-160-34-181-146-22-193-115-118-47-116-65-149-43-184-112-123-162-151-133-80-122-63-127-70-135-158-180-154-182-121-86-26-100-79-136-53-75-97-1-101-82-120-44-25-196-81-90-119-40-185-165-106"
7,78245,100,28568,106813,30,"113-56-31-78-82-92-145-179-57-55-52-106-185-165-39-119-40-196-157-81-27-90-164-21-14-3-178-49-102-144-62-9-137-89-183-143-117-0-59-118-63-94-124-37-148-80-79-122-135-70-127-123-116-65-43-184-190-10-177-54-160-42-34-181-146-22-18-159-193-41-139-115-68-46-51-176-162-151-133-180-154-53-86-75-100-26-97-1-101-152-111-167-129-2-120-44-25-16-171-175"
8,79418,100,32021,111439,23,"151-51-118-59-149-65-116-43-35-112-4-10-177-54-184-160-34-22-146-181-42-193-159-18-108-41-115-139-46-68-117-0-143-183-186-114-9-62-185-55-52-145-56-113-16-171-175-78-129-178-106-165-119-40-81-90-27-164-21-14-144-102-49-148-15-137-89-23-124-101-75-25-31-179-57-92-44-120-2-86-100-121-152-1-26-97-53-154-162-123-127-135-70-180-63-133-79-94-80-176"
9,80172,100,27772,107944,21,"80-94-63-122-79-133-151-51-118-46-139-41-193-22-34-160-65-149-123-112-184-54-10-177-30-48-43-42-5-115-116-59-72-162-135-154-70-180-53-121-100-26-189-97-1-101-86-75-2-74-152-82-129-92-120-25-44-16-171-113-175-31-78-145-55-52-179-57-196-81-40-119-185-178-106-14-165-27-90-39-138-102-62-9-144-49-167-148-37-15-137-23-186-183-89-143-117-0-153-176"
10,80395,100,31997,112392,15,"120-44-16-171-175-113-31-196-165-138-14-49-148-137-176-80-63-86-100-152-124-2-129-75-101-1-97-26-94-89-183-153-46-68-93-117-0-143-51-151-59-118-162-43-47-116-149-131-65-42-159-193-41-115-139-108-18-146-22-181-160-184-177-54-34-48-84-112-123-127-135-70-158-53-154-180-133-122-79-23-186-15-9-62-144-21-90-81-40-185-92-57-55-178-106-52-179-145-78-25"
11,79769,100,30109,109878,27,"146-34-160-184-48-54-177-4-112-84-35-149-59-118-115-139-46-68-93-117-143-0-80-94-102-144-14-49-167-129-2-82-25-78-55-52-178-106-165-90-81-40-185-92-57-145-56-113-175-171-31-16-44-120-75-1-101-86-135-127-151-51-137-23-183-89-186-62-9-148-124-189-19-152-97-100-26-121-53-154-70-180-158-79-122-63-176-133-123-162-65-116-43-42-181-41-193-159-18-22"
12,77420,100,26105,103525,18,"9-62-102-144-14-49-3-178-106-52-55-40-119-185-165-90-81-196-179-78-25-16-171-175-113-31-145-92-57-129-82-120-44-2-75-100-121-53-158-86-97-26-101-1-152-148-37-167-111-124-94-180-154-70-135-162-151-63-79-133-80-122-137-176-51-109-118-59-115-47-116-65-149-123-131-43-42-5-184-177-54-48-34-160-181-193-22-159-18-41-139-46-143-117-0-183-23-89-186-15"
13,80731,100,29276,110007,10,"25-44-120-2-152-1-26-100-86-101-75-97-162-123-135-70-194-127-35-131-149-47-65-116-42-43-112-84-184-190-10-177-54-160-34-181-5-96-139-18-193-41-159-22-108-93-140-143-117-0-46-115-118-59-51-151-72-133-94-124-148-121-53-158-154-180-63-80-79-176-23-137-183-89-186-9-62-102-138-144-14-165-40-185-55-52-106-178-3-49-179-57-129-92-78-113-175-171-16-145"
14,80030,100,31075,111105,12,"46-0-117-143-183-89-186-23-137-15-148-102-49-62-9-167-152-1-75-25-120-16-78-145-92-55-57-179-185-40-14-144-21-138-178-106-129-44-113-171-175-56-31-157-196-81-90-27-39-119-165-52-97-86-100-26-101-2-53-180-70-154-135-133-63-94-80-122-79-176-51-118-59-149-112-84-184-35-123-162-151-65-116-43-42-160-54-34-146-22-195-181-193-159-18-108-68-115-41-139"
15,81436,100,30250,111686,11,"117-0-143-183-89-23-137-176-80-148-178-3-165-119-185-40-81-90-21-144-155-14-138-49-9-62-102-32-52-106-55-57-92-179-145-78-31-171-113-175-56-16-120-25-44-2-129-167-189-121-94-12-124-79-122-63-180-53-100-26-97-152-101-1-75-86-70-135-154-127-162-133-151-51-118-59-47-43-160-34-48-54-177-184-112-123-149-65-139-193-41-181-42-116-68-46-115-22-159-18"
16,77992,100,29376,107368,19,"89-23-137-51-118-59-151-133-94-152-120-44-25-78-113-175-171-16-31-40-119-185-106-55-52-49-102-14-178-165-90-27-164-21-144-9-62-148-167-92-145-57-129-2-101-75-86-100-26-1-97-63-79-80-176-122-53-180-154-162-135-70-127-123-84-112-4-35-131-149-184-177-54-30-48-160-34-181-195-41-146-22-159-42-5-139-69-18-108-68-193-43-65-116-115-46-117-143-0-183"
17,80748,100,31210,111958,39,"113-175-171-16-44-120-2-75-86-100-26-101-1-97-189-121-53-154-180-63-94-124-114-89-183-143-0-117-46-68-18-22-159-193-42-43-5-41-181-160-34-48-177-54-184-112-127-70-135-162-79-176-80-133-149-131-123-59-51-151-118-65-116-69-108-139-198-115-137-186-23-15-102-144-9-62-167-49-148-152-129-92-145-179-57-55-52-106-178-3-14-40-81-90-165-185-78-31-157-56"
18,77887,100,29439,107326,16,"123-127-112-4-84-35-43-42-181-54-30-177-10-184-48-160-34-146-22-159-18-193-41-115-139-68-46-0-143-117-153-183-89-23-9-62-15-186-79-63-94-124-148-49-102-144-14-21-7-164-39-165-196-81-90-119-40-185-171-175-113-16-120-44-78-31-179-55-52-178-106-57-145-92-2-75-86-1-152-97-101-26-53-154-180-70-135-133-80-176-137-162-151-72-51-118-59-116-65-149"
19,81428,100,32354,113782,27,"175-171-16-25-44-82-120-129-92-179-55-185-40-119-165-90-164-7-106-178-167-124-135-123-127-70-154-180-53-100-26-121-86-101-75-2-152-97-1-94-148-122-63-79-162-151-133-80-176-51-68-46-115-43-160-184-54-177-149-65-118-59-116-42-34-146-195-181-22-18-193-159-41-139-117-0-183-143-89-23-186-114-144-14-138-62-37-9-15-137-102-49-52-57-145-78-81-196-31-113"
20,79281,100,28695,107976,36,"138-3-178-106-52-55-57-179-185-40-119-165-90-81-196-157-31-113-56-85-175-171-16-78-145-92-129-2-152-124-94-189-1-97-82-25-44-120-75-101-86-26-100-53-121-63-135-180-79-133-151-59-115-139-68-46-41-22-146-181-34-184-54-160-116-65-131-149-43-42-159-193-18-108-93-51-162-123-127-70-154-176-80-109-118-0-117-143-89-183-23-137-148-49-15-9-62-102-144-14"
21,77663,100,29087,106750,22,"123-149-131-112-4-190-10-177-160-184-54-34-181-42-116-5-41-193-159-146-22-18-108-139-68-117-143-0-46-198-115-43-65-59-118-51-176-89-183-137-79-63-94-124-152-75-86-101-1-120-44-25-92-129-2-55-178-106-3-165-196-145-78-16-113-56-175-171-31-157-179-57-167-148-9-62-144-102-49-14-40-119-81-90-27-185-52-97-26-100-53-180-154-133-80-151-162-135-70-127"
22,81182,100,31192,112374,25,"117-143-183-89-137-15-9-62-144-14-102-49-138-3-178-106-119-40-185-90-27-164-39-165-8-52-55-148-167-152-53-26-100-86-2-129-57-92-120-44-78-179-145-157-196-81-113-175-171-31-16-75-101-1-97-63-80-79-122-124-94-133-154-180-176-51-65-116-43-162-151-135-127-123-4-112-84-184-30-54-34-181-146-160-48-177-42-118-59-115-46-193-22-18-159-41-139-68-140-93"
23,79152,100,29594,108746,17,"16-171-175-113-31-196-81-90-165-185-3-178-106-52-55-57-129-92-78-145-179-119-40-14-144-49-102-62-9-15-137-23-89-198-139-110-140-93-117-0-170-143-183-116-43-34-181-42-65-149-131-160-54-184-177-10-4-112-84-35-123-127-135-133-151-162-59-118-115-41-193-159-22-69-108-18-68-46-51-79-63-180-154-158-53-26-94-80-176-148-152-97-1-101-86-75-120-44-25-2"
24,82153,100,32199,114352,24,"129-120-44-25-145-78-175-171-16-113-31-157-81-196-185-40-90-165-106-49-62-15-9-186-80-176-137-23-51-151-133-79-63-122-94-124-148-167-152-2-75-1-86-101-182-121-189-97-26-100-53-180-158-135-70-154-162-149-131-123-112-184-42-5-43-116-160-54-22-146-34-181-65-139-118-59-115-41-195-159-193-108-18-68-46-117-143-0-183-89-114-102-178-52-14-144-55-179-57-92"
25,79864,100,31190,111054,33,"189-94-124-148-80-79-133-151-162-59-149-131-112-127-135-180-154-70-123-65-116-41-159-22-146-34-160-184-54-10-177-84-35-43-115-5-42-181-193-139-69-18-108-117-143-93-140-68-46-118-51-176-137-186-89-183-0-23-15-9-144-62-49-14-178-106-31-113-16-171-175-81-90-40-185-165-119-52-55-78-57-152-97-101-1-2-129-145-92-44-25-120-75-26-100-86-53-63-182-121"
26,78562,100,28779,107341,32,"138-14-49-102-144-62-9-15-148-94-79-118-51-80-176-137-186-23-89-183-143-0-46-68-18-159-193-139-22-34-54-48-160-181-41-115-59-149-65-116-42-43-131-162-151-35-184-177-4-112-127-70-135-194-123-133-63-154-180-158-53-100-26-97-152-1-120-44-25-82-129-2-101-86-75-16-171-175-113-31-78-56-157-196-81-90-119-185-40-39-165-178-3-145-179-92-57-52-55-106"
27,78423,100,29148,107571,31,"18-108-140-68-46-198-139-41-193-181-42-184-65-116-43-115-118-59-162-151-51-183-143-117-0-23-137-176-80-79-121-152-189-124-148-37-102-49-9-62-144-138-14-178-119-40-81-90-165-185-55-92-25-16-171-113-175-31-56-78-145-179-57-106-52-94-63-133-180-100-86-26-97-2-120-44-129-75-1-101-53-154-70-135-127-123-35-84-112-4-190-10-177-54-48-160-34-146-22-159"
28,76037,100,26373,102410,42,"16-78-25-44-120-2-75-101-86-53-154-135-70-123-127-112-184-177-54-48-34-160-181-43-131-149-65-116-5-42-96-115-139-68-46-198-193-41-159-22-18-108-69-93-140-117-0-143-183-89-176-80-151-59-118-51-137-23-186-144-49-62-9-148-124-94-122-79-133-63-180-100-26-97-1-152-129-92-57-55-119-40-185-106-14-178-3-52-165-90-81-196-179-145-31-157-56-113-171-175"
29,78164,100,28513,106677,16,"40-119-185-52-55-57-92-129-78-145-196-157-31-56-113-175-171-16-25-44-120-2-152-97-1-75-101-86-100-180-154-53-121-26-124-94-122-133-80-79-63-151-59-115-65-193-41-139-68-46-69-18-108-159-22-34-160-54-30-177-10-43-116-42-184-131-149-123-127-70-135-162-118-51-137-23-186-15-114-89-0-143-117-183-176-148-62-9-37-102-49-144-138-14-3-178-106-165-90-81"
30,78271,100,27475,105746,26,"92-57-179-145-78-16-171-175-113-56-31-196-81-90-165-40-185-52-55-167-148-137-51-176-80-79-59-65-116-43-5-115-139-46-68-118-72-133-122-151-162-123-135-70-127-112-184-177-10-54-48-160-34-42-193-41-22-18-108-117-143-183-89-186-23-114-15-9-62-49-3-178-106-138-14-144-124-94-53-158-180-154-63-182-121-86-100-26-189-1-97-101-152-2-75-44-120-25-82-129"
31,77456,100,27570,105026,43,"75-86-26-100-121-182-136-53-158-180-154-133-151-59-118-51-123-162-70-135-127-4-112-177-54-184-42-43-131-149-116-47-65-115-139-41-193-159-146-103-34-160-181-22-18-108-117-183-143-68-46-0-23-137-148-124-94-176-80-79-63-152-97-101-1-2-129-82-25-78-145-179-92-57-55-52-178-106-185-40-165-144-9-62-49-102-14-138-39-90-196-81-31-56-113-175-171-16-44-120"
32,76690,100,26969,103659,17,"22-146-34-160-48-54-177-10-190-84-184-43-42-5-116-47-65-59-118-0-143-117-153-183-89-23-137-15-62-9-148-94-63-26-101-55-52-106-178-49-102-144-14-185-119-40-165-39-27-90-81-196-145-78-157-16-31-171-175-56-113-179-57-129-120-44-25-92-2-100-152-1-86-75-97-53-158-154-180-135-127-123-131-149-162-133-151-79-80-176-51-46-115-68-108-18-139-41-193-159"
33,80948,100,30210,111158,34,"159-193-41-139-46-115-118-109-51-151-59-116-43-77-47-65-131-149-135-70-154-63-86-100-189-152-97-26-1-101-2-129-78-75-120-44-25-16-113-56-171-175-31-145-179-92-106-185-40-165-55-57-52-178-14-144-62-148-9-15-186-89-183-0-93-117-143-23-176-79-80-137-102-49-167-124-94-121-53-180-162-133-123-127-112-177-54-160-84-35-184-42-5-181-34-146-195-22-108-18"
34,76590,100,26429,103019,23,"113-175-171-16-78-145-196-81-90-165-119-40-185-55-52-178-106-138-14-144-49-102-9-62-148-15-186-89-183-143-0-117-41-139-193-159-195-34-146-22-18-69-108-68-46-115-59-118-176-51-79-80-137-94-124-122-63-136-182-121-53-154-133-151-162-116-65-47-131-149-43-5-42-181-160-184-177-4-112-123-127-135-70-180-26-100-97-101-86-75-2-152-1-44-120-129-92-57-179-31"
35,76739,100,26499,103238,36,"121-189-100-26-97-152-1-101-86-75-2-129-57-92-145-120-44-25-78-16-171-175-113-31-196-81-90-165-119-40-185-106-52-55-3-138-14-144-49-178-62-9-148-94-124-12-137-183-23-186-89-143-170-117-0-118-51-46-139-108-69-18-22-146-34-54-177-10-4-112-84-184-160-181-42-116-43-41-193-159-115-131-149-65-59-123-162-151-133-79-80-176-63-182-136-53-154-180-135-70"
36,79647,100,30496,110143,14,"97-1-101-2-129-78-25-44-120-75-86-100-121-53-158-154-180-135-70-127-123-162-59-43-65-116-42-181-146-22-18-108-68-139-115-118-51-80-79-63-133-151-149-131-34-54-177-10-190-4-112-160-184-41-193-117-143-23-89-183-0-46-176-137-9-62-144-14-138-185-57-92-145-38-31-16-175-171-113-157-56-179-55-52-119-165-90-81-196-40-178-106-49-102-148-167-152-94-124-26"
37,76828,100,27209,104037,37,"113-175-171-16-78-145-179-92-57-55-52-138-14-49-102-144-62-9-148-15-186-23-137-89-183-143-117-0-51-80-176-79-122-63-133-151-162-59-118-47-131-123-112-149-65-116-42-5-43-115-46-68-139-181-54-10-177-193-41-159-22-146-34-160-184-127-135-70-158-154-180-53-86-101-2-129-82-25-44-120-75-1-152-97-100-26-94-124-167-178-106-185-165-39-27-90-40-81-196-31"
38,78671,100,27175,105846,49,"94-124-152-1-101-86-75-2-129-82-120-44-25-78-145-179-92-81-90-185-56-31-113-175-16-171-157-196-119-40-106-178-3-57-55-52-8-165-39-138-14-144-49-102-9-62-15-37-148-137-23-89-183-0-46-22-18-108-115-139-41-193-159-181-42-43-160-34-54-177-10-190-184-84-112-149-65-116-123-162-59-51-176-80-79-133-151-135-70-180-154-53-158-136-63-121-100-26-97-189"
39,77586,100,28483,106069,19,"54-34-181-146-22-18-108-117-0-143-183-89-137-9-62-144-14-49-102-148-124-94-2-57-55-52-106-178-138-39-27-90-119-40-185-165-81-196-145-78-31-16-171-175-113-56-25-44-120-129-179-92-75-101-152-26-97-86-1-100-70-127-135-53-154-180-122-176-51-118-59-151-80-79-63-133-162-123-112-149-65-131-77-43-184-177-10-190-84-35-47-116-115-46-139-41-193-159-42-160"
40,80202,100,29700,109902,12,"94-124-148-137-23-89-183-9-62-144-14-102-49-178-106-185-40-165-90-81-196-113-16-171-175-31-78-25-44-129-179-145-57-92-120-2-152-101-97-63-122-80-176-59-115-198-118-51-68-139-96-5-181-43-47-105-46-0-143-117-108-18-22-195-146-34-54-160-193-159-41-42-184-177-10-190-84-35-77-65-116-131-149-112-123-162-151-133-79-180-127-70-135-154-53-100-1-75-86-26"
41,80540,100,29302,109842,15,"171-16-25-44-120-75-86-154-180-53-100-26-97-101-1-152-2-167-148-62-9-137-183-68-115-193-139-140-93-108-18-22-41-159-5-96-42-181-34-177-54-160-184-112-127-70-135-131-43-116-105-47-149-123-162-151-133-79-94-63-122-176-80-51-118-59-65-77-198-46-117-0-170-143-89-186-144-102-14-49-178-3-52-106-55-57-129-92-78-145-40-185-90-27-39-165-31-56-113-175"
42,76234,100,26443,102677,33,"46-68-139-108-18-22-146-159-193-41-181-42-43-184-48-160-34-54-177-112-127-123-133-79-80-176-151-162-135-70-154-180-158-53-121-182-63-94-124-189-152-26-100-97-1-86-101-75-2-129-92-120-44-25-82-179-57-52-55-145-78-16-171-31-113-175-56-81-196-106-185-40-119-165-90-39-178-14-49-144-62-9-148-15-186-183-143-0-89-23-137-51-109-118-59-149-131-65-116-115"
43,78229,100,29137,107366,16,"89-183-143-117-93-140-68-46-139-115-5-42-181-41-193-159-108-18-22-146-34-48-160-54-177-10-184-43-47-65-116-149-123-59-118-176-151-51-162-133-154-70-135-180-79-63-80-122-94-148-52-92-129-57-55-106-40-185-165-14-49-62-9-144-178-21-164-27-90-81-175-171-16-25-78-31-56-113-196-179-145-82-44-120-2-75-101-1-152-97-86-53-121-189-100-26-124-137-23-186"
44,78465,100,28610,107075,18,"42-43-41-193-159-18-108-117-143-0-46-139-115-118-59-116-65-131-149-151-80-51-89-186-23-137-183-176-63-121-53-100-86-75-101-26-97-1-2-129-57-92-179-145-25-171-113-175-16-44-120-78-31-90-165-185-119-40-55-52-138-14-102-49-178-106-3-144-15-62-9-37-148-124-94-189-152-122-79-135-180-154-70-133-162-123-112-84-184-190-10-177-54-48-160-34-146-22-195-181"
45,80913,100,31380,112293,26,"94-124-167-9-148-23-89-183-117-143-170-0-68-46-115-51-137-62-178-52-55-57-92-179-145-78-185-165-164-21-144-102-49-14-138-106-81-90-119-40-196-31-113-16-171-175-25-44-120-129-2-152-189-121-100-26-101-75-1-97-86-53-158-154-70-123-133-79-180-63-135-127-4-112-184-54-34-195-41-193-18-139-198-159-22-146-42-181-160-43-65-149-131-116-118-59-162-151-176-80"
46,78441,100,29584,108025,34,"31-113-175-171-16-44-25-78-145-179-52-55-57-92-129-82-120-75-86-101-1-2-152-97-94-124-26-100-121-53-158-180-70-154-135-127-123-112-4-177-10-54-34-160-184-42-139-41-193-159-22-18-68-46-115-59-65-116-43-131-149-118-162-79-63-133-80-151-51-117-143-0-176-148-167-178-185-165-27-90-39-138-144-102-62-114-137-23-186-89-183-15-9-49-14-106-40-119-196-81"
47,79299,100,28903,108202,12,"117-0-143-183-89-137-15-9-62-102-49-144-14-106-178-52-55-185-40-119-8-165-39-90-27-164-81-113-171-16-175-31-196-145-179-157-78-25-44-120-92-57-129-75-86-1-101-152-97-2-148-176-80-79-59-72-118-51-151-133-63-180-94-26-53-158-154-135-127-123-162-47-77-43-116-105-65-149-131-112-84-42-184-10-177-54-48-160-34-181-41-5-115-46-139-193-159-22-18-108"
48,77802,100,29023,106825,14,"129-92-145-78-16-171-175-113-56-31-196-81-40-90-27-39-165-185-52-55-57-106-178-49-102-62-9-148-15-144-14-138-3-167-152-97-53-154-180-121-94-63-122-80-162-133-151-51-65-43-181-41-193-159-146-22-34-54-160-177-10-190-35-149-123-135-127-112-84-184-42-115-139-69-18-108-140-93-117-0-143-46-116-59-118-89-183-23-137-176-79-26-101-86-1-75-2-120-44-25"
49,77907,100,27216,105123,35,"113-175-171-16-31-38-78-25-44-120-2-129-92-145-179-57-55-52-165-119-40-39-27-90-164-21-14-49-102-144-9-62-148-15-186-23-0-118-59-149-65-116-43-42-160-181-48-184-84-177-10-190-54-34-146-22-18-159-193-41-139-115-46-143-183-137-176-51-151-162-123-133-53-158-70-135-154-180-63-122-79-80-94-26-75-86-101-1-97-152-167-106-3-178-185-196-81-157-85-56"
50,81058,100,32147,113205,20,"21-144-62-9-186-89-183-143-117-93-108-18-22-159-193-160-34-146-195-181-184-48-54-177-112-131-149-65-43-42-116-115-41-139-46-0-137-94-79-63-122-80-151-176-51-118-59-123-127-135-133-162-100-26-121-97-101-86-53-180-154-75-2-44-57-129-55-52-106-40-185-90-81-157-56-31-78-92-145-179-196-113-171-175-16-120-25-82-1-152-167-148-3-178-102-49-14-138-165-164"
51,77932,100,27943,105875,21,"72-151-162-133-79-80-122-124-94-63-100-26-101-2-1-97-152-111-167-144-62-9-102-165-39-164-27-90-81-113-175-171-16-31-157-196-40-185-106-138-14-49-178-52-55-57-129-145-78-179-92-120-44-75-86-53-180-154-70-135-112-4-10-177-54-34-160-181-193-159-22-41-42-43-116-123-35-184-131-149-65-59-118-115-139-46-68-93-140-117-0-143-89-183-23-186-148-137-176-51"
52,80006,100,29763,109769,22,"145-179-92-82-129-57-55-52-106-178-185-119-40-165-90-27-164-21-14-138-62-9-144-102-49-3-128-167-148-94-80-51-162-123-184-84-112-127-135-180-154-70-151-118-116-43-65-0-143-117-108-18-22-34-160-177-54-181-193-159-42-131-149-59-115-41-139-68-46-89-183-137-23-176-133-79-122-63-182-121-26-100-53-86-101-75-1-97-152-2-120-44-16-171-175-113-56-157-31-78"
53,75445,100,26218,101663,43,"176-137-148-9-62-49-3-178-106-52-55-57-92-129-1-152-189-121-158-53-26-97-100-86-101-75-2-120-44-16-175-171-56-113-31-78-145-179-185-40-119-165-90-164-7-21-138-14-144-15-186-89-183-143-0-117-108-18-139-46-68-22-159-193-41-115-59-118-51-151-162-123-35-184-177-54-34-160-181-42-43-116-65-149-84-4-190-112-127-70-135-154-180-63-94-124-122-79-133-80"
54,76141,100,27963,104104,22,"149-59-118-51-80-94-124-176-137-183-89-23-186-114-144-62-102-14-49-178-106-55-52-40-119-185-165-39-27-90-81-78-31-113-16-175-171-44-25-92-120-145-179-57-129-9-15-148-2-1-152-97-26-101-75-86-154-70-135-180-53-63-79-133-151-162-123-127-112-84-35-184-177-54-160-34-181-146-22-159-193-18-69-108-140-93-0-143-117-46-139-68-115-41-42-5-43-116-65-131"
55,76909,100,27013,103922,18,"158-154-180-133-79-122-63-94-152-97-1-101-2-129-82-92-55-52-145-179-57-167-62-9-37-148-186-89-183-143-117-0-139-46-68-18-108-159-22-34-160-48-54-177-184-43-42-181-193-41-115-116-65-59-118-51-149-131-123-127-135-70-162-151-80-176-137-23-15-114-144-138-14-102-49-3-106-178-40-185-165-90-81-196-157-78-16-171-31-56-113-175-44-120-75-86-26-100-121-53"
56,77087,100,28503,105590,16,"151-51-118-59-115-41-193-42-43-116-65-149-131-35-184-54-10-177-160-34-146-22-159-199-69-18-108-139-46-68-117-0-143-89-183-186-114-23-137-176-80-79-63-152-26-180-53-121-94-124-148-15-62-102-49-106-178-3-138-165-14-9-144-21-164-90-40-185-52-57-55-145-196-81-113-175-171-16-31-78-129-92-25-44-82-120-2-1-97-100-101-86-75-154-127-123-70-135-162-133"
57,77337,100,27121,104458,32,"78-129-2-152-1-97-26-100-94-124-167-148-37-62-9-102-144-114-15-23-89-186-137-183-143-0-118-59-123-127-112-84-35-42-43-48-160-184-177-54-34-146-22-18-108-140-68-46-139-193-159-181-41-5-115-116-65-131-149-162-180-154-135-151-133-176-80-79-63-53-121-86-101-75-120-44-25-16-171-175-113-31-196-81-90-40-165-185-52-106-49-14-138-32-3-178-55-57-92-145"
58,76582,100,26492,103074,31,"113-56-31-157-196-81-90-165-40-185-179-55-52-167-178-106-3-138-14-144-49-102-9-62-148-124-189-94-122-63-176-80-137-186-23-89-183-143-0-117-108-18-159-22-146-41-5-42-160-181-193-139-46-43-116-115-72-162-151-133-79-51-118-59-65-177-54-34-48-184-35-131-149-123-135-70-180-154-158-53-100-26-97-86-75-101-1-152-2-44-120-129-57-92-145-78-25-16-171-175"
59,78202,100,29121,107323,24,"159-18-22-146-34-160-48-54-177-10-184-84-112-4-127-123-162-133-79-63-135-70-180-154-121-97-100-26-53-86-75-101-1-152-2-120-44-78-145-179-185-40-90-165-164-58-7-21-144-14-178-52-92-129-113-175-171-16-31-57-55-106-3-102-49-62-9-15-23-186-183-89-114-37-148-94-80-151-59-118-65-149-131-47-116-43-42-181-193-139-46-68-51-176-137-0-143-117-115-41"
60,79422,100,30967,110389,19,"75-86-97-26-100-121-53-158-180-154-70-135-151-127-123-43-42-181-48-54-177-184-112-84-160-34-146-22-18-108-68-23-186-89-183-143-170-0-117-46-139-41-159-193-115-116-65-59-118-51-162-133-79-80-122-63-94-176-137-148-167-55-145-78-31-175-113-171-16-44-120-25-92-2-82-57-52-196-40-119-106-178-62-9-185-81-90-27-165-164-7-21-14-144-49-102-129-152-1-101"
61,76550,100,27650,104200,36,"2-75-101-1-97-26-86-53-158-154-180-63-122-79-80-176-151-133-162-135-70-127-123-131-149-65-116-42-5-43-35-112-4-84-184-10-177-54-160-34-146-22-181-159-199-108-18-69-139-68-46-198-193-41-115-59-118-51-0-117-143-137-23-183-89-62-9-148-94-152-167-49-144-14-106-178-52-55-185-165-39-27-90-81-196-179-145-92-40-57-78-31-113-175-16-171-120-44-25-129"
62,77516,100,28028,105544,19,"97-1-152-2-129-145-78-179-92-57-55-52-185-106-178-3-49-102-9-62-144-14-138-165-40-119-90-27-81-196-31-56-113-175-171-16-25-44-120-86-75-101-154-135-70-127-123-151-59-118-149-131-184-177-54-160-43-116-41-193-96-5-42-159-195-181-146-34-22-18-108-139-68-51-79-80-176-137-23-186-148-37-15-89-183-143-0-117-46-115-65-162-133-180-53-26-100-121-63-94"
63,75597,100,26198,101795,34,"101-86-53-158-154-135-70-127-194-123-131-149-112-4-10-177-54-184-65-116-43-34-160-181-22-159-41-193-42-5-115-46-139-69-18-108-140-93-117-143-0-137-183-89-23-186-114-15-144-62-9-148-124-94-79-80-176-51-109-59-118-133-162-151-63-180-121-100-26-97-1-152-2-129-92-57-185-40-81-90-165-49-102-14-138-106-178-52-55-179-145-78-16-171-175-113-31-44-120-75"
64,79784,100,30588,110372,23,"34-160-184-54-177-10-4-112-123-63-79-80-124-94-121-158-70-127-135-180-154-53-75-44-120-92-129-25-78-56-171-113-175-16-31-145-179-57-55-178-102-9-62-186-23-148-167-100-26-97-152-101-86-1-2-3-106-52-185-196-81-90-27-40-119-39-165-138-49-14-144-15-89-183-137-176-51-151-133-162-131-149-59-115-46-117-143-0-139-193-41-65-47-116-43-42-181-159-18-22"
65,77281,100,27747,105028,16,"86-75-2-101-1-97-152-94-124-148-9-62-178-106-52-55-57-92-78-25-120-44-16-171-175-113-56-31-145-196-81-40-90-165-185-14-49-144-15-137-89-183-143-170-0-117-93-140-108-18-69-199-159-181-160-48-10-177-34-146-22-195-193-41-43-5-42-54-184-65-116-115-139-46-68-118-51-176-133-123-162-127-4-112-35-131-149-59-151-79-80-122-63-180-154-135-70-158-53-26"
66,76763,100,26752,103515,19,"47-65-116-59-151-162-123-127-70-135-154-53-121-100-86-101-75-120-44-25-16-88-171-175-113-56-31-157-78-145-57-129-92-196-81-40-90-165-185-55-52-178-106-49-102-14-62-9-144-148-2-1-152-97-26-189-94-124-80-79-63-180-133-51-176-137-23-186-114-89-183-143-0-117-18-108-41-193-159-22-139-115-46-5-42-43-35-84-184-160-181-34-48-30-54-10-177-112-131-149"
67,79926,100,29691,109617,32,"43-116-65-47-149-131-35-112-123-127-70-135-154-180-158-133-79-94-148-137-23-186-183-143-46-68-139-193-159-41-96-42-5-160-48-184-177-54-34-103-181-195-146-22-18-117-0-89-144-49-138-165-40-119-27-90-81-31-175-113-16-171-78-185-55-52-106-178-9-62-14-179-145-57-92-129-82-25-120-44-2-75-101-86-26-100-53-1-152-97-63-162-72-151-80-176-51-118-59-115"
68,77417,100,28767,106184,22,"65-116-59-118-51-151-80-122-94-124-167-9-62-102-37-148-57-55-185-178-49-14-144-21-164-165-90-81-40-106-52-179-145-92-78-16-171-175-113-31-25-44-120-2-152-101-1-97-75-26-86-100-180-53-158-154-70-135-162-133-79-63-176-137-23-89-143-183-117-0-93-140-108-18-69-22-146-159-193-139-68-46-115-41-5-43-42-181-34-160-177-10-4-112-184-84-35-127-123-149"
69,84570,100,33102,117672,16,"75-101-1-152-167-148-15-9-62-49-185-40-119-196-179-145-55-57-92-120-2-25-44-113-175-171-16-78-31-81-90-165-106-52-178-144-14-89-183-23-137-124-94-79-80-133-63-158-180-154-135-121-100-26-97-86-70-127-123-149-131-160-184-181-34-48-54-177-10-4-112-84-162-51-109-176-59-115-42-5-96-41-46-139-108-18-69-199-146-22-116-65-43-193-195-159-118-72-151-53"
70,79764,100,30610,110374,18,"190-84-184-43-116-65-123-127-70-135-180-53-100-152-97-26-1-101-75-86-154-151-162-133-79-63-80-94-148-55-57-92-179-157-196-16-171-31-56-85-175-113-78-145-44-25-120-2-129-82-52-185-106-40-81-90-164-7-21-138-14-165-178-49-102-144-62-176-118-59-5-42-139-198-115-51-137-23-89-183-143-0-46-68-140-117-93-108-18-159-41-193-22-181-160-34-48-54-177-10"
71,77295,100,27419,104714,18,"106-178-14-49-102-144-62-9-37-167-148-89-183-137-176-80-79-122-133-151-162-59-51-118-65-116-43-198-68-117-143-0-46-115-139-96-41-193-69-108-18-22-159-5-42-112-4-190-10-177-54-34-146-181-160-48-184-123-127-70-135-154-53-100-121-158-180-63-94-124-152-26-1-97-2-120-75-101-86-25-44-16-171-175-113-31-196-81-90-27-119-40-165-185-78-145-92-57-55-52"
72,77777,100,28017,105794,20,"102-49-14-178-106-165-119-40-185-52-55-57-92-78-145-25-120-44-16-56-113-175-171-31-196-81-90-164-21-144-62-9-15-137-183-143-0-46-68-93-140-108-18-69-139-41-193-159-34-54-84-112-4-190-10-177-184-48-160-22-146-181-42-43-149-65-116-115-59-151-80-133-162-123-127-70-180-136-100-97-1-101-2-75-86-26-124-152-189-121-53-158-154-135-79-63-94-176-148-37"
73,76964,100,26293,103257,27,"154-180-158-53-100-26-97-86-75-101-1-152-74-2-129-92-120-44-25-16-171-175-113-56-31-78-145-196-81-40-185-119-90-27-165-178-52-55-57-106-138-14-49-102-9-62-144-148-137-51-133-79-80-176-122-63-94-124-186-23-89-183-0-117-143-68-46-139-41-160-48-54-181-193-159-22-34-42-116-115-59-118-162-151-72-149-131-65-47-43-177-10-190-184-84-112-123-127-70-135"
74,77499,100,27573,105072,13,"183-89-23-186-15-148-9-62-102-144-14-49-178-106-165-90-40-185-52-55-57-92-145-31-113-175-171-16-78-44-120-129-2-75-121-97-101-86-100-26-1-152-94-124-137-176-79-151-80-63-53-158-180-133-162-194-135-154-70-127-131-65-51-118-46-115-96-41-108-18-42-181-5-43-116-47-149-59-123-112-4-84-184-177-54-30-34-48-160-195-146-22-159-193-139-68-93-117-0-143"
75,77756,100,27667,105423,25,"148-124-94-63-79-80-133-151-176-143-0-117-93-108-18-146-22-193-159-41-139-115-46-118-59-65-116-5-181-42-177-10-54-48-34-160-43-184-131-149-123-127-135-70-154-180-158-53-121-189-152-97-101-75-86-26-100-1-2-55-106-57-179-92-129-120-25-145-78-56-113-44-16-171-175-31-196-157-81-90-27-40-185-165-119-52-178-3-138-14-144-49-102-62-9-15-186-183-89-137"
76,78057,100,27801,105858,47,"112-4-10-177-54-184-65-116-43-42-181-160-34-146-22-18-108-159-193-41-115-59-46-139-68-117-0-143-183-137-176-80-124-94-53-158-180-154-121-189-97-152-1-100-26-86-101-75-44-16-31-56-113-175-171-157-179-57-145-55-52-167-148-9-62-15-144-102-49-178-106-3-14-138-165-39-27-90-81-185-8-119-40-196-92-78-25-82-129-120-2-79-63-133-151-162-127-70-135-123"
77,81336,100,30449,111785,13,"193-41-139-46-0-143-183-89-186-114-23-137-148-37-9-62-15-14-102-144-49-178-39-165-119-52-106-3-138-21-7-164-90-81-196-40-185-179-78-31-113-56-175-16-171-25-120-44-129-92-57-55-152-2-145-75-101-94-151-162-70-135-79-133-176-100-86-158-180-154-136-53-26-121-1-97-124-122-63-80-51-115-118-59-116-42-43-65-149-123-112-184-177-54-48-160-34-181-146-22"
78,76619,100,27681,104300,31,"59-115-46-139-41-193-181-42-43-116-65-149-123-135-70-127-112-84-35-184-10-177-54-48-160-34-146-22-159-18-108-117-143-0-23-137-176-80-151-162-133-79-63-94-124-148-37-167-178-3-52-55-145-78-120-44-31-175-171-113-56-16-25-75-154-180-53-86-121-100-26-97-101-1-152-2-129-57-92-179-106-165-185-81-90-40-49-138-14-144-102-62-9-15-186-89-183-51-109-118"
79,79199,100,31002,110201,21,"0-46-118-59-149-131-116-65-162-133-151-51-80-176-137-183-89-23-186-15-148-9-102-14-178-106-185-81-196-40-165-90-27-164-7-21-138-49-144-62-167-124-94-57-55-52-78-16-175-171-113-179-92-145-25-31-44-120-152-26-121-63-79-180-154-100-86-101-75-129-2-1-97-53-135-70-127-123-112-184-42-193-139-41-159-18-22-34-54-177-160-43-5-115-198-68-140-93-117-143"
80,76605,100,28239,104844,12,"90-27-164-21-144-14-49-102-62-9-148-94-63-79-80-133-151-59-118-115-18-22-146-34-160-184-54-177-4-112-149-162-72-51-176-137-23-89-183-0-143-117-93-68-46-139-42-181-159-193-41-5-43-65-116-123-127-70-135-154-180-53-100-86-1-2-101-97-75-26-152-82-44-120-129-167-178-3-57-92-25-16-171-175-113-31-56-78-145-196-81-179-52-55-106-138-165-119-185-40"
81,80228,100,30751,110979,35,"63-94-124-148-9-62-102-49-3-178-138-14-144-21-7-164-90-165-185-52-106-196-31-113-56-78-145-179-92-129-120-44-57-55-40-175-171-16-25-75-100-152-2-26-97-1-101-86-53-180-154-70-135-133-59-118-51-176-0-170-143-183-89-137-117-46-140-93-68-139-115-41-69-108-18-159-160-54-184-34-146-22-181-193-42-116-112-4-84-35-43-65-149-123-162-72-151-80-79-122"
82,78571,100,29570,108141,23,"176-51-118-59-65-116-43-131-149-123-127-112-84-184-177-54-48-160-42-181-34-146-22-195-41-193-159-115-198-139-18-108-68-46-117-0-143-183-89-186-144-62-9-148-137-23-114-15-94-124-63-152-171-113-175-31-196-81-90-165-185-40-106-138-14-49-55-145-179-52-178-120-25-44-16-78-82-92-57-129-2-101-75-1-97-100-86-26-180-158-53-154-70-135-194-162-151-79-133-80"
83,79816,100,30589,110405,13,"113-56-31-78-145-196-81-90-40-185-165-39-95-164-21-14-138-144-15-9-62-186-89-183-143-117-18-159-22-193-41-46-68-0-137-176-51-118-59-72-80-151-135-70-154-180-53-94-127-112-116-47-5-42-139-115-65-43-160-34-54-177-10-184-84-35-149-123-162-133-63-79-122-124-148-102-49-3-106-178-179-129-92-57-55-52-97-101-26-100-75-86-1-152-2-120-44-16-171-175"
84,76678,100,27358,104036,44,"159-193-41-139-46-115-116-65-149-43-42-160-34-54-177-10-184-112-123-127-135-154-180-158-53-86-2-152-129-57-55-52-145-92-179-185-138-49-14-3-102-62-9-178-106-167-148-37-124-94-79-133-151-162-59-118-51-176-80-63-121-100-26-97-1-101-75-120-82-25-44-16-78-175-171-113-31-56-157-196-81-90-40-119-165-21-144-15-186-137-23-89-183-143-0-117-108-18-22-146"
85,78339,100,29328,107667,24,"5-41-139-115-118-59-65-149-35-84-112-123-127-70-162-151-51-137-23-186-178-106-52-55-9-62-49-148-94-176-80-133-79-63-135-180-158-154-53-75-101-2-120-25-44-82-129-86-26-97-1-152-57-92-145-78-113-175-171-16-56-31-157-196-81-90-27-40-165-39-119-185-14-144-183-0-143-117-46-198-68-108-69-18-193-159-181-22-146-34-160-48-54-177-10-190-184-42-43-116"
86,77195,100,28597,105792,19,"14-144-102-62-9-137-176-80-51-118-59-115-68-46-0-89-183-143-117-93-140-108-18-139-41-42-181-193-159-22-146-34-160-184-54-10-177-190-4-84-35-112-135-70-127-123-65-116-43-162-151-72-133-94-121-86-1-101-75-82-92-129-57-55-165-185-40-90-81-196-179-145-157-56-113-175-16-171-31-78-25-44-120-2-152-97-100-26-79-63-154-180-53-124-148-49-52-106-178-3"
87,79690,100,29253,108943,27,"44-25-16-171-175-113-31-78-145-92-57-129-55-185-40-81-90-165-14-102-49-178-106-52-2-1-152-167-37-148-15-9-62-144-186-23-89-183-114-137-143-117-0-93-140-115-139-68-46-198-193-69-108-18-159-22-146-34-160-54-184-65-112-4-84-35-43-116-41-181-42-5-118-51-133-80-176-151-59-123-127-135-154-180-162-79-63-94-121-182-136-53-158-86-101-26-100-97-75-120"
88,76122,100,25883,102005,27,"62-9-148-137-23-186-114-89-183-143-170-0-117-93-108-69-18-199-22-146-34-160-184-48-54-177-4-112-127-123-162-133-79-51-176-80-122-63-124-94-189-152-1-97-100-53-154-135-70-194-149-131-65-116-43-42-181-159-193-41-139-68-115-46-118-59-151-180-158-121-26-86-101-75-2-120-44-129-55-57-92-145-113-175-171-16-78-31-81-90-119-185-40-165-52-178-106-14-49-144"
89,80982,100,31808,112790,18,"81-90-27-165-119-40-185-179-145-82-129-75-92-57-55-52-106-3-178-138-21-144-14-102-9-62-15-49-148-152-97-180-63-94-79-51-59-65-149-131-162-127-194-123-112-84-42-54-34-48-160-177-10-184-116-43-47-118-115-193-68-139-108-18-159-22-146-181-41-46-143-0-183-89-176-80-137-151-133-135-70-158-154-53-100-26-86-101-1-2-120-25-44-16-171-175-113-31-78-196"
90,76268,100,27790,104058,35,"133-162-151-51-118-59-115-139-68-46-0-143-117-93-140-108-18-193-41-159-22-146-34-181-42-160-184-54-177-10-190-4-112-43-65-116-149-123-127-70-135-154-158-53-63-180-121-100-86-101-1-124-94-152-26-97-75-2-129-92-145-25-44-120-31-56-113-175-171-16-78-40-179-57-55-52-14-62-9-37-148-167-102-144-49-178-90-27-165-185-106-15-186-89-183-137-23-176-80-79"
91,78565,100,28910,107475,33,"75-86-53-158-180-154-70-135-133-151-118-59-162-123-127-112-184-54-10-177-160-34-22-159-193-41-139-42-43-65-116-115-46-68-18-108-93-117-0-170-143-89-183-62-37-167-129-25-44-16-56-113-175-171-31-196-78-145-179-57-120-92-55-52-178-106-144-9-148-102-14-138-21-164-27-90-39-165-40-185-119-3-49-137-51-176-80-79-122-63-94-124-121-100-26-152-2-1-97-101"
92,79867,100,31087,110954,22,"164-27-90-39-165-119-40-196-31-113-175-171-25-44-120-16-78-145-185-49-14-106-178-52-55-92-57-167-124-63-94-100-1-152-2-129-75-101-86-26-97-53-180-154-158-70-151-51-23-137-183-0-143-117-93-140-108-18-159-41-193-34-54-177-10-190-184-43-115-139-46-68-118-59-195-22-146-181-160-42-5-65-116-149-135-127-123-162-133-79-176-80-15-9-62-148-37-102-144-21"
93,83529,100,33499,117028,14,"112-84-35-184-10-177-54-48-34-160-146-22-193-46-59-115-41-139-68-108-69-18-159-195-181-42-5-43-105-116-47-65-131-149-51-151-133-162-135-154-180-53-63-80-176-148-2-75-120-52-9-143-170-117-0-137-57-92-145-31-196-40-165-39-27-90-81-113-175-171-16-78-25-44-100-86-26-121-1-97-101-152-129-55-178-106-185-14-138-102-144-49-62-186-183-89-23-94-79-123"
94,79694,100,30805,110499,15,"137-176-80-51-118-59-151-162-123-35-84-190-10-54-34-160-184-42-47-116-43-65-115-5-181-193-41-139-46-68-108-18-159-22-146-48-177-112-127-70-135-133-79-63-154-180-100-1-101-75-86-97-26-94-53-152-2-44-25-16-171-175-113-81-90-27-39-165-106-52-185-55-178-49-144-155-9-102-14-129-92-120-78-31-145-196-40-179-57-62-37-148-15-186-23-89-183-143-117-0"
95,78617,100,29495,108112,11,"135-70-127-123-112-84-184-10-177-54-160-43-42-181-41-5-65-116-149-59-118-115-139-193-159-146-34-22-69-18-108-93-117-0-143-183-23-114-186-89-137-176-63-124-94-129-52-3-106-55-2-120-44-78-92-57-179-145-113-175-171-16-31-81-196-90-40-119-185-39-165-178-138-14-49-144-62-9-15-148-167-152-97-121-53-86-75-1-101-26-100-154-158-180-79-133-162-51-151-80"
96,77577,100,27797,105374,17,"22-18-108-117-0-143-183-89-15-144-102-49-14-138-3-178-106-52-55-57-75-86-101-1-2-120-25-44-16-171-175-113-31-78-92-145-179-196-40-119-185-81-39-165-27-90-95-58-164-7-21-9-62-148-186-23-137-46-139-41-159-193-115-59-118-51-176-79-63-180-154-53-100-26-97-152-189-124-94-80-162-151-133-135-70-194-127-112-4-177-184-123-149-131-43-65-116-42-160-34"
97,76518,100,28052,104570,37,"101-86-75-2-120-44-25-16-171-175-113-56-31-90-165-40-185-145-78-129-92-57-55-52-106-178-49-14-144-102-62-9-148-15-186-89-23-137-94-124-63-79-51-59-151-162-127-123-35-184-47-43-131-149-116-65-5-42-159-146-22-181-84-112-4-190-177-10-54-48-160-34-193-41-139-108-18-93-117-0-143-183-68-46-115-118-176-80-133-53-154-70-135-180-121-100-26-97-152-1"
98,82129,100,32614,114743,16,"54-48-160-34-103-146-22-195-193-159-181-42-5-43-41-139-69-18-108-117-143-183-137-148-9-138-14-119-185-178-52-55-106-179-145-57-92-97-101-1-75-129-152-86-2-25-44-120-31-56-16-171-175-113-78-81-90-27-165-40-196-3-102-49-62-144-167-124-94-26-100-53-63-70-135-180-154-176-79-133-80-59-149-123-162-65-116-46-115-118-51-151-127-112-4-84-184-190-10-177"
99,76362,100,27116,103478,18,"131-47-65-116-43-42-181-34-160-48-54-177-184-84-112-123-127-70-135-154-158-180-162-151-133-79-122-63-94-121-53-100-26-86-101-1-75-129-57-52-55-3-178-106-185-81-196-31-113-175-171-16-56-78-145-27-90-165-119-40-179-92-25-44-120-2-97-152-167-148-9-62-144-49-14-15-186-23-137-176-80-183-0-93-117-143-18-108-69-22-159-193-41-139-115-46-51-118-59-149"
100,79228,100,28345,107573,33,"55-57-179-145-78-31-113-175-171-16-25-44-120-2-129-92-167-148-152-1-101-75-86-26-97-100-189-94-176-109-51-133-151-135-127-70-162-123-112-84-35-131-149-116-43-5-96-68-108-18-69-139-46-115-193-41-181-159-22-146-34-54-160-42-184-65-59-118-80-63-79-180-154-158-53-121-182-124-137-23-117-0-143-183-89-9-62-144-102-49-14-138-106-178-3-165-90-40-185-52"
101,79139,100,30087,109226,11,"68-0-143-117-93-140-139-159-69-108-18-22-146-193-41-115-116-47-65-59-118-162-149-43-160-34-181-5-42-184-54-177-10-112-4-123-154-127-70-135-158-180-53-136-121-189-97-101-1-2-152-75-86-26-100-63-94-148-62-14-178-49-179-92-129-57-145-78-56-113-175-44-25-120-16-171-31-81-90-40-119-185-52-55-106-165-144-9-186-89-183-23-137-176-80-79-133-151-51-46"
102,78810,100,28919,107729,15,"152-124-94-63-121-100-26-97-1-101-75-86-53-180-135-154-70-123-149-131-160-54-48-184-190-10-177-34-146-22-159-41-115-46-0-143-117-108-18-193-139-116-5-42-43-151-72-118-59-65-51-109-162-133-79-80-176-137-23-186-89-183-15-148-49-62-9-102-144-14-138-39-165-40-185-52-3-178-106-179-145-196-27-90-81-175-113-171-16-44-31-78-25-82-120-57-55-92-129-2"
103,79521,100,29209,108730,29,"53-63-94-124-152-1-101-97-26-100-86-75-120-82-129-2-25-31-113-56-175-16-171-44-78-179-145-157-196-81-119-90-27-165-40-185-106-52-92-55-57-3-178-138-14-144-148-9-102-49-62-89-183-143-117-0-153-137-114-186-23-80-176-51-118-41-115-46-139-22-159-193-181-146-34-160-54-177-4-112-84-184-43-116-65-42-131-149-127-70-154-135-123-162-151-59-72-133-79-180"
104,76912,100,28108,105020,22,"176-80-79-133-151-162-135-70-154-180-63-94-124-148-102-49-178-106-52-55-129-75-2-152-97-1-101-100-26-53-86-120-44-25-16-171-175-113-56-31-78-145-92-57-179-157-196-81-39-40-119-165-90-185-138-144-14-9-62-15-186-89-183-137-59-65-139-115-46-143-0-117-93-140-18-108-22-146-34-193-159-41-181-5-42-160-184-177-54-10-4-112-123-131-149-116-43-118-109-51"
105,75660,100,27072,102732,48,"70-135-154-180-53-100-86-26-97-1-101-75-2-152-82-145-179-92-129-120-25-44-78-16-171-175-113-31-196-81-90-165-40-52-55-57-185-106-178-3-49-144-14-102-62-9-148-167-124-189-94-63-79-80-176-137-15-114-186-23-89-183-143-0-117-93-139-68-96-5-43-116-65-59-118-51-46-115-159-181-42-41-193-18-108-22-34-54-177-160-184-84-4-112-123-149-151-133-162-127"
106,80518,100,30228,110746,22,"34-160-42-43-47-65-116-115-46-139-41-193-159-146-22-18-108-140-93-68-117-143-0-183-89-23-137-15-62-49-14-178-106-144-9-148-176-51-80-63-94-97-1-26-100-86-44-25-78-16-31-120-75-129-92-145-179-57-171-113-175-56-157-196-81-95-164-27-90-165-39-40-119-185-52-55-2-101-152-189-121-158-180-53-79-70-154-194-127-135-133-151-162-72-118-59-149-123-184-54"
107,75107,100,26018,101125,46,"63-122-80-176-51-118-46-0-117-143-183-89-137-9-62-144-49-178-106-3-14-138-39-119-40-185-165-90-81-196-31-56-171-175-113-16-78-145-179-52-55-57-92-2-1-97-152-101-86-75-120-44-25-129-148-124-94-26-100-121-53-158-154-180-135-70-127-112-4-190-10-177-54-184-42-181-160-34-22-159-69-18-108-68-139-193-41-5-115-59-65-43-116-131-149-123-162-151-79-133"
108,76876,100,26823,103699,49,"15-186-137-23-89-183-143-117-0-46-115-68-69-18-108-139-41-193-159-22-146-181-48-54-10-190-184-160-34-177-4-112-84-35-131-47-65-43-42-5-116-149-59-118-51-176-80-151-162-133-180-135-123-70-154-158-53-136-121-100-26-97-1-101-86-75-2-129-92-179-145-78-113-175-171-16-44-25-120-55-52-178-49-14-106-90-165-40-185-57-152-63-79-122-94-124-148-9-62-144"
109,78731,100,29634,108365,16,"5-43-116-65-59-118-115-46-139-41-193-34-146-22-159-18-108-117-143-183-89-23-186-15-148-9-102-62-144-21-164-27-90-39-14-49-138-165-106-178-3-52-55-57-97-152-124-94-100-75-2-129-92-145-179-185-40-81-196-157-31-113-175-16-171-120-44-82-78-25-1-101-26-180-154-53-86-121-63-51-137-176-80-122-79-133-135-70-127-162-151-131-149-123-112-177-54-184-160-42"
110,76174,100,26719,102893,35,"183-89-186-15-9-62-102-49-144-14-3-178-106-165-27-90-40-119-185-52-55-57-92-179-145-78-196-81-157-31-113-175-171-16-25-82-44-120-2-129-167-148-124-152-75-1-101-97-86-26-100-133-63-151-162-123-149-65-116-43-118-59-115-5-42-160-181-193-159-41-68-139-46-143-170-0-117-93-108-18-22-34-54-177-10-190-184-84-112-127-135-154-180-158-53-94-79-80-176-137"
111,76896,100,27318,104214,32,"184-10-177-54-160-34-103-146-22-159-193-41-139-18-108-68-51-118-59-116-65-47-149-131-43-42-181-96-5-115-46-0-143-183-89-23-137-176-80-151-162-133-135-154-180-158-86-26-97-53-100-75-101-2-1-152-120-44-25-16-171-175-113-31-196-165-39-95-7-164-90-81-145-78-179-57-92-129-55-185-40-14-144-49-178-106-52-102-62-9-148-94-124-63-122-79-123-112-4-84"
112,76853,100,29026,105879,15,"78-25-120-44-16-171-175-113-31-81-196-106-52-55-57-185-40-119-165-90-164-21-14-3-178-49-9-62-144-102-148-186-89-23-137-183-143-108-18-93-117-0-51-118-116-47-43-42-181-160-48-177-54-34-146-22-193-41-139-68-46-115-59-162-65-149-131-112-4-190-10-184-123-127-70-154-135-180-53-86-26-100-63-133-79-151-176-80-122-94-124-152-97-1-101-75-2-129-92-145"
113,78419,100,28973,107392,13,"68-46-115-5-43-42-181-34-160-48-177-54-184-84-112-116-59-65-149-162-151-133-123-127-70-135-154-180-158-63-94-12-124-189-1-101-86-100-121-26-167-148-62-9-15-138-106-178-3-14-144-102-49-129-57-52-196-31-113-175-171-16-81-90-27-165-119-40-185-55-152-97-2-120-92-145-78-44-75-53-79-80-176-51-118-137-23-89-183-143-0-117-93-108-18-22-159-193-41-139"
114,79376,100,29860,109236,21,"51-176-80-151-162-133-79-63-180-70-4-84-112-123-127-135-154-53-121-26-100-94-124-152-1-97-101-75-86-120-44-16-78-25-92-179-57-52-55-178-148-37-102-49-14-106-165-119-40-39-164-27-90-187-81-185-196-31-113-175-171-145-129-2-9-62-144-137-89-183-143-0-46-68-115-139-108-18-146-22-159-193-41-5-42-116-47-131-149-35-160-54-177-184-34-181-43-65-59-118"
115,79831,100,32111,111942,28,"7-164-90-165-119-40-185-196-81-113-175-171-16-31-78-179-145-44-25-120-57-92-129-2-1-75-86-100-97-152-101-26-94-53-154-79-133-151-59-68-46-139-41-108-18-22-146-159-193-195-181-42-160-54-34-48-184-177-4-112-43-5-115-116-65-149-131-123-127-70-135-180-63-162-51-118-176-80-143-183-89-186-144-148-37-137-117-0-23-15-9-62-14-178-106-52-55-49-102-21"
116,77618,100,28706,106324,30,"113-175-171-16-78-145-179-55-129-25-44-120-2-101-100-97-26-1-152-167-148-15-186-89-23-137-109-51-118-59-46-68-117-143-183-153-0-93-108-18-22-193-41-42-139-115-116-123-127-112-4-84-177-10-190-184-160-34-54-48-43-65-149-162-151-135-70-154-79-133-180-176-80-63-94-124-121-53-86-75-82-92-57-52-106-178-14-102-9-62-144-49-185-40-165-90-81-196-157-31"
117,79062,100,30862,109924,22,"41-193-181-42-5-116-65-47-43-184-10-177-54-48-160-34-146-22-159-18-108-140-68-46-0-93-117-143-183-89-137-80-176-79-63-152-97-154-180-86-100-26-75-44-25-171-145-78-16-175-113-31-196-81-90-165-164-21-62-14-49-144-102-9-15-148-124-94-121-101-1-2-120-129-92-57-106-185-40-119-3-178-52-55-167-53-151-131-149-162-133-135-70-127-123-59-51-118-115-139"
118,79232,100,29965,109197,44,"52-55-57-92-129-44-120-2-152-124-94-189-86-75-101-1-97-26-100-121-53-158-180-63-79-80-151-133-162-118-59-65-139-115-116-149-131-47-43-112-123-127-135-154-70-4-190-10-184-42-181-160-54-177-34-146-22-159-41-193-18-108-140-68-198-46-0-117-170-143-137-148-9-49-178-102-144-176-51-183-89-23-186-62-14-106-40-119-165-90-81-196-31-113-175-171-16-78-145-185"
119,77543,100,28394,105937,14,"164-39-165-185-106-178-3-14-49-102-144-62-9-186-89-183-143-0-46-115-139-68-140-108-69-18-193-41-159-22-181-160-34-48-54-184-177-10-4-112-127-135-123-149-116-65-42-43-59-51-176-137-23-148-167-55-52-57-129-26-189-121-53-100-2-97-101-1-152-94-63-79-151-80-162-133-154-180-158-86-75-120-44-25-16-175-171-113-31-56-157-179-78-92-145-196-40-81-90-27"
120,76790,100,27257,104047,41,"154-180-63-94-124-148-186-23-137-176-80-151-162-123-127-70-135-133-79-51-109-118-59-65-149-184-10-177-54-34-160-181-146-22-193-115-116-43-5-42-41-139-68-46-0-93-117-143-183-89-9-62-167-55-178-52-106-185-40-119-165-39-138-14-102-49-144-21-7-164-27-90-81-196-145-175-113-31-16-171-25-44-92-78-179-57-129-82-120-2-101-75-1-152-97-26-100-86-121-53"
121,79430,100,29818,109248,18,"137-89-183-143-0-117-93-108-69-18-159-22-146-181-34-54-177-184-48-160-42-139-193-41-46-115-43-116-65-59-149-123-162-127-135-154-70-122-94-189-124-148-15-62-9-49-102-7-21-164-90-165-185-81-31-113-196-40-138-14-144-178-106-55-52-57-92-145-78-157-56-175-171-16-25-82-129-152-1-101-120-44-75-2-97-26-86-121-100-158-53-180-136-63-176-80-79-133-151-51"
122,77847,100,28407,106254,14,"41-193-159-42-43-116-65-149-131-112-84-184-10-177-54-48-160-34-146-22-69-18-108-117-143-0-183-89-23-137-176-133-151-162-123-127-70-135-154-158-53-1-152-97-86-75-101-120-44-25-129-57-55-106-179-16-56-113-171-175-31-78-92-145-196-90-81-40-165-185-178-3-144-9-62-37-102-49-52-138-14-15-186-148-124-94-2-26-100-180-136-79-63-122-80-51-59-46-139-115"
123,79724,100,30915,110639,24,"68-140-108-18-22-146-159-41-193-139-115-59-149-65-116-43-184-190-10-177-54-48-160-34-181-42-131-123-70-127-162-151-133-154-135-79-80-94-124-152-92-57-3-178-52-106-55-62-9-148-53-63-180-158-121-100-26-44-120-75-86-97-101-1-2-129-82-16-171-175-113-31-25-78-145-196-81-40-185-165-90-27-164-144-49-14-15-186-23-137-66-176-89-183-143-117-0-46-51-118"
124,79067,100,29242,108309,38,"145-179-185-165-40-196-81-90-164-21-138-14-144-102-49-178-106-52-55-57-92-129-82-2-152-189-94-124-167-37-148-9-62-15-186-23-137-51-151-133-80-176-118-59-162-127-70-135-35-184-65-42-115-139-46-89-183-143-0-117-18-22-193-41-34-54-160-177-4-112-123-149-131-43-116-47-79-63-180-53-158-154-100-26-97-1-121-182-86-75-101-120-44-25-16-31-113-175-171-78"
125,77852,100,29617,107469,26,"164-7-95-39-165-119-40-44-101-1-26-63-94-79-151-133-80-176-137-23-89-183-143-117-0-118-51-59-115-139-46-68-140-108-69-18-22-159-193-181-54-177-10-190-84-184-160-34-48-42-41-43-65-116-131-149-162-123-127-70-135-180-154-53-86-152-97-124-148-15-9-62-144-49-14-178-106-52-55-185-57-2-120-82-75-25-78-129-92-179-145-31-171-16-113-56-175-196-81-90"
126,78526,100,27465,105991,21,"54-177-10-190-184-43-116-65-131-149-59-118-51-117-143-183-89-144-138-178-106-3-14-102-49-62-9-148-94-124-152-57-179-52-55-185-119-40-39-165-27-90-81-157-31-113-171-175-56-16-44-78-196-91-145-129-92-82-25-120-2-26-1-97-101-86-75-121-100-53-158-136-63-79-80-133-151-162-123-127-70-135-154-180-122-176-137-0-46-115-139-18-22-146-159-41-193-42-160-34"
127,81097,100,32390,113487,14,"154-135-70-127-123-162-149-131-59-65-116-5-41-193-159-18-22-34-160-42-43-35-112-4-84-184-177-54-181-139-115-46-68-140-93-117-143-183-89-23-148-102-49-14-9-167-189-1-101-100-180-26-97-121-75-53-86-124-94-152-2-120-129-55-3-178-106-52-92-44-113-175-171-16-78-31-145-165-90-40-185-179-57-196-81-164-7-21-144-62-15-137-118-51-176-80-79-151-133-63"
128,80845,100,30479,111324,26,"89-186-23-137-176-72-149-131-116-42-47-65-59-118-51-151-162-133-154-121-53-94-63-79-80-122-12-124-167-148-62-49-14-144-21-90-165-40-185-52-106-178-3-55-92-129-75-2-152-82-57-113-56-175-31-145-179-78-16-171-44-25-120-97-26-100-101-1-86-158-180-135-70-127-123-112-184-48-54-177-43-115-139-193-41-5-160-34-181-146-22-159-108-18-143-0-46-68-117-183"
129,75923,100,26588,102511,27,"164-95-27-90-81-196-157-56-113-175-171-16-31-78-25-44-120-75-86-101-97-100-26-158-154-135-70-127-123-177-54-34-160-184-43-42-181-22-18-69-108-140-93-117-143-0-183-89-23-137-176-51-162-149-65-116-59-115-46-139-193-41-151-133-122-80-79-63-180-53-121-1-152-2-82-129-92-57-55-52-145-179-185-119-40-165-178-106-49-94-124-167-148-9-62-102-144-14-21-7"
130,78189,100,28089,106278,16,"162-133-151-51-46-139-115-118-59-149-131-65-116-5-42-43-54-177-10-184-160-34-41-193-159-22-18-108-0-170-143-117-183-89-137-124-189-94-63-122-79-80-176-186-15-148-167-57-55-185-8-138-3-178-49-62-9-144-14-106-52-120-44-25-78-16-113-56-171-175-31-81-95-164-27-90-165-119-40-196-179-145-92-129-75-2-1-97-152-101-86-100-26-53-180-154-135-70-127-123"
131,79628,100,29150,108778,23,"116-65-47-43-42-5-96-115-46-139-193-41-159-22-146-195-181-34-160-184-48-54-177-10-4-112-35-131-149-123-127-70-154-180-53-121-63-135-162-151-133-79-80-62-9-144-178-55-106-52-3-138-14-49-39-90-196-81-113-171-175-16-31-25-44-78-179-119-40-165-185-120-2-129-92-57-145-97-152-189-100-75-101-26-86-1-94-148-186-89-183-143-0-93-117-23-137-176-51-59"
132,75293,100,24735,100028,30,"159-193-41-139-115-198-46-68-117-0-143-183-137-176-51-151-133-80-122-63-79-180-121-94-124-167-148-62-9-102-49-144-14-138-3-106-57-55-52-178-40-185-165-27-90-81-196-56-113-16-171-175-31-44-120-78-179-145-92-129-2-152-97-86-75-101-1-100-26-53-158-154-135-70-127-123-162-149-131-118-59-65-116-43-42-181-184-10-177-54-48-160-34-146-22-199-20-18-108-69"
133,80533,100,31693,112226,22,"84-112-4-10-177-54-48-34-181-160-42-116-41-139-198-193-159-195-146-22-18-108-140-93-117-143-183-89-0-68-46-51-176-186-23-137-118-162-63-53-86-75-1-44-2-16-171-175-113-31-196-81-90-165-3-178-119-40-185-14-49-102-62-144-9-148-94-180-154-135-70-158-101-25-57-55-106-52-92-179-145-78-120-82-129-152-97-100-26-121-80-79-133-151-59-115-65-123-43-184"
134,77884,100,28243,106127,19,"149-131-47-65-116-43-115-118-59-51-176-80-133-63-86-53-154-180-79-94-152-1-26-97-101-75-2-129-120-44-31-113-175-171-16-78-145-57-92-52-106-3-178-165-138-14-144-21-90-81-196-40-119-185-55-102-49-9-62-148-137-15-114-186-23-89-183-0-117-143-170-93-46-198-139-68-140-69-108-199-159-18-22-146-181-193-41-42-160-34-54-177-184-84-112-123-127-135-162-151"
135,81003,100,30796,111799,15,"22-18-108-139-115-198-46-68-140-93-117-0-143-183-89-186-62-9-15-144-21-90-81-40-196-56-175-113-145-25-171-16-31-78-44-120-97-101-1-152-2-124-94-189-26-100-86-75-129-92-57-55-165-178-52-185-106-14-49-102-148-80-137-176-133-162-70-53-121-182-63-79-122-180-154-135-127-123-112-4-177-160-34-181-42-184-149-151-59-72-51-109-118-65-47-116-43-41-193-159"
136,74582,100,26199,100781,26,"180-53-100-26-97-152-124-94-63-79-133-80-176-137-23-62-9-148-167-57-55-52-106-178-185-92-129-82-2-1-101-86-75-120-44-16-56-171-175-113-31-179-145-78-196-81-27-90-40-165-39-138-14-144-49-15-186-89-183-143-117-0-46-115-139-68-140-93-108-18-22-159-193-41-181-5-42-43-116-65-59-118-51-151-123-162-149-131-35-184-160-34-54-177-4-112-127-70-135-154"
137,78303,100,28847,107150,22,"159-22-18-69-108-140-93-117-143-0-46-51-80-176-137-183-89-186-15-49-52-196-81-90-119-40-185-165-179-145-78-31-157-56-113-171-175-16-44-25-120-92-129-57-2-75-53-97-152-94-124-148-9-62-144-102-138-14-106-55-178-167-1-100-26-86-101-133-151-180-158-154-63-79-122-135-70-127-123-162-149-116-65-47-43-59-118-115-139-42-184-160-48-54-177-30-34-181-41-193"
138,77724,100,29472,107196,20,"43-116-65-47-149-131-35-184-160-34-48-54-177-10-190-84-4-112-123-51-176-137-183-89-186-23-15-144-14-49-62-9-148-80-79-180-154-135-70-53-86-100-26-97-101-2-1-152-75-16-55-57-92-129-120-44-25-145-78-171-175-113-31-196-81-90-165-106-178-3-40-119-185-52-94-63-133-151-162-59-118-117-143-0-93-108-69-146-22-18-41-193-159-181-139-68-46-115-5-42"
139,78212,100,28523,106735,27,"31-113-175-171-16-25-44-120-75-86-26-100-121-53-136-63-79-176-80-133-180-158-154-135-70-162-151-65-149-123-127-112-184-116-43-42-5-193-34-160-54-177-48-181-18-108-22-159-41-115-139-59-118-51-46-68-117-143-0-183-89-23-137-114-144-14-49-102-106-165-90-185-40-81-196-145-179-92-57-55-52-178-3-167-148-9-62-15-186-124-94-189-152-74-97-1-101-2-129-78"
140,77687,100,28247,105934,38,"133-79-122-94-63-135-70-127-162-151-149-131-123-112-84-35-184-177-48-160-43-42-116-65-181-54-30-34-146-22-193-41-139-68-46-115-59-51-80-176-137-183-143-0-117-89-23-186-148-9-62-102-144-21-164-27-90-196-31-56-113-171-175-16-25-44-120-2-129-57-92-145-157-81-179-78-55-52-40-119-185-165-138-49-14-106-178-167-152-1-75-101-86-26-97-100-121-53-154-180"
141,80453,100,29959,110412,13,"23-89-183-143-117-93-108-18-41-193-159-22-160-42-34-48-54-177-10-190-184-43-47-65-116-115-139-46-0-137-176-118-59-149-123-127-112-4-84-35-70-154-162-151-72-109-51-80-133-194-135-180-53-100-121-94-122-79-63-97-86-26-120-44-113-175-171-16-31-25-78-92-145-129-2-1-101-75-152-167-9-144-62-14-52-57-55-178-3-165-90-40-185-106-49-102-37-148-15-186"
142,77358,100,27485,104843,26,"120-44-25-16-171-175-113-56-31-196-81-78-145-106-52-55-57-92-129-2-97-124-94-152-1-26-100-63-79-122-80-176-66-137-37-148-9-49-14-138-40-185-90-27-165-178-144-102-62-15-186-23-89-183-153-0-143-117-68-139-18-22-159-193-41-65-59-51-118-46-115-5-43-160-184-35-149-131-116-42-181-146-34-54-10-177-4-112-127-123-162-151-133-135-180-154-53-86-101-75"
143,80081,100,31034,111115,22,"149-131-123-127-194-135-70-180-154-158-100-53-86-75-92-57-179-145-31-113-175-171-16-78-44-25-120-101-1-97-26-121-63-94-152-167-148-37-9-62-14-81-196-90-27-164-39-165-49-178-3-106-129-2-55-52-40-185-102-144-15-23-89-186-114-137-183-143-0-117-18-22-146-193-159-34-54-177-10-184-160-181-42-43-65-116-115-139-41-68-46-176-133-79-80-162-151-51-118-59"
144,80275,100,30824,111099,25,"9-148-124-94-80-79-63-180-162-123-112-4-177-54-184-43-59-65-116-5-42-41-34-160-181-146-22-193-159-199-18-69-108-93-117-0-143-183-89-186-15-114-23-137-176-51-46-115-139-151-133-135-70-127-154-158-53-121-100-1-2-129-92-185-52-57-179-145-78-157-175-90-178-106-55-75-101-26-86-97-152-82-25-120-44-171-16-56-113-31-196-81-40-165-14-49-102-144-37-62"
145,78052,100,29045,107097,42,"135-70-127-112-84-35-149-65-43-42-160-48-184-190-10-177-54-34-181-159-41-193-115-46-139-22-18-108-117-143-183-89-62-9-15-148-167-49-102-144-14-3-178-106-7-164-90-165-119-185-55-52-40-81-196-179-78-145-31-113-175-171-16-82-44-25-120-129-2-92-57-1-86-53-94-124-189-152-97-75-101-26-100-121-158-180-154-63-79-133-80-176-137-51-116-59-118-151-162-123"
146,77841,100,28619,106460,30,"160-181-42-43-116-65-59-118-131-149-123-127-70-135-133-162-154-180-53-121-189-100-26-86-75-101-1-97-152-94-80-122-63-79-151-51-176-137-9-15-23-186-114-148-167-52-55-106-39-27-90-165-40-81-16-56-113-31-175-171-25-44-120-2-129-57-92-179-78-145-196-185-178-49-14-144-62-89-183-153-143-117-0-115-193-159-41-139-46-68-108-69-18-22-34-48-10-177-54-184"
147,78821,100,28858,107679,18,"41-139-18-108-93-117-143-0-46-115-59-118-183-89-23-186-137-176-12-124-148-9-144-138-14-102-49-62-167-3-106-178-185-40-179-78-145-196-81-157-31-90-27-39-165-52-55-57-82-92-129-120-44-16-171-113-175-25-2-75-86-1-101-97-152-94-26-100-121-53-154-135-180-63-122-80-51-151-162-79-133-127-123-184-10-177-54-34-160-43-131-149-65-116-5-42-181-22-159-193"
148,76146,100,26572,102718,54,"127-70-158-53-136-121-100-26-86-101-75-120-44-25-78-92-57-129-2-167-148-9-62-102-49-14-144-165-27-90-40-185-196-31-56-113-175-171-16-145-179-52-106-3-178-55-152-1-97-94-80-137-89-183-143-117-0-176-51-59-46-198-115-116-131-149-65-43-42-181-41-139-68-140-93-108-18-69-193-159-22-146-34-54-160-184-177-10-4-112-123-162-151-133-79-122-63-180-154-135"
149,76046,100,26211,102257,37,"159-146-22-18-108-117-0-143-183-89-23-186-15-148-9-62-102-49-144-14-138-3-178-106-185-40-119-165-90-81-52-55-94-80-176-137-51-133-79-63-136-53-182-121-100-26-97-1-152-101-44-25-82-92-129-57-179-145-196-31-56-113-175-171-16-78-120-2-75-86-158-70-135-154-180-127-123-149-162-151-59-118-131-47-65-116-43-184-10-177-54-160-34-181-42-115-46-139-41-193"
150,77681,100,28633,106314,28,"117-68-46-139-108-18-22-146-159-193-41-115-118-59-72-151-162-149-131-65-116-43-42-184-48-160-34-54-177-112-123-127-133-80-79-51-176-63-122-70-135-154-180-158-53-121-94-124-26-100-86-97-101-1-75-152-2-129-82-171-16-44-120-25-175-113-31-157-56-179-145-196-78-92-57-55-52-185-165-119-40-81-90-164-21-14-3-178-106-49-62-9-144-148-23-137-89-183-143-0"
151,79059,100,29282,108341,31,"176-137-23-186-89-183-143-170-117-0-118-59-51-162-151-123-65-116-43-42-193-139-115-46-68-18-22-159-41-181-34-160-184-177-4-112-127-70-53-121-100-75-2-82-25-78-44-120-152-94-124-167-148-62-9-3-178-102-49-144-14-21-164-90-27-165-138-106-185-119-40-55-52-57-92-145-179-196-81-31-171-16-175-113-56-157-91-129-1-86-101-97-26-79-133-135-154-180-63-80"
152,77051,100,27987,105038,20,"137-176-80-79-63-94-124-152-97-26-53-154-70-135-123-149-116-65-160-181-34-54-177-10-190-184-43-115-139-42-41-193-159-146-22-18-108-117-0-183-143-68-46-118-59-51-162-151-133-180-100-86-1-101-75-44-120-25-31-157-175-113-56-171-16-92-82-2-129-57-55-145-78-196-81-90-27-40-119-165-185-52-179-178-106-3-14-138-49-102-144-62-9-37-148-15-114-186-23-89"
153,78001,100,29528,107529,27,"78-145-179-185-40-119-165-27-90-164-21-14-62-9-148-15-186-23-0-68-139-46-183-89-143-117-108-18-159-22-146-34-48-177-54-160-181-5-41-193-43-116-59-51-118-115-65-149-42-184-84-4-112-123-135-70-154-53-180-162-151-133-80-63-79-176-137-144-49-3-178-106-52-55-57-92-129-75-86-101-1-26-97-152-94-124-2-120-44-25-171-113-175-56-85-81-196-157-31-16"
154,79664,100,28922,108586,21,"34-146-22-18-108-159-193-41-139-46-143-0-117-93-140-68-115-65-116-35-112-4-127-70-135-154-180-158-100-26-97-152-1-2-75-101-86-53-121-136-79-80-122-63-94-189-124-167-37-15-148-144-14-40-165-31-175-113-171-16-78-145-25-44-120-57-52-92-129-55-185-106-178-3-49-62-9-102-137-23-186-183-89-114-176-133-162-123-151-51-59-118-149-131-43-42-184-177-54-160"
155,78027,100,28687,106714,20,"184-42-43-116-115-46-139-41-193-159-18-22-146-34-160-48-54-177-10-190-4-112-127-70-135-123-133-79-154-180-53-100-26-75-1-167-3-14-138-165-119-40-27-90-81-113-175-171-31-16-78-179-145-185-178-106-55-52-49-62-102-144-9-148-37-152-2-120-25-44-92-57-129-82-86-101-97-124-94-63-80-176-137-0-117-143-183-89-114-15-186-23-51-151-162-59-65-149-131-35"
156,78411,100,29628,108039,39,"180-53-86-101-75-2-152-1-97-26-100-63-79-80-94-124-167-62-9-148-37-102-138-106-52-55-129-78-145-196-40-185-119-165-27-90-81-113-16-171-175-31-120-44-25-92-57-178-3-49-14-144-186-89-183-137-176-0-143-117-93-108-18-69-159-193-139-5-43-65-116-42-181-34-22-146-41-115-46-118-51-59-133-151-149-131-184-160-48-4-112-177-54-84-123-162-127-70-135-154"
157,79895,100,30644,110539,17,"75-86-101-1-97-26-100-53-180-154-70-135-162-151-51-118-59-131-149-123-43-116-65-42-193-159-195-181-160-48-184-112-4-177-10-54-34-146-22-18-139-115-41-46-117-0-143-183-89-148-49-3-106-2-152-94-137-80-176-79-63-133-122-124-9-62-144-102-14-21-7-165-81-196-90-27-164-40-119-39-138-178-52-179-129-92-57-55-185-91-145-78-31-175-171-16-113-25-44-120"
158,80263,100,31230,111493,13,"101-1-97-152-94-121-100-26-86-53-158-154-180-123-162-133-151-47-43-5-42-181-146-22-18-193-159-68-139-115-41-116-65-84-35-131-149-184-160-34-54-177-10-4-112-127-70-135-63-79-80-176-51-109-118-59-46-93-117-143-0-23-137-148-186-89-183-9-62-144-49-57-55-40-185-165-90-81-196-175-31-78-56-113-171-16-44-129-92-145-179-138-14-52-178-106-167-2-75-120"
159,80908,100,29908,110816,15,"180-136-63-79-133-151-118-59-162-149-35-184-177-10-4-112-123-131-65-116-42-43-160-34-22-18-108-69-159-41-193-115-139-46-0-117-143-183-137-176-51-80-124-148-37-15-186-23-114-62-9-102-90-27-165-40-57-82-145-179-196-31-78-56-113-175-171-16-25-44-92-129-55-14-49-144-138-185-52-178-3-106-152-97-26-1-2-100-86-101-75-120-189-94-121-53-158-154-135-70"
160,78158,100,29372,107530,19,"25-78-16-171-175-113-56-31-196-145-92-57-129-2-189-94-124-9-62-144-14-165-27-90-81-40-185-55-52-106-178-3-49-102-176-51-118-139-116-131-149-59-115-41-181-42-48-54-160-184-190-10-177-84-4-112-127-135-123-47-65-43-5-193-159-34-146-22-18-108-140-68-46-0-143-183-89-23-137-148-63-80-79-133-162-151-70-154-180-53-86-75-101-100-26-97-1-152-44-120"
161,78907,100,27681,106588,27,"48-54-177-184-84-4-112-127-123-149-131-65-116-118-151-162-135-70-154-180-53-158-86-75-2-94-63-79-133-122-12-124-148-167-152-97-100-121-26-101-1-92-57-82-25-44-113-56-175-171-16-31-196-145-78-120-129-179-55-52-185-40-81-90-27-165-138-14-106-178-49-62-144-102-9-15-23-186-89-183-137-176-80-51-59-46-139-115-96-41-159-22-18-193-43-42-5-181-34-160"
162,79950,100,28440,108390,25,"184-177-54-160-34-181-146-22-159-18-69-108-163-68-140-93-117-143-0-46-65-59-72-151-162-149-131-123-133-79-80-122-63-154-135-180-53-86-97-1-75-120-44-113-31-175-171-16-78-196-81-90-165-14-138-3-178-106-49-57-52-55-185-40-145-92-129-2-101-26-152-189-100-121-94-124-111-167-9-148-144-62-186-89-23-183-114-137-176-51-118-115-198-139-193-41-5-43-116-42"
163,76811,100,27643,104454,32,"54-177-4-112-127-123-162-151-133-79-135-70-154-180-53-121-86-75-129-57-144-14-40-185-165-39-164-27-90-81-196-31-113-175-171-16-25-78-92-2-152-97-100-26-101-1-120-44-145-179-55-52-106-178-3-49-102-62-9-148-124-94-63-122-80-176-59-149-65-118-51-137-89-183-0-143-117-139-46-68-108-69-18-199-22-146-34-181-193-41-96-115-159-5-42-116-47-43-184-160"
164,75912,100,26682,102594,22,"34-160-54-177-184-84-112-127-70-135-123-162-149-65-116-115-139-198-46-68-159-146-22-18-108-93-117-0-170-143-89-183-23-186-137-15-148-37-9-62-144-102-49-14-3-178-106-52-55-57-92-31-171-16-175-113-145-78-120-44-25-179-185-40-165-27-90-81-196-129-152-26-100-75-101-1-2-94-97-86-53-158-154-180-63-79-133-80-176-51-151-72-118-59-41-193-5-43-42-181"
165,77752,100,27379,105131,19,"162-151-59-118-51-176-80-79-63-180-154-135-127-123-4-177-184-84-112-131-149-65-116-47-43-42-5-115-139-193-41-181-160-54-34-103-146-22-159-69-18-108-140-68-198-46-0-117-170-143-183-89-137-148-94-152-97-1-101-44-25-113-175-16-171-31-81-196-145-78-92-55-52-106-3-14-138-185-40-119-90-27-95-39-165-164-7-21-62-144-102-49-178-57-129-120-75-86-53-133"
166,78398,100,28363,106761,19,"181-42-5-115-139-46-117-0-143-183-186-89-23-137-15-62-9-144-102-167-37-148-94-152-97-1-2-25-16-171-175-56-113-31-185-78-145-196-40-119-81-90-165-138-14-49-178-3-106-52-55-57-179-92-129-120-44-75-101-26-86-154-127-70-194-135-112-4-84-123-162-80-176-51-79-133-180-53-63-151-59-65-47-105-116-149-131-43-184-177-54-48-160-34-146-22-18-159-193-41"
167,83360,100,31204,114564,36,"31-16-171-175-113-196-40-165-185-55-52-106-178-49-14-144-62-9-186-23-46-117-93-69-163-68-115-193-159-41-139-116-47-65-59-51-162-151-63-124-94-75-2-148-80-66-176-121-53-154-70-135-194-127-123-112-4-177-184-43-118-72-149-131-42-160-54-34-22-18-108-140-0-170-143-183-89-137-122-79-133-158-180-100-86-101-26-97-152-1-82-92-179-145-57-129-120-44-25-78"
168,78734,100,28365,107099,20,"165-40-185-55-52-106-178-3-138-14-144-49-102-62-9-15-137-23-89-183-0-143-117-108-18-22-146-34-160-48-54-184-177-10-4-112-84-35-43-42-116-139-159-193-41-115-198-118-59-162-123-127-151-79-133-154-180-135-65-46-68-176-51-109-80-63-94-148-37-111-167-124-97-152-86-53-121-100-26-1-101-75-2-129-57-92-120-44-16-175-171-31-113-78-145-196-81-27-90-39"
169,80801,100,30759,111560,31,"86-26-100-121-189-94-124-167-62-9-148-137-176-51-118-59-72-80-122-180-70-135-154-158-53-63-79-133-162-151-116-46-68-139-115-43-65-123-112-184-177-54-48-160-34-146-22-18-41-159-42-181-193-0-143-89-183-144-49-102-3-178-52-40-185-55-129-57-179-106-165-138-14-95-21-7-164-27-90-81-196-113-56-31-157-175-171-16-78-92-44-25-145-120-75-2-152-97-1-101"
170,82567,100,33165,115732,26,"75-86-101-1-97-26-100-121-158-53-180-154-70-135-79-122-51-139-159-193-146-22-18-108-68-46-176-137-186-89-183-0-143-23-129-25-44-120-2-171-175-113-31-16-92-178-106-57-78-145-179-157-196-81-90-27-165-40-119-185-55-52-49-102-144-138-14-9-62-15-148-118-123-127-162-59-116-65-41-115-5-42-160-54-34-177-184-84-112-131-149-47-43-133-151-80-63-94-124-152"
171,78941,100,28049,106990,28,"1-101-86-75-120-44-25-78-16-171-175-113-56-31-145-196-81-90-27-165-40-185-52-106-178-14-148-9-102-62-144-49-55-57-179-129-92-2-74-152-97-124-94-189-63-79-133-162-149-65-59-118-80-122-135-70-127-151-51-176-23-137-89-183-143-170-117-0-46-139-115-5-42-181-146-193-108-18-22-159-41-34-160-184-43-116-177-10-4-112-123-154-180-158-53-136-182-121-26-100"
172,76488,100,27119,103607,17,"138-14-49-102-144-62-9-148-89-183-143-0-117-93-140-36-108-69-18-22-159-41-46-68-139-193-181-146-103-34-54-177-10-4-112-131-149-47-65-116-42-184-160-43-115-59-118-162-151-51-137-176-80-133-79-63-180-135-70-127-123-154-53-121-100-86-75-152-97-26-101-1-2-124-94-178-106-52-55-57-92-129-25-44-120-78-16-31-113-56-175-171-145-81-90-27-165-119-185-40"
173,86199,100,36057,122256,11,"193-22-34-160-48-54-177-10-190-184-42-43-59-151-133-51-183-89-23-186-62-144-164-27-90-40-81-196-145-55-185-178-106-2-82-16-25-92-52-165-39-138-14-102-49-148-124-101-100-86-152-189-121-94-79-80-176-154-158-53-70-180-135-127-123-4-112-65-116-149-131-162-63-26-120-78-31-113-175-171-56-44-75-179-129-57-1-97-9-15-137-117-143-0-68-198-46-115-139-41"
174,75946,100,27732,103678,31,"129-82-44-25-78-145-92-57-55-179-31-16-171-175-113-56-157-196-81-90-165-40-185-52-106-178-49-14-144-9-15-186-89-183-117-0-143-93-46-68-140-108-18-159-22-146-193-139-41-43-42-181-34-160-177-190-10-54-184-112-84-35-149-131-59-118-115-116-65-162-123-127-135-154-158-53-63-180-94-80-79-133-151-51-176-137-23-62-148-124-97-100-26-86-101-1-152-2-75-120"
175,79333,100,30031,109364,26,"79-80-176-137-183-89-23-186-144-102-9-62-148-49-14-178-106-185-39-27-90-81-40-119-165-196-175-171-56-113-31-157-179-145-78-25-82-26-100-53-158-154-180-133-151-72-51-118-68-0-143-117-18-22-159-139-46-115-59-47-116-43-42-160-181-41-193-146-34-54-177-84-35-184-123-162-65-131-149-112-127-135-70-86-101-97-1-2-75-120-44-16-92-57-52-55-129-152-94-63"
176,77649,100,26874,104523,49,"2-120-82-92-179-145-78-25-44-16-171-175-113-56-31-157-196-81-90-27-39-165-119-40-185-138-14-144-62-9-49-148-15-114-186-23-0-143-183-89-137-133-162-151-51-176-72-59-118-65-43-116-5-42-115-198-46-68-139-108-18-159-193-160-34-22-41-181-177-54-184-123-135-70-154-180-53-121-86-75-101-26-100-63-79-122-80-94-124-97-1-152-167-3-178-106-55-52-57-129"
177,80067,100,30423,110490,21,"165-39-27-90-81-196-31-113-175-171-16-44-25-78-145-92-82-86-1-97-152-121-100-26-101-75-2-129-120-55-178-3-49-148-124-94-122-133-162-127-70-154-53-158-63-180-135-4-112-84-35-123-184-43-149-116-65-0-143-117-108-18-22-193-159-41-181-160-34-42-115-59-151-79-80-176-118-46-139-68-51-137-183-89-23-186-15-9-62-102-14-144-138-106-52-57-179-185-40-119"
178,81411,100,32036,113447,25,"179-145-78-92-129-57-55-52-106-49-102-148-80-63-79-162-127-135-154-121-94-124-152-189-53-180-158-70-112-184-42-41-193-59-116-65-43-177-54-160-34-22-159-18-108-140-0-117-93-68-139-115-118-149-131-123-133-151-51-46-143-183-89-114-176-23-186-137-15-62-9-144-14-178-167-2-1-101-100-26-97-86-75-120-25-44-16-171-175-113-157-56-85-31-90-185-165-40-81-196"
179,78079,100,28602,106681,19,"78-25-44-16-171-175-113-56-31-81-90-27-165-40-185-52-55-178-106-138-14-49-144-62-9-137-89-183-176-80-79-154-70-180-135-194-127-123-131-43-177-10-190-4-112-84-184-54-160-34-146-22-181-139-198-68-115-46-0-117-143-93-108-18-159-193-41-5-42-116-65-149-51-118-59-162-72-151-133-158-100-86-121-53-63-94-124-148-152-26-1-101-97-2-75-120-92-129-57-145"
180,76944,100,27633,104577,21,"31-56-113-175-171-16-25-44-120-75-101-1-97-26-100-121-53-86-180-154-135-70-133-176-63-79-80-151-162-127-123-65-131-149-51-118-59-43-160-34-48-54-10-177-184-42-116-5-115-41-193-181-195-146-22-159-108-18-117-143-93-68-139-198-46-0-183-89-23-137-15-102-62-9-14-144-49-178-148-94-152-2-92-57-55-52-106-3-185-165-40-119-39-27-90-81-196-179-145-78"
181,79845,100,31167,111012,24,"37-148-15-9-62-144-14-138-102-49-178-3-106-52-55-57-185-119-40-165-27-90-196-81-179-145-92-129-78-31-56-157-113-171-175-16-44-120-75-86-100-26-53-135-154-133-79-63-122-80-94-176-115-139-159-193-41-42-43-181-34-54-10-177-146-22-18-108-117-143-183-89-23-137-68-93-0-46-118-59-51-123-112-84-184-160-149-65-116-151-162-70-127-180-97-2-1-101-152-167"
182,84554,100,32896,117450,19,"165-90-81-40-185-52-167-124-122-80-63-79-51-109-151-70-135-154-180-53-158-133-162-149-65-116-46-0-183-89-68-139-5-42-181-22-146-41-96-115-118-72-59-43-160-190-10-184-84-4-112-123-177-54-48-34-193-159-18-108-93-117-143-176-186-23-137-15-37-148-94-129-25-44-16-171-120-75-101-86-26-100-121-152-97-1-2-78-145-179-92-57-55-178-49-9-62-144-14-106"
183,82108,100,29509,111617,25,"34-146-22-159-193-41-139-68-46-0-117-143-89-183-23-186-15-64-114-9-62-102-144-14-185-90-165-40-52-55-178-106-3-49-148-167-152-2-120-129-57-86-26-53-121-189-97-1-44-25-78-92-179-145-31-113-56-175-171-16-75-63-80-79-122-162-133-109-51-151-137-176-94-101-100-154-180-70-135-123-35-84-184-160-177-4-112-43-149-131-47-105-59-118-115-116-65-42-5-181"
184,79687,100,29504,109191,32,"53-158-180-63-122-80-79-133-162-151-118-59-42-43-116-65-160-184-35-131-149-123-135-154-70-127-112-4-177-54-34-146-22-159-193-41-115-46-139-51-176-137-0-117-143-183-89-186-23-15-144-21-90-196-56-157-31-16-78-179-145-25-171-175-113-81-165-40-185-178-49-62-167-129-92-57-55-52-138-14-106-102-9-37-148-94-124-152-1-97-100-26-101-2-82-120-44-75-86-121"
185,76043,100,26948,102991,17,"181-146-22-18-108-159-193-41-96-5-42-43-184-131-149-47-65-116-105-59-115-139-46-68-117-143-0-183-89-23-186-137-80-124-94-2-120-44-25-78-31-175-16-171-113-56-81-196-145-57-55-102-49-178-106-138-14-144-62-148-9-165-90-40-185-52-92-129-152-86-101-75-1-26-97-100-121-158-53-63-79-176-51-118-162-151-133-154-180-135-70-127-123-112-4-10-177-54-160-34"
186,77279,100,28775,106054,18,"78-145-179-196-81-90-165-39-164-21-14-144-62-9-148-49-3-178-106-185-40-57-55-52-92-129-120-2-124-94-63-79-133-80-176-0-143-183-114-186-89-23-137-46-68-139-115-181-146-22-34-160-42-5-193-159-18-41-96-43-48-30-54-10-177-184-84-112-127-123-131-149-65-116-118-59-51-151-162-135-70-154-180-53-26-100-86-75-97-152-101-1-44-113-56-31-175-171-16-25"
187,76732,100,27674,104406,24,"171-16-44-120-2-152-124-94-121-100-26-97-1-101-75-86-70-127-135-154-180-158-53-63-79-80-176-118-51-151-133-162-123-35-84-112-4-10-54-177-184-160-34-146-22-18-199-193-159-69-108-117-143-68-139-115-59-149-65-116-43-42-96-181-5-41-46-0-183-89-137-23-148-62-144-102-49-14-106-178-52-185-165-90-40-81-196-145-179-55-57-92-129-25-78-157-31-56-113-175"
188,80052,100,29165,109217,17,"112-84-184-160-34-181-146-22-159-18-193-139-41-115-46-59-116-5-42-43-65-47-131-149-151-72-51-118-117-0-143-183-89-137-176-79-63-122-80-148-15-62-102-9-144-14-138-165-185-40-119-55-52-178-106-49-21-164-7-95-27-90-81-196-31-145-120-152-97-26-101-75-86-100-1-44-25-16-171-175-113-56-78-57-92-2-94-124-121-53-154-135-127-70-158-180-136-133-162-123"
189,81859,100,31616,113475,12,"62-144-102-49-14-138-165-27-90-81-40-185-178-106-52-55-196-31-113-175-171-16-25-78-145-179-57-92-129-120-44-1-75-100-94-53-154-151-72-0-117-46-68-118-59-123-133-162-194-135-70-86-101-26-97-2-152-121-63-80-79-180-127-43-181-160-48-177-54-34-22-139-41-193-159-18-108-69-5-42-115-116-65-47-184-35-131-149-51-109-176-153-143-183-89-186-23-137-148-9"
190,80160,100,28815,108975,19,"133-79-63-94-124-55-57-92-179-91-145-25-82-129-78-2-120-44-16-31-113-171-175-56-157-196-40-119-81-27-90-165-185-52-178-106-138-14-144-102-49-148-15-9-62-183-143-0-117-68-118-115-46-198-96-5-43-42-146-22-18-108-69-159-193-139-41-181-34-160-59-65-116-149-184-84-112-127-70-154-158-53-86-75-101-152-97-1-26-100-180-135-194-123-162-151-51-137-176-80"
191,82398,100,31317,113715,14,"59-118-51-80-79-63-121-189-2-152-94-12-124-57-179-92-129-25-44-78-31-113-171-16-175-145-40-119-196-81-90-165-178-185-52-55-138-14-106-3-49-62-144-183-143-170-89-186-153-0-117-46-115-139-18-41-193-159-22-146-181-34-177-184-160-48-30-54-65-47-116-42-5-43-162-151-133-176-137-23-15-148-167-120-75-86-101-1-100-26-97-53-158-154-180-135-123-70-127-149"
192,75053,100,26357,101410,33,"102-144-14-138-32-3-106-185-119-40-165-90-81-196-179-92-145-78-31-113-175-171-16-25-44-120-129-57-55-52-178-49-167-148-124-94-53-79-80-151-133-63-97-1-26-101-2-152-75-86-154-180-135-70-127-123-149-162-51-176-59-118-46-115-139-116-65-43-35-84-112-4-10-177-30-54-184-160-42-181-34-22-159-41-193-18-108-69-140-93-117-143-0-183-89-23-137-15-9-62"
193,80571,100,30332,110903,15,"49-9-62-144-14-90-165-40-196-31-113-56-16-175-171-78-145-44-25-120-2-152-167-148-15-186-23-94-122-79-63-121-53-158-180-154-135-127-149-65-43-47-59-151-137-176-109-51-118-198-46-0-143-183-89-117-18-69-108-140-68-139-193-115-116-5-42-160-181-22-146-159-41-34-184-54-177-4-112-123-162-133-80-100-26-1-101-75-86-97-189-124-129-92-57-55-52-185-106-178"
194,76143,100,28054,104197,22,"175-171-16-25-44-120-75-1-101-86-97-26-100-53-180-154-135-70-127-194-151-162-133-123-112-4-190-10-177-184-84-35-131-149-59-65-116-43-42-160-48-54-34-181-193-139-68-115-41-159-22-18-108-93-117-46-118-51-137-9-62-144-14-138-3-55-57-52-185-165-27-90-40-145-78-92-129-2-152-94-79-63-80-176-0-143-183-89-23-186-148-49-102-178-106-179-196-81-31-113"
195,77251,100,28310,105561,41,"97-1-101-86-100-121-53-158-154-180-63-79-80-176-51-151-133-135-70-127-162-123-112-4-177-54-34-48-184-160-181-146-22-159-18-108-139-46-41-193-42-116-65-43-115-118-59-137-0-93-140-68-117-143-183-89-186-15-9-49-3-14-138-165-27-90-40-185-164-21-144-62-102-148-37-167-178-106-52-55-92-129-57-145-31-113-175-16-171-78-25-44-120-75-2-152-124-94-189-26"
196,79167,100,29508,108675,24,"100-26-97-1-101-86-75-2-152-189-53-180-70-127-154-135-133-79-176-51-46-198-68-108-18-22-159-193-41-146-34-181-96-42-5-139-116-47-149-131-115-0-117-143-137-148-106-52-55-57-92-129-120-44-25-31-113-175-16-171-145-78-196-81-40-185-119-165-90-27-39-178-14-144-49-102-62-9-186-89-183-118-59-65-43-160-54-177-184-84-112-123-162-151-80-122-94-124-63-121"
197,78900,100,30517,109417,18,"120-44-25-16-171-175-113-31-196-81-90-165-40-185-106-52-92-78-145-57-55-178-3-138-144-49-102-14-167-124-94-63-53-180-79-80-51-151-184-177-10-190-84-35-43-116-18-159-22-193-41-139-115-5-34-181-160-48-30-54-4-112-123-162-149-131-42-65-59-118-68-46-93-0-117-143-183-89-23-148-9-62-15-186-137-176-133-135-70-154-86-75-26-97-1-101-2-100-152-129"
198,75737,100,27244,102981,43,"117-0-143-183-89-23-137-148-167-2-129-92-55-57-78-145-196-179-52-106-185-178-49-102-9-62-144-14-138-165-40-119-27-90-81-157-31-56-113-175-171-16-25-44-120-75-86-1-97-152-101-26-70-135-154-158-180-53-94-79-63-133-80-176-151-162-127-123-149-43-42-116-47-65-59-118-51-46-115-193-159-22-18-108-69-146-34-54-184-84-112-4-10-177-160-181-5-41-139-68"
199,79562,100,29618,109180,21,"25-16-171-175-113-56-31-196-81-90-165-40-78-145-92-57-55-52-185-106-178-14-144-49-102-62-9-15-148-80-176-137-186-23-89-183-0-46-68-117-143-93-140-22-18-108-146-103-34-160-42-65-123-135-154-180-133-162-151-131-149-105-47-77-43-84-190-10-54-184-112-4-177-181-159-195-41-139-193-116-115-59-51-124-94-79-63-53-86-100-121-26-101-1-97-152-2-75-120-44"
200,79582,100,29691,109273,27,"68-0-143-117-108-69-18-159-22-146-34-181-193-41-139-5-42-160-54-184-43-116-65-149-162-123-127-70-154-135-180-100-75-2-82-145-25-56-31-196-81-113-175-171-16-78-179-52-62-9-148-102-49-106-178-119-40-90-27-165-39-185-138-14-144-15-114-23-186-89-183-137-51-176-80-79-63-121-158-53-86-26-101-120-44-129-57-55-92-152-189-1-97-124-94-133-151-59-115-46"
