SolutionID,TotalCost,NumNodes,TotalDistance,ObjectiveFunction,TotalRunningTime,Cycle
1,71550,100,23080,94630,7,"138-185-40-165-90-81-196-179-145-78-31-56-113-175-171-16-25-44-120-2-129-92-57-55-52-106-178-49-102-62-9-148-124-94-152-97-1-101-75-86-26-100-121-53-158-154-70-135-180-63-79-133-51-118-59-115-46-68-139-193-41-5-42-181-159-69-108-18-22-146-34-160-48-54-177-10-190-184-43-116-65-149-123-127-162-151-80-176-137-0-117-143-183-89-23-186-114-15-144-14"
2,70855,100,22426,93281,19,"53-121-100-26-97-1-101-86-75-44-25-16-171-175-113-56-31-78-145-179-196-81-90-165-40-185-106-178-3-14-144-62-9-148-102-49-52-55-57-92-129-82-120-2-152-124-94-63-79-80-176-137-23-186-89-183-143-117-0-46-68-139-115-193-41-5-42-181-159-69-108-18-22-146-34-160-48-54-177-10-190-4-112-184-43-116-65-59-118-51-151-133-162-123-127-70-135-154-180-158"
3,70870,100,22897,93767,9,"149-123-127-162-59-118-51-151-133-135-70-154-180-53-121-100-26-86-75-44-25-16-171-175-113-56-31-78-145-179-196-81-90-165-40-185-106-178-3-14-144-62-9-148-102-49-52-55-57-92-129-82-120-2-101-1-97-152-124-94-63-79-80-176-137-23-186-89-183-143-117-0-46-68-139-115-41-193-159-69-108-18-22-146-181-34-160-48-54-177-10-190-4-112-84-184-42-43-116-65"
4,71143,100,23365,94508,6,"196-81-90-165-40-185-55-52-106-178-49-14-144-102-62-9-148-15-114-186-23-89-183-143-117-0-137-176-80-151-162-127-123-149-65-116-43-184-84-112-4-190-10-177-54-48-160-34-146-22-18-108-69-159-181-42-5-41-193-139-68-46-115-59-118-51-133-79-63-94-180-135-70-154-53-100-26-86-75-101-1-97-152-2-129-57-92-82-120-44-25-16-171-175-113-56-31-78-145-179"
5,72385,100,23381,95766,0,"179-145-78-31-56-113-175-171-16-25-44-120-82-92-57-129-2-152-97-1-101-75-86-26-100-53-154-70-135-180-94-63-79-133-51-118-59-115-46-68-139-193-41-5-42-181-159-69-108-18-22-146-34-160-48-54-177-184-43-116-65-149-123-162-151-80-176-137-0-117-143-183-89-23-186-114-15-148-9-62-144-14-49-178-106-52-55-185-40-165-39-95-7-164-58-27-90-81-196-157"
6,71545,100,22823,94368,14,"189-121-53-158-154-70-135-180-63-79-80-176-51-151-133-162-127-123-149-59-65-116-43-42-184-84-190-10-177-54-48-160-34-181-146-22-18-108-69-159-193-41-115-139-68-46-0-117-143-183-89-23-137-186-114-15-9-62-144-14-138-185-40-165-90-81-196-179-145-78-31-56-113-175-171-16-25-44-120-75-86-100-26-101-1-97-152-2-129-92-57-55-52-106-178-49-102-148-124-94"
7,71984,100,23147,95131,6,"81-90-27-58-164-7-95-39-165-40-185-55-52-106-178-49-14-144-102-62-9-148-15-114-186-23-89-183-143-117-0-137-176-80-151-162-123-149-65-116-43-184-177-54-48-160-34-146-22-18-108-69-159-181-42-5-41-193-139-68-46-115-59-118-51-133-79-63-94-180-135-70-154-53-100-26-86-75-101-1-97-152-2-129-57-92-82-120-44-25-16-171-175-113-56-31-78-145-179-196"
8,71058,100,22762,93820,16,"114-89-183-143-117-0-46-68-139-115-193-41-5-42-181-159-69-108-18-22-146-34-160-48-54-177-10-190-4-112-184-43-116-65-59-118-51-151-133-162-123-127-70-135-154-180-53-121-100-26-86-75-44-25-16-171-175-113-56-31-78-145-179-196-81-90-165-40-185-106-178-3-14-144-62-9-148-102-49-52-55-57-92-129-82-120-2-101-1-97-152-124-94-63-79-80-176-137-23-186"
9,71304,100,23181,94485,10,"135-154-180-53-121-100-26-86-75-44-25-16-171-175-113-56-31-78-145-179-196-81-90-165-40-185-106-178-3-14-144-62-9-148-102-49-52-55-57-92-129-82-120-2-101-1-97-152-124-94-63-79-133-162-151-51-80-176-137-23-186-89-183-143-117-0-46-68-139-193-41-5-42-181-159-69-108-18-22-146-34-160-48-54-177-10-190-4-112-184-43-115-118-59-116-65-149-123-127-70"
10,71143,100,23365,94508,6,"196-81-90-165-40-185-55-52-106-178-49-14-144-102-62-9-148-15-114-186-23-89-183-143-117-0-137-176-80-151-162-127-123-149-65-116-43-184-84-112-4-190-10-177-54-48-160-34-146-22-18-108-69-159-181-42-5-41-193-139-68-46-115-59-118-51-133-79-63-94-180-135-70-154-53-100-26-86-75-101-1-97-152-2-129-57-92-82-120-44-25-16-171-175-113-56-31-78-145-179"
11,72097,100,23170,95267,7,"74-152-97-1-101-75-86-26-100-53-154-70-135-180-94-63-79-80-176-51-151-133-162-127-123-149-59-65-116-43-42-184-84-190-10-177-54-48-160-34-181-146-22-18-108-69-159-193-41-115-139-68-46-0-117-143-183-89-186-23-137-148-9-62-102-144-14-49-178-106-165-39-95-7-164-58-27-90-81-196-40-185-52-55-57-129-92-179-145-78-31-56-113-175-171-16-25-44-120-2"
12,71032,100,22894,93926,11,"4-112-127-123-149-65-43-116-59-118-51-151-133-162-135-70-154-180-53-121-100-26-86-75-44-25-16-171-175-113-56-31-78-145-179-196-81-90-165-40-185-106-178-3-14-144-62-9-148-102-49-52-55-57-92-129-120-2-101-1-97-152-124-94-63-79-80-176-137-23-89-183-143-0-117-93-140-68-46-115-139-193-41-5-42-181-159-69-108-18-22-146-34-160-48-54-177-184-35-84"
13,71455,100,23355,94810,8,"159-193-41-139-68-140-93-117-143-183-89-0-46-115-59-118-51-137-176-80-79-63-94-124-152-97-1-101-2-120-82-129-92-57-55-52-49-102-148-9-62-144-14-3-178-106-185-40-165-90-81-196-179-145-78-31-56-113-175-171-16-25-44-75-86-26-100-121-53-180-154-70-135-133-151-162-127-123-149-65-116-43-42-184-84-112-4-190-10-177-54-48-160-34-181-146-22-18-108-69"
14,71699,100,23449,95148,11,"22-146-159-193-41-139-115-5-42-181-34-160-48-54-177-10-190-4-112-184-43-116-65-149-123-127-162-151-133-135-70-154-180-53-121-100-26-86-75-44-25-16-171-175-113-56-31-78-145-179-196-81-90-165-40-185-106-178-3-14-144-62-9-148-102-49-52-55-57-92-129-82-120-2-101-1-97-152-124-94-63-79-80-176-137-51-59-118-46-68-0-89-183-143-117-93-140-108-69-18"
15,71143,100,23365,94508,6,"120-82-92-57-129-2-152-97-1-101-75-86-26-100-53-154-70-135-180-94-63-79-133-51-118-59-115-46-68-139-193-41-5-42-181-159-69-108-18-22-146-34-160-48-54-177-10-190-4-112-84-184-43-116-65-149-123-127-162-151-80-176-137-0-117-143-183-89-23-186-114-15-148-9-62-102-144-14-49-178-106-52-55-185-40-165-90-81-196-179-145-78-31-56-113-175-171-16-25-44"
16,71304,100,23181,94485,11,"123-149-65-116-59-118-115-43-184-112-4-190-10-177-54-48-160-34-146-22-18-108-69-159-181-42-5-41-193-139-68-46-0-117-143-183-89-186-23-137-176-80-51-151-162-133-79-63-94-124-152-97-1-101-2-120-82-129-92-57-55-52-49-102-148-9-62-144-14-3-178-106-185-40-165-90-81-196-179-145-78-31-56-113-175-171-16-25-44-75-86-26-100-121-53-180-154-135-70-127"
17,71728,100,23478,95206,13,"5-43-116-65-149-123-127-162-151-133-135-70-154-180-53-121-100-26-86-75-44-25-16-171-175-113-56-31-78-145-179-196-81-90-165-40-185-106-178-3-14-144-62-9-148-102-49-52-55-57-92-129-82-120-2-101-1-97-152-124-94-63-79-80-176-137-51-118-59-115-46-0-89-183-143-117-93-140-68-139-41-193-159-69-108-18-22-146-181-34-160-48-54-177-10-190-4-112-184-42"
18,70687,100,22482,93169,15,"176-80-79-63-94-124-152-97-1-101-2-120-82-129-92-57-55-52-49-102-148-9-62-144-14-3-178-106-185-40-165-90-81-196-179-145-78-31-56-113-175-171-16-25-44-75-86-26-100-121-53-180-154-135-70-127-123-162-133-151-51-118-59-65-116-43-184-84-112-4-190-10-177-54-48-160-34-146-22-18-108-69-159-181-42-5-41-193-115-139-68-46-0-117-143-183-89-186-23-137"
19,72085,100,23796,95881,7,"44-120-82-2-152-97-1-101-75-86-26-100-53-154-70-135-180-94-63-79-133-51-118-59-115-46-68-139-193-41-5-42-181-159-69-108-18-22-146-34-160-48-54-177-184-43-116-65-149-123-127-162-151-80-176-137-0-117-143-183-89-23-186-114-15-148-9-62-102-144-14-49-178-106-165-39-95-7-164-27-90-81-196-40-185-52-55-57-129-92-179-145-78-31-56-113-175-171-16-25"
20,72085,100,23796,95881,8,"44-120-82-2-152-97-1-101-75-86-26-100-53-154-70-135-180-94-63-79-133-51-118-59-115-46-68-139-193-41-5-42-181-159-69-108-18-22-146-34-160-48-54-177-184-43-116-65-149-123-127-162-151-80-176-137-0-117-143-183-89-23-186-114-15-148-9-62-102-144-14-49-178-106-165-39-95-7-164-27-90-81-196-40-185-52-55-57-129-92-179-145-78-31-56-113-175-171-16-25"
21,71304,100,23181,94485,11,"70-135-154-180-53-121-100-26-86-75-44-25-16-171-175-113-56-31-78-145-179-196-81-90-165-40-185-106-178-3-14-144-62-9-148-102-49-52-55-57-92-129-82-120-2-101-1-97-152-124-94-63-79-133-162-151-51-80-176-137-23-186-89-183-143-117-0-46-68-139-193-41-5-42-181-159-69-108-18-22-146-34-160-48-54-177-10-190-4-112-184-43-115-118-59-116-65-149-123-127"
22,72024,100,22934,94958,12,"90-27-58-164-7-95-39-165-119-185-55-52-106-178-49-14-144-102-62-9-148-15-114-186-137-23-89-183-143-117-0-46-68-139-115-41-193-159-69-108-18-22-146-181-34-160-48-54-177-184-42-43-116-65-59-149-123-162-133-151-51-176-80-79-63-94-180-135-70-154-53-121-100-26-86-75-101-1-97-152-2-129-57-92-82-120-44-25-16-171-175-113-56-31-78-145-179-196-81-40"
23,71643,100,23095,94738,6,"178-49-14-144-102-62-9-148-15-114-186-23-89-183-143-117-0-137-176-80-151-162-127-123-149-65-116-43-184-190-10-177-54-48-160-34-146-22-18-108-69-159-181-42-5-41-193-139-68-46-115-59-118-51-133-79-63-180-135-70-154-158-53-121-94-124-152-97-1-101-26-100-86-75-2-129-57-92-82-120-44-25-16-171-175-113-56-31-78-145-179-196-81-90-165-40-185-55-52-106"
24,71068,100,22993,94061,7,"86-26-100-121-53-158-154-70-135-180-63-79-80-176-51-151-133-162-127-123-149-59-65-116-43-42-184-112-4-190-10-177-54-48-160-34-181-146-22-18-108-69-159-193-41-115-139-68-46-0-117-143-183-89-23-137-186-114-15-9-62-144-14-138-185-40-165-90-81-196-179-145-78-31-56-113-175-171-16-25-44-120-2-129-92-57-55-52-106-178-49-102-148-124-94-152-97-1-101-75"
25,71918,100,23668,95586,9,"140-93-117-143-183-89-0-46-115-59-118-51-137-176-80-79-63-94-124-152-97-1-101-2-120-82-129-92-57-55-52-49-102-148-9-62-144-14-3-178-106-185-40-165-90-81-196-179-145-78-31-56-113-175-171-16-25-44-75-86-26-100-121-53-180-154-70-135-133-151-162-127-123-149-65-116-43-184-112-4-190-10-177-54-48-160-34-146-22-18-108-69-159-181-42-5-41-193-139-68"
26,70715,100,22215,92930,0,"160-34-146-22-18-108-69-159-181-42-5-41-193-139-115-46-68-140-93-117-0-143-183-89-186-23-137-176-80-79-63-94-124-152-97-1-101-2-120-82-129-92-57-55-52-49-102-148-9-62-144-14-3-178-106-185-40-165-90-81-196-179-145-78-31-56-113-175-171-16-25-44-75-86-26-100-121-53-180-154-135-70-127-123-162-133-151-51-118-59-65-116-43-184-84-190-10-177-54-48"
27,70228,100,22230,92458,15,"54-48-160-34-181-146-22-18-108-69-159-193-41-139-115-46-68-140-93-117-0-143-183-89-186-23-137-176-80-79-63-94-124-152-97-1-101-2-120-82-129-92-57-55-52-49-102-148-9-62-144-14-3-178-106-185-40-165-90-81-196-179-145-78-31-56-113-175-171-16-25-44-75-86-26-100-121-53-180-154-135-70-127-123-162-133-151-51-118-59-65-116-43-42-184-112-4-190-10-177"
28,71984,100,23147,95131,0,"179-145-78-31-56-113-175-171-16-25-44-120-82-92-57-129-2-152-97-1-101-75-86-26-100-53-154-70-135-180-94-63-79-133-51-118-59-115-46-68-139-193-41-5-42-181-159-69-108-18-22-146-34-160-48-54-177-184-43-116-65-149-123-162-151-80-176-137-0-117-143-183-89-23-186-114-15-148-9-62-102-144-14-49-178-106-52-55-185-40-165-39-95-7-164-58-27-90-81-196"
29,70618,100,22558,93176,16,"149-123-127-70-135-154-180-53-121-100-26-86-75-44-25-16-171-175-113-56-31-78-145-179-196-81-90-165-40-185-106-178-3-14-144-62-9-148-102-49-52-55-57-92-129-82-120-2-101-1-97-152-124-94-63-79-133-151-162-59-118-51-80-176-137-23-186-89-183-143-117-0-46-68-139-115-41-193-159-69-108-18-22-146-181-34-160-48-54-177-10-190-4-112-184-42-43-116-65-131"
30,71699,100,23449,95148,16,"22-146-159-193-41-139-115-5-42-181-34-160-48-54-177-10-190-4-112-184-43-116-65-149-123-127-162-151-133-135-70-154-180-53-121-100-26-86-75-44-25-16-171-175-113-56-31-78-145-179-196-81-90-165-40-185-106-178-3-14-144-62-9-148-102-49-52-55-57-92-129-82-120-2-101-1-97-152-124-94-63-79-80-176-137-51-59-118-46-68-0-89-183-143-117-93-140-108-69-18"
31,72185,100,23377,95562,16,"37-15-114-186-23-89-183-143-117-0-137-176-80-151-162-127-123-149-65-116-43-184-10-177-54-48-160-34-146-22-18-108-69-159-181-42-5-41-193-139-68-46-115-59-118-51-133-79-63-180-135-70-154-158-53-121-100-26-86-75-101-1-97-152-94-124-148-102-49-178-106-52-55-57-92-129-2-120-44-25-16-171-175-113-56-31-78-145-179-196-81-90-165-40-185-138-14-144-62-9"
32,72192,100,23752,95944,7,"75-101-1-152-97-26-100-86-53-154-70-135-180-94-63-79-133-51-118-59-115-46-68-139-193-41-5-42-181-159-69-108-18-22-146-34-160-48-54-177-184-43-116-65-149-123-127-162-151-80-176-137-0-117-143-183-89-23-186-114-15-148-9-62-102-144-14-49-178-106-165-39-95-7-164-58-27-90-81-196-40-185-52-55-57-129-92-179-145-78-31-56-113-175-171-16-25-44-120-2"
33,72076,100,23636,95712,7,"97-1-101-75-86-26-100-53-154-70-135-180-94-63-79-133-51-118-59-115-46-68-139-193-41-5-42-181-159-69-108-18-22-146-34-160-48-54-177-184-43-116-65-149-123-127-162-151-80-176-137-0-117-143-183-89-23-186-114-15-148-9-62-102-144-14-49-178-106-165-39-95-7-164-58-27-90-81-196-40-185-52-55-57-129-92-179-145-78-31-56-113-175-171-16-25-44-120-2-152"
34,70687,100,22482,93169,12,"143-183-89-186-23-137-176-80-79-63-94-124-152-97-1-101-2-120-82-129-92-57-55-52-49-102-148-9-62-144-14-3-178-106-185-40-165-90-81-196-179-145-78-31-56-113-175-171-16-25-44-75-86-26-100-121-53-180-154-135-70-127-123-162-133-151-51-118-59-65-116-43-184-84-112-4-190-10-177-54-48-160-34-146-22-18-108-69-159-181-42-5-41-193-115-139-68-46-0-117"
35,72044,100,23595,95639,8,"40-119-185-52-55-57-129-92-179-145-78-31-56-113-175-171-16-25-44-120-2-152-97-1-101-75-86-26-100-121-53-158-154-70-135-180-94-63-79-133-51-118-59-115-46-68-139-193-41-5-42-181-159-69-108-18-22-146-34-160-48-54-177-184-43-116-65-149-123-127-162-151-80-176-137-0-117-143-183-89-23-186-114-15-148-9-62-102-144-14-49-178-106-165-39-164-27-90-81-196"
36,71032,100,22894,93926,11,"112-127-123-149-65-43-116-59-118-51-151-133-162-135-70-154-180-53-121-100-26-86-75-44-25-16-171-175-113-56-31-78-145-179-196-81-90-165-40-185-106-178-3-14-144-62-9-148-102-49-52-55-57-92-129-120-2-101-1-97-152-124-94-63-79-80-176-137-23-89-183-143-0-117-93-140-68-46-115-139-193-41-5-42-181-159-69-108-18-22-146-34-160-48-54-177-184-35-84-4"
37,72022,100,23028,95050,7,"37-9-62-102-49-178-106-52-55-57-92-129-2-120-44-25-16-171-175-113-56-31-78-145-179-196-81-90-165-40-185-138-14-144-15-114-186-23-89-183-143-117-0-137-176-80-151-162-127-123-149-65-116-43-184-177-54-48-160-34-146-22-18-108-69-159-181-42-5-41-193-139-68-46-115-59-118-51-133-79-63-180-135-70-154-158-53-121-100-26-86-75-101-1-97-152-94-124-167-148"
38,71602,100,22903,94505,10,"158-53-121-100-26-86-75-44-25-16-171-175-113-56-31-78-145-179-196-81-90-165-40-185-106-178-3-14-144-62-9-148-102-49-52-55-57-92-129-82-120-2-101-1-97-152-124-94-63-79-133-162-151-51-80-176-137-23-186-89-183-143-117-0-46-68-139-193-41-5-42-181-159-69-108-18-22-146-34-160-48-54-177-10-190-84-184-43-115-118-59-116-65-149-123-127-70-135-154-180"
39,71984,100,23147,95131,6,"81-90-27-58-164-7-95-39-165-40-185-55-52-106-178-49-14-144-102-62-9-148-15-114-186-23-89-183-143-117-0-137-176-80-151-162-123-149-65-116-43-184-177-54-48-160-34-146-22-18-108-69-159-181-42-5-41-193-139-68-46-115-59-118-51-133-79-63-94-180-135-70-154-53-100-26-86-75-101-1-97-152-2-129-57-92-82-120-44-25-16-171-175-113-56-31-78-145-179-196"
40,71304,100,23181,94485,10,"127-123-149-65-116-59-118-115-43-184-112-4-190-10-177-54-48-160-34-146-22-18-108-69-159-181-42-5-41-193-139-68-46-0-117-143-183-89-186-23-137-176-80-51-151-162-133-79-63-94-124-152-97-1-101-2-120-82-129-92-57-55-52-49-102-148-9-62-144-14-3-178-106-185-40-165-90-81-196-179-145-78-31-56-113-175-171-16-25-44-75-86-26-100-121-53-180-154-135-70"
41,71687,100,23734,95421,12,"31-56-113-175-171-16-78-25-44-120-82-92-57-129-2-152-97-1-101-75-86-26-100-53-154-70-135-180-94-63-79-133-51-118-59-115-46-68-139-193-41-5-42-181-159-69-108-18-22-146-34-160-48-54-177-10-190-4-112-184-43-116-65-149-123-127-162-151-80-176-137-0-117-143-183-89-23-186-114-15-148-9-62-102-144-14-49-178-106-52-55-185-40-165-90-81-196-179-145-157"
42,72077,100,23364,95441,7,"88-171-175-113-56-31-78-145-179-196-81-90-165-40-185-55-52-106-178-49-14-144-102-62-9-148-15-114-186-23-89-183-143-117-0-137-176-80-151-162-127-123-149-65-116-43-184-112-4-190-10-177-54-48-160-34-146-22-18-108-69-159-181-42-5-41-193-139-68-46-115-59-118-51-133-79-63-94-180-135-70-154-53-100-26-86-75-101-1-97-152-2-129-57-92-82-120-44-25-16"
43,70618,100,22558,93176,16,"149-123-127-70-135-154-180-53-121-100-26-86-75-44-25-16-171-175-113-56-31-78-145-179-196-81-90-165-40-185-106-178-3-14-144-62-9-148-102-49-52-55-57-92-129-82-120-2-101-1-97-152-124-94-63-79-133-151-162-59-118-51-80-176-137-23-186-89-183-143-117-0-46-68-139-115-41-193-159-69-108-18-22-146-181-34-160-48-54-177-10-190-4-112-184-42-43-116-65-131"
44,70687,100,22482,93169,12,"117-143-183-89-186-23-137-176-80-79-63-94-124-152-97-1-101-2-120-82-129-92-57-55-52-49-102-148-9-62-144-14-3-178-106-185-40-165-90-81-196-179-145-78-31-56-113-175-171-16-25-44-75-86-26-100-121-53-180-154-135-70-127-123-162-133-151-51-118-59-65-116-43-184-84-112-4-190-10-177-54-48-160-34-146-22-18-108-69-159-181-42-5-41-193-115-139-68-46-0"
45,72076,100,23636,95712,7,"97-1-101-75-86-26-100-53-154-70-135-180-94-63-79-133-51-118-59-115-46-68-139-193-41-5-42-181-159-69-108-18-22-146-34-160-48-54-177-184-43-116-65-149-123-127-162-151-80-176-137-0-117-143-183-89-23-186-114-15-148-9-62-102-144-14-49-178-106-165-39-95-7-164-58-27-90-81-196-40-185-52-55-57-129-92-179-145-78-31-56-113-175-171-16-25-44-120-2-152"
46,71143,100,23365,94508,6,"44-120-82-92-57-129-2-152-97-1-101-75-86-26-100-53-154-70-135-180-94-63-79-133-51-118-59-115-46-68-139-193-41-5-42-181-159-69-108-18-22-146-34-160-48-54-177-10-190-4-112-84-184-43-116-65-149-123-127-162-151-80-176-137-0-117-143-183-89-23-186-114-15-148-9-62-102-144-14-49-178-106-52-55-185-40-165-90-81-196-179-145-78-31-56-113-175-171-16-25"
47,71740,100,23556,95296,6,"95-164-7-21-14-144-15-114-186-23-89-183-143-117-0-137-176-80-151-162-123-149-65-116-43-184-177-54-48-160-34-146-22-18-108-69-159-181-42-5-41-193-139-68-46-115-59-118-51-133-79-63-180-135-70-154-53-121-100-26-86-75-101-1-97-152-94-124-148-9-62-102-49-178-106-52-55-57-92-129-2-120-44-25-16-171-175-113-56-31-78-145-179-196-81-40-185-165-90-27"
48,72313,100,23873,96186,6,"52-185-40-196-81-90-27-58-164-7-95-39-165-106-178-49-14-144-102-62-9-148-15-114-186-23-89-183-143-117-0-137-176-80-151-162-127-123-149-65-116-43-184-177-54-48-160-34-146-22-18-108-69-159-181-42-5-41-193-139-68-46-115-59-118-51-133-79-63-94-180-135-70-154-53-86-75-100-26-97-101-1-152-2-120-44-25-16-171-175-113-56-31-78-145-179-92-129-57-55"
49,71143,100,23365,94508,6,"16-25-44-120-82-92-57-129-2-152-97-1-101-75-86-26-100-53-154-70-135-180-94-63-79-133-51-118-59-115-46-68-139-193-41-5-42-181-159-69-108-18-22-146-34-160-48-54-177-10-190-4-112-84-184-43-116-65-149-123-127-162-151-80-176-137-0-117-143-183-89-23-186-114-15-148-9-62-102-144-14-49-178-106-52-55-185-40-165-90-81-196-179-145-78-31-56-113-175-171"
50,71806,100,23307,95113,9,"167-124-94-152-97-1-101-75-86-26-100-121-53-158-154-70-135-180-63-79-133-51-118-59-115-46-68-139-193-41-5-42-181-159-69-108-18-22-146-34-160-48-54-177-10-184-43-116-65-149-123-127-162-151-80-176-137-0-117-143-183-89-23-186-114-15-144-14-138-185-40-165-90-81-196-179-145-78-31-56-113-175-171-16-25-44-120-2-129-92-57-55-52-106-178-49-102-62-9-148"
51,71918,100,23668,95586,11,"68-139-193-41-5-42-181-159-69-108-18-22-146-34-160-48-54-177-10-190-4-112-184-43-116-65-149-123-127-162-151-133-135-70-154-180-53-121-100-26-86-75-44-25-16-171-175-113-56-31-78-145-179-196-81-90-165-40-185-106-178-3-14-144-62-9-148-102-49-52-55-57-92-129-82-120-2-101-1-97-152-124-94-63-79-80-176-137-51-118-59-115-46-0-89-183-143-117-93-140"
52,71143,100,23365,94508,5,"196-81-90-165-40-185-55-52-106-178-49-14-144-102-62-9-148-15-114-186-23-89-183-143-117-0-137-176-80-151-162-127-123-149-65-116-43-184-84-112-4-190-10-177-54-48-160-34-146-22-18-108-69-159-181-42-5-41-193-139-68-46-115-59-118-51-133-79-63-94-180-135-70-154-53-100-26-86-75-101-1-97-152-2-129-57-92-82-120-44-25-16-171-175-113-56-31-78-145-179"
53,71550,100,23080,94630,7,"9-62-102-49-178-106-52-55-57-92-129-2-120-44-25-16-171-175-113-56-31-78-145-179-196-81-90-165-40-185-138-14-144-15-114-186-23-89-183-143-117-0-137-176-80-151-162-127-123-149-65-116-43-184-190-10-177-54-48-160-34-146-22-18-108-69-159-181-42-5-41-193-139-68-46-115-59-118-51-133-79-63-180-135-70-154-158-53-121-100-26-86-75-101-1-97-152-94-124-148"
54,70715,100,22215,92930,11,"160-34-146-22-18-108-69-159-181-42-5-41-193-139-115-46-68-140-93-117-0-143-183-89-186-23-137-176-80-79-63-94-124-152-97-1-101-2-120-82-129-92-57-55-52-49-102-148-9-62-144-14-3-178-106-185-40-165-90-81-196-179-145-78-31-56-113-175-171-16-25-44-75-86-26-100-121-53-180-154-135-70-127-123-162-133-151-51-118-59-65-116-43-184-84-190-10-177-54-48"
55,71143,100,23365,94508,6,"44-120-82-92-57-129-2-152-97-1-101-75-86-26-100-53-154-70-135-180-94-63-79-133-51-118-59-115-46-68-139-193-41-5-42-181-159-69-108-18-22-146-34-160-48-54-177-10-190-4-112-84-184-43-116-65-149-123-127-162-151-80-176-137-0-117-143-183-89-23-186-114-15-148-9-62-102-144-14-49-178-106-52-55-185-40-165-90-81-196-179-145-78-31-56-113-175-171-16-25"
56,72158,100,23845,96003,7,"21-144-15-114-186-23-89-183-143-117-0-137-176-80-151-162-127-123-149-65-116-43-184-10-177-54-48-160-34-146-22-18-108-69-159-181-42-5-41-193-139-68-46-115-59-118-51-133-79-63-180-135-70-154-158-53-121-100-26-86-75-101-1-97-152-94-124-148-9-62-102-49-178-106-52-55-57-92-129-2-120-44-25-16-171-175-113-56-31-78-145-179-196-81-90-165-40-185-138-14"
57,71439,100,22883,94322,12,"29-127-123-149-65-43-116-59-118-51-151-133-162-135-70-154-180-53-121-100-26-86-75-44-25-16-171-175-113-56-31-78-145-179-196-81-90-165-40-185-106-178-3-14-144-62-9-148-102-49-52-55-57-92-129-120-2-101-1-97-152-124-94-63-79-80-176-137-23-89-183-143-0-117-93-140-68-46-115-139-193-41-42-181-159-69-108-18-22-146-34-160-48-54-177-184-35-84-4-112"
58,71602,100,22903,94505,15,"154-180-158-53-121-100-26-86-75-44-25-16-171-175-113-56-31-78-145-179-196-81-90-165-40-185-106-178-3-14-144-62-9-148-102-49-52-55-57-92-129-82-120-2-101-1-97-152-124-94-63-79-133-162-151-51-80-176-137-23-186-89-183-143-117-0-46-68-139-193-41-5-42-181-159-69-108-18-22-146-34-160-48-54-177-10-190-84-184-43-115-118-59-116-65-149-123-127-70-135"
59,71143,100,23365,94508,5,"175-113-56-31-78-145-179-196-81-90-165-40-185-55-52-106-178-49-14-144-102-62-9-148-15-114-186-23-89-183-143-117-0-137-176-80-151-162-127-123-149-65-116-43-184-84-112-4-190-10-177-54-48-160-34-146-22-18-108-69-159-181-42-5-41-193-139-68-46-115-59-118-51-133-79-63-94-180-135-70-154-53-100-26-86-75-101-1-97-152-2-129-57-92-82-120-44-25-16-171"
60,70337,100,22237,92574,10,"51-151-133-162-123-127-70-135-154-180-53-121-100-26-86-75-44-25-16-171-175-113-56-31-78-145-179-196-81-90-165-40-185-106-178-3-14-144-62-9-148-102-49-52-55-57-92-129-82-120-2-101-1-97-152-124-94-63-79-80-176-137-23-186-89-183-143-117-0-46-68-139-115-41-193-159-69-108-18-22-146-181-34-160-48-54-177-10-190-4-112-84-35-184-42-43-116-65-59-118"
61,70337,100,22237,92574,9,"118-59-65-116-43-42-184-35-84-112-4-190-10-177-54-48-160-34-181-146-22-18-108-69-159-193-41-115-139-68-46-0-117-143-183-89-186-23-137-176-80-79-63-94-124-152-97-1-101-2-120-82-129-92-57-55-52-49-102-148-9-62-144-14-3-178-106-185-40-165-90-81-196-179-145-78-31-56-113-175-171-16-25-44-75-86-26-100-121-53-180-154-135-70-127-123-162-133-151-51"
62,70413,100,22440,92853,14,"116-65-149-59-118-51-151-133-162-123-127-70-135-154-180-53-121-100-26-86-75-44-25-16-171-175-113-56-31-78-145-179-196-81-90-165-40-185-106-178-3-14-144-62-9-148-102-49-52-55-57-92-129-82-120-2-101-1-97-152-124-94-63-79-80-176-137-23-186-89-183-143-117-0-46-68-139-115-41-193-159-69-108-18-22-146-181-34-160-48-54-177-10-190-4-112-84-184-42-43"
63,70255,100,22342,92597,14,"190-10-177-54-48-34-160-42-181-146-22-18-108-69-159-193-41-139-115-46-68-140-93-117-0-143-183-89-23-137-176-80-79-63-94-124-152-97-1-101-2-120-129-92-57-55-52-49-102-148-9-62-144-14-3-178-106-185-40-165-90-81-196-179-145-78-31-56-113-175-171-16-25-44-75-86-26-100-121-53-180-154-135-70-127-123-162-133-151-51-118-59-65-116-43-184-35-84-112-4"
64,71699,100,23449,95148,14,"69-18-22-146-159-193-41-139-115-5-42-181-34-160-48-54-177-10-190-4-112-184-43-116-65-149-123-127-162-151-133-135-70-154-180-53-121-100-26-86-75-44-25-16-171-175-113-56-31-78-145-179-196-81-90-165-40-185-106-178-3-14-144-62-9-148-102-49-52-55-57-92-129-82-120-2-101-1-97-152-124-94-63-79-80-176-137-51-59-118-46-68-0-89-183-143-117-93-140-108"
65,71643,100,23095,94738,7,"178-49-14-144-102-62-9-148-15-114-186-23-89-183-143-117-0-137-176-80-151-162-127-123-149-65-116-43-184-190-10-177-54-48-160-34-146-22-18-108-69-159-181-42-5-41-193-139-68-46-115-59-118-51-133-79-63-180-135-70-154-158-53-121-94-124-152-97-1-101-26-100-86-75-2-129-57-92-82-120-44-25-16-171-175-113-56-31-78-145-179-196-81-90-165-40-185-55-52-106"
66,71545,100,22823,94368,7,"189-121-53-158-154-70-135-180-63-79-80-176-51-151-133-162-127-123-149-59-65-116-43-42-184-84-190-10-177-54-48-160-34-181-146-22-18-108-69-159-193-41-115-139-68-46-0-117-143-183-89-23-137-186-114-15-9-62-144-14-138-185-40-165-90-81-196-179-145-78-31-56-113-175-171-16-25-44-120-75-86-100-26-101-1-97-152-2-129-92-57-55-52-106-178-49-102-148-124-94"
67,72022,100,23028,95050,7,"37-9-62-102-49-178-106-52-55-57-92-129-2-120-44-25-16-171-175-113-56-31-78-145-179-196-81-90-165-40-185-138-14-144-15-114-186-23-89-183-143-117-0-137-176-80-151-162-127-123-149-65-116-43-184-177-54-48-160-34-146-22-18-108-69-159-181-42-5-41-193-139-68-46-115-59-118-51-133-79-63-180-135-70-154-158-53-121-100-26-86-75-101-1-97-152-94-124-167-148"
68,71068,100,22993,94061,8,"124-94-152-97-1-101-75-86-26-100-121-53-158-154-70-135-180-63-79-80-176-51-151-133-162-127-123-149-59-65-116-43-42-184-112-4-190-10-177-54-48-160-34-181-146-22-18-108-69-159-193-41-115-139-68-46-0-117-143-183-89-23-137-186-114-15-9-62-144-14-138-185-40-165-90-81-196-179-145-78-31-56-113-175-171-16-25-44-120-2-129-92-57-55-52-106-178-49-102-148"
69,72022,100,23028,95050,5,"37-9-62-102-49-178-106-52-55-57-92-129-2-120-44-25-16-171-175-113-56-31-78-145-179-196-81-90-165-40-185-138-14-144-15-114-186-23-89-183-143-117-0-137-176-80-151-162-127-123-149-65-116-43-184-177-54-48-160-34-146-22-18-108-69-159-181-42-5-41-193-139-68-46-115-59-118-51-133-79-63-180-135-70-154-158-53-121-100-26-86-75-101-1-97-152-94-124-167-148"
70,71705,100,23391,95096,1,"195-146-22-18-108-69-159-193-41-139-68-140-93-117-143-183-89-0-46-115-59-118-51-137-176-80-79-63-94-124-152-97-1-101-2-120-82-129-92-57-55-52-49-102-148-9-62-144-14-3-178-106-185-40-165-90-81-196-179-145-78-31-56-113-175-171-16-25-44-75-86-26-100-121-53-180-154-70-135-133-151-162-127-123-149-65-116-43-42-184-112-4-190-10-177-54-48-160-34-181"
71,70687,100,22482,93169,15,"53-121-100-26-86-75-44-25-16-171-175-113-56-31-78-145-179-196-81-90-165-40-185-106-178-3-14-144-62-9-148-102-49-52-55-57-92-129-82-120-2-101-1-97-152-124-94-63-79-80-176-137-23-186-89-183-143-117-0-46-68-139-115-193-41-5-42-181-159-69-108-18-22-146-34-160-48-54-177-10-190-4-112-84-184-43-116-65-59-118-51-151-133-162-123-127-70-135-154-180"
72,71439,100,22883,94322,15,"29-127-123-149-65-43-116-59-118-51-151-133-162-135-70-154-180-53-121-100-26-86-75-44-25-16-171-175-113-56-31-78-145-179-196-81-90-165-40-185-106-178-3-14-144-62-9-148-102-49-52-55-57-92-129-120-2-101-1-97-152-124-94-63-79-80-176-137-23-89-183-143-0-117-93-140-68-46-115-139-193-41-42-181-159-69-108-18-22-146-34-160-48-54-177-184-35-84-4-112"
73,71961,100,23153,95114,12,"62-15-114-186-23-89-183-143-117-0-137-176-80-151-162-127-123-149-65-116-43-184-10-177-54-48-160-34-146-22-18-108-69-159-181-42-5-41-193-139-68-46-115-59-118-51-133-79-63-180-135-70-154-158-53-121-100-26-86-75-101-1-97-152-94-124-148-37-9-102-49-178-106-52-55-57-92-129-2-120-44-25-16-171-175-113-56-31-78-145-179-196-81-90-165-40-185-138-14-144"
74,71143,100,23365,94508,4,"171-175-113-56-31-78-145-179-196-81-90-165-40-185-55-52-106-178-49-14-144-102-62-9-148-15-114-186-23-89-183-143-117-0-137-176-80-151-162-127-123-149-65-116-43-184-84-112-4-190-10-177-54-48-160-34-146-22-18-108-69-159-181-42-5-41-193-139-68-46-115-59-118-51-133-79-63-94-180-135-70-154-53-100-26-86-75-101-1-97-152-2-129-57-92-82-120-44-25-16"
75,72085,100,23796,95881,0,"44-120-82-2-152-97-1-101-75-86-26-100-53-154-70-135-180-94-63-79-133-51-118-59-115-46-68-139-193-41-5-42-181-159-69-108-18-22-146-34-160-48-54-177-184-43-116-65-149-123-127-162-151-80-176-137-0-117-143-183-89-23-186-114-15-148-9-62-102-144-14-49-178-106-165-39-95-7-164-27-90-81-196-40-185-52-55-57-129-92-179-145-78-31-56-113-175-171-16-25"
76,71825,100,23641,95466,20,"164-7-21-144-15-114-186-23-89-183-143-117-0-137-176-80-151-162-123-149-65-116-43-184-177-54-48-160-34-146-22-18-108-69-159-181-42-5-41-193-139-68-46-115-59-118-51-133-79-63-180-135-70-154-53-121-100-26-86-75-101-1-97-152-94-124-148-9-62-102-49-14-178-106-52-55-57-92-129-2-120-44-25-16-171-175-113-56-31-78-145-179-196-81-40-185-165-90-27-95"
77,70870,100,22897,93767,9,"149-123-127-162-59-118-51-151-133-135-70-154-180-53-121-100-26-86-75-44-25-16-171-175-113-56-31-78-145-179-196-81-90-165-40-185-106-178-3-14-144-62-9-148-102-49-52-55-57-92-129-82-120-2-101-1-97-152-124-94-63-79-80-176-137-23-186-89-183-143-117-0-46-68-139-115-41-193-159-69-108-18-22-146-181-34-160-48-54-177-10-190-4-112-84-184-42-43-116-65"
78,72128,100,23150,95278,8,"199-22-146-159-193-41-139-115-5-42-181-34-160-48-54-177-10-190-84-184-43-116-65-149-123-127-162-151-133-135-70-154-180-53-121-100-26-86-75-44-25-16-171-175-113-56-31-78-145-179-196-81-90-165-40-185-106-178-3-14-144-62-9-148-102-49-52-55-57-92-129-82-120-2-101-1-97-152-124-94-63-79-80-176-137-51-59-118-46-68-0-89-183-143-117-93-140-108-69-18"
79,71143,100,23365,94508,7,"171-175-113-56-31-78-145-179-196-81-90-165-40-185-55-52-106-178-49-14-144-102-62-9-148-15-114-186-23-89-183-143-117-0-137-176-80-151-162-127-123-149-65-116-43-184-84-112-4-190-10-177-54-48-160-34-146-22-18-108-69-159-181-42-5-41-193-139-68-46-115-59-118-51-133-79-63-94-180-135-70-154-53-100-26-86-75-101-1-97-152-2-129-57-92-82-120-44-25-16"
80,70441,100,22062,92503,16,"198-115-139-41-193-159-69-108-18-22-146-181-34-160-48-54-177-10-190-4-112-84-184-42-43-116-65-59-118-51-151-133-162-123-127-70-135-154-180-53-121-100-26-86-75-44-25-16-171-175-113-56-31-78-145-179-196-81-90-165-40-185-106-178-3-14-144-62-9-148-102-49-52-55-57-92-129-82-120-2-101-1-97-152-124-94-63-79-80-176-137-23-186-89-183-143-0-117-68-46"
81,71918,100,23668,95586,12,"115-59-118-51-137-176-80-79-63-94-124-152-97-1-101-2-120-82-129-92-57-55-52-49-102-148-9-62-144-14-3-178-106-185-40-165-90-81-196-179-145-78-31-56-113-175-171-16-25-44-75-86-26-100-121-53-180-154-70-135-133-151-162-127-123-149-65-116-43-184-112-4-190-10-177-54-48-160-34-146-22-18-108-69-159-181-42-5-41-193-139-68-140-93-117-143-183-89-0-46"
82,71143,100,23365,94508,6,"171-175-113-56-31-78-145-179-196-81-90-165-40-185-55-52-106-178-49-14-144-102-62-9-148-15-114-186-23-89-183-143-117-0-137-176-80-151-162-127-123-149-65-116-43-184-84-112-4-190-10-177-54-48-160-34-146-22-18-108-69-159-181-42-5-41-193-139-68-46-115-59-118-51-133-79-63-94-180-135-70-154-53-100-26-86-75-101-1-97-152-2-129-57-92-82-120-44-25-16"
83,71455,100,23355,94810,11,"181-146-22-18-108-69-159-193-41-139-68-140-93-117-143-183-89-0-46-115-59-118-51-137-176-80-79-63-94-124-152-97-1-101-2-120-82-129-92-57-55-52-49-102-148-9-62-144-14-3-178-106-185-40-165-90-81-196-179-145-78-31-56-113-175-171-16-25-44-75-86-26-100-121-53-180-154-70-135-133-151-162-127-123-149-65-116-43-42-184-84-112-4-190-10-177-54-48-160-34"
84,70961,100,22532,93493,17,"53-121-100-26-86-75-44-25-16-171-175-113-56-31-78-145-179-196-81-90-165-40-185-106-178-3-14-144-62-9-148-102-49-52-55-57-92-129-82-120-2-101-1-97-152-124-94-63-79-80-176-137-23-186-89-183-143-117-0-46-68-139-115-193-41-5-42-181-159-69-108-18-22-146-34-160-48-54-177-10-190-4-112-184-43-116-65-59-118-51-151-133-162-123-127-70-135-154-180-158"
85,71304,100,23181,94485,9,"135-154-180-53-121-100-26-86-75-44-25-16-171-175-113-56-31-78-145-179-196-81-90-165-40-185-106-178-3-14-144-62-9-148-102-49-52-55-57-92-129-82-120-2-101-1-97-152-124-94-63-79-133-162-151-51-80-176-137-23-186-89-183-143-117-0-46-68-139-193-41-5-42-181-159-69-108-18-22-146-34-160-48-54-177-10-190-4-112-184-43-115-118-59-116-65-149-123-127-70"
86,71143,100,23365,94508,7,"16-25-44-120-82-92-57-129-2-152-97-1-101-75-86-26-100-53-154-70-135-180-94-63-79-133-51-118-59-115-46-68-139-193-41-5-42-181-159-69-108-18-22-146-34-160-48-54-177-10-190-4-112-84-184-43-116-65-149-123-127-162-151-80-176-137-0-117-143-183-89-23-186-114-15-148-9-62-102-144-14-49-178-106-52-55-185-40-165-90-81-196-179-145-78-31-56-113-175-171"
87,71918,100,23668,95586,15,"140-93-117-143-183-89-0-46-115-59-118-51-137-176-80-79-63-94-124-152-97-1-101-2-120-82-129-92-57-55-52-49-102-148-9-62-144-14-3-178-106-185-40-165-90-81-196-179-145-78-31-56-113-175-171-16-25-44-75-86-26-100-121-53-180-154-70-135-133-151-162-127-123-149-65-116-43-184-112-4-190-10-177-54-48-160-34-146-22-18-108-69-159-181-42-5-41-193-139-68"
88,71334,100,23497,94831,4,"152-97-1-101-75-86-26-100-53-154-70-135-180-94-63-79-80-176-51-151-133-162-127-123-149-59-65-116-43-42-184-112-4-190-10-177-54-48-160-34-181-146-22-18-108-69-159-193-41-115-139-68-46-0-117-143-183-89-186-23-137-148-9-62-102-144-14-49-178-106-165-39-95-7-164-58-27-90-81-196-40-185-52-55-57-129-92-179-145-78-31-56-113-175-171-16-25-44-120-2"
89,72192,100,23752,95944,15,"75-101-1-152-97-26-100-86-53-154-70-135-180-94-63-79-133-51-118-59-115-46-68-139-193-41-5-42-181-159-69-108-18-22-146-34-160-48-54-177-184-43-116-65-149-123-127-162-151-80-176-137-0-117-143-183-89-23-186-114-15-148-9-62-102-144-14-49-178-106-165-39-95-7-164-58-27-90-81-196-40-185-52-55-57-129-92-179-145-78-31-56-113-175-171-16-25-44-120-2"
90,70991,100,22931,93922,15,"131-149-123-127-162-59-118-51-151-133-135-70-154-180-53-121-100-26-86-75-44-25-16-171-175-113-56-31-78-145-179-196-81-90-165-40-185-106-178-3-14-144-62-9-148-102-49-52-55-57-92-129-82-120-2-101-1-97-152-124-94-63-79-80-176-137-23-186-89-183-143-117-0-46-68-139-115-41-193-159-69-108-18-22-146-181-34-160-48-54-177-10-190-4-112-184-42-43-116-65"
91,71458,100,22736,94194,0,"189-152-97-1-101-75-86-26-100-121-53-158-154-70-135-180-63-79-80-176-51-151-133-162-127-123-149-59-65-116-43-42-184-84-190-10-177-54-48-160-34-181-146-22-18-108-69-159-193-41-115-139-68-46-0-117-143-183-89-23-137-186-114-15-9-62-144-14-138-185-40-165-90-81-196-179-145-78-31-56-113-175-171-16-25-44-120-2-129-92-57-55-52-106-178-49-102-148-124-94"
92,70687,100,22482,93169,16,"183-143-117-0-46-68-139-115-193-41-5-42-181-159-69-108-18-22-146-34-160-48-54-177-10-190-4-112-84-184-43-116-65-59-118-51-151-133-162-123-127-70-135-154-180-53-121-100-26-86-75-44-25-16-171-175-113-56-31-78-145-179-196-81-90-165-40-185-106-178-3-14-144-62-9-148-102-49-52-55-57-92-129-82-120-2-101-1-97-152-124-94-63-79-80-176-137-23-186-89"
93,71143,100,23365,94508,0,"113-56-31-78-145-179-196-81-90-165-40-185-55-52-106-178-49-14-144-102-62-9-148-15-114-186-23-89-183-143-117-0-137-176-80-151-162-127-123-149-65-116-43-184-84-112-4-190-10-177-54-48-160-34-146-22-18-108-69-159-181-42-5-41-193-139-68-46-115-59-118-51-133-79-63-94-180-135-70-154-53-100-26-86-75-101-1-97-152-2-129-57-92-82-120-44-25-16-171-175"
94,71699,100,23449,95148,16,"146-159-193-41-139-115-5-42-181-34-160-48-54-177-10-190-4-112-184-43-116-65-149-123-127-162-151-133-135-70-154-180-53-121-100-26-86-75-44-25-16-171-175-113-56-31-78-145-179-196-81-90-165-40-185-106-178-3-14-144-62-9-148-102-49-52-55-57-92-129-82-120-2-101-1-97-152-124-94-63-79-80-176-137-51-59-118-46-68-0-89-183-143-117-93-140-108-69-18-22"
95,70855,100,22426,93281,31,"53-121-100-26-97-1-101-86-75-44-25-16-171-175-113-56-31-78-145-179-196-81-90-165-40-185-106-178-3-14-144-62-9-148-102-49-52-55-57-92-129-82-120-2-152-124-94-63-79-80-176-137-23-186-89-183-143-117-0-46-68-139-115-193-41-5-42-181-159-69-108-18-22-146-34-160-48-54-177-10-190-4-112-184-43-116-65-59-118-51-151-133-162-123-127-70-135-154-180-158"
96,71647,100,23417,95064,4,"162-127-123-149-59-115-116-65-43-184-84-112-4-190-10-177-54-48-160-34-146-22-18-108-69-159-181-42-5-41-193-139-68-46-0-117-143-183-89-186-23-137-51-176-80-79-63-94-124-152-97-1-101-2-120-82-129-92-57-55-52-49-102-148-9-62-144-14-3-178-106-185-40-165-90-81-196-179-145-78-31-56-113-175-171-16-25-44-75-86-26-100-121-53-180-154-70-135-133-151"
97,71550,100,23080,94630,15,"144-15-114-186-23-89-183-143-117-0-137-176-80-151-162-127-123-149-65-116-43-184-190-10-177-54-48-160-34-146-22-18-108-69-159-181-42-5-41-193-139-68-46-115-59-118-51-133-79-63-180-135-70-154-158-53-121-100-26-86-75-101-1-97-152-94-124-148-9-62-102-49-178-106-52-55-57-92-129-2-120-44-25-16-171-175-113-56-31-78-145-179-196-81-90-165-40-185-138-14"
98,72335,100,23167,95502,16,"36-140-93-117-143-183-89-0-68-46-115-59-118-51-137-176-80-79-63-94-124-152-97-1-101-2-120-82-129-92-57-55-52-49-102-148-9-62-144-14-3-178-106-185-40-165-90-81-196-179-145-78-31-56-113-175-171-16-25-44-75-86-26-100-121-53-180-154-70-135-133-151-162-127-123-149-65-116-43-184-84-190-10-177-54-48-160-34-181-42-5-139-41-193-159-146-22-18-69-108"
99,71918,100,23668,95586,0,"46-115-59-118-51-137-176-80-79-63-94-124-152-97-1-101-2-120-82-129-92-57-55-52-49-102-148-9-62-144-14-3-178-106-185-40-165-90-81-196-179-145-78-31-56-113-175-171-16-25-44-75-86-26-100-121-53-180-154-70-135-133-151-162-127-123-149-65-116-43-184-112-4-190-10-177-54-48-160-34-146-22-18-108-69-159-181-42-5-41-193-139-68-140-93-117-143-183-89-0"
100,71699,100,23449,95148,20,"69-18-22-146-159-193-41-139-115-5-42-181-34-160-48-54-177-10-190-4-112-184-43-116-65-149-123-127-162-151-133-135-70-154-180-53-121-100-26-86-75-44-25-16-171-175-113-56-31-78-145-179-196-81-90-165-40-185-106-178-3-14-144-62-9-148-102-49-52-55-57-92-129-82-120-2-101-1-97-152-124-94-63-79-80-176-137-51-59-118-46-68-0-89-183-143-117-93-140-108"
101,70842,100,22297,93139,4,"35-43-116-65-59-118-51-151-133-162-123-127-70-135-154-180-53-121-100-26-86-75-44-25-16-171-175-113-56-31-78-145-179-196-81-90-165-40-185-106-178-3-14-144-62-9-148-102-49-52-55-57-92-129-82-120-2-101-1-97-152-124-94-63-79-80-176-137-23-186-89-183-143-0-117-93-140-68-46-115-139-193-41-5-42-181-159-69-108-18-22-146-34-160-48-54-177-10-190-184"
102,71918,100,23668,95586,15,"139-193-41-5-42-181-159-69-108-18-22-146-34-160-48-54-177-10-190-4-112-184-43-116-65-149-123-127-162-151-133-135-70-154-180-53-121-100-26-86-75-44-25-16-171-175-113-56-31-78-145-179-196-81-90-165-40-185-106-178-3-14-144-62-9-148-102-49-52-55-57-92-129-82-120-2-101-1-97-152-124-94-63-79-80-176-137-51-118-59-115-46-0-89-183-143-117-93-140-68"
103,71068,100,22993,94061,9,"26-100-121-53-158-154-70-135-180-63-79-80-176-51-151-133-162-127-123-149-59-65-116-43-42-184-112-4-190-10-177-54-48-160-34-181-146-22-18-108-69-159-193-41-115-139-68-46-0-117-143-183-89-23-137-186-114-15-9-62-144-14-138-185-40-165-90-81-196-179-145-78-31-56-113-175-171-16-25-44-120-2-129-92-57-55-52-106-178-49-102-148-124-94-152-97-1-101-75-86"
104,71918,100,23668,95586,8,"115-59-118-51-137-176-80-79-63-94-124-152-97-1-101-2-120-82-129-92-57-55-52-49-102-148-9-62-144-14-3-178-106-185-40-165-90-81-196-179-145-78-31-56-113-175-171-16-25-44-75-86-26-100-121-53-180-154-70-135-133-151-162-127-123-149-65-116-43-184-112-4-190-10-177-54-48-160-34-146-22-18-108-69-159-181-42-5-41-193-139-68-140-93-117-143-183-89-0-46"
105,71143,100,23365,94508,0,"113-56-31-78-145-179-196-81-90-165-40-185-55-52-106-178-49-14-144-102-62-9-148-15-114-186-23-89-183-143-117-0-137-176-80-151-162-127-123-149-65-116-43-184-84-112-4-190-10-177-54-48-160-34-146-22-18-108-69-159-181-42-5-41-193-139-68-46-115-59-118-51-133-79-63-94-180-135-70-154-53-100-26-86-75-101-1-97-152-2-129-57-92-82-120-44-25-16-171-175"
106,70422,100,22330,92752,16,"30-54-48-160-34-181-146-22-18-108-69-159-193-41-139-115-46-68-140-93-117-0-143-183-89-186-23-137-176-80-79-63-94-124-152-97-1-101-2-120-82-129-92-57-55-52-49-102-148-9-62-144-14-3-178-106-185-40-165-90-81-196-179-145-78-31-56-113-175-171-16-25-44-75-86-26-100-121-53-180-154-135-70-127-123-162-133-151-51-118-59-65-116-43-42-184-112-4-10-177"
107,70679,100,22115,92794,16,"177-54-48-34-160-42-181-195-146-22-18-108-69-159-193-41-139-115-46-68-140-93-117-0-143-183-89-186-23-137-176-80-79-63-94-124-152-97-1-101-2-120-82-129-92-57-55-52-49-102-148-9-62-144-14-3-178-106-185-40-165-90-81-196-179-145-78-31-56-113-175-171-16-25-44-75-86-26-100-121-53-180-154-135-70-127-123-162-133-151-51-118-59-65-116-43-184-84-190-10"
108,70687,100,22482,93169,20,"59-65-116-43-184-84-112-4-190-10-177-54-48-160-34-146-22-18-108-69-159-181-42-5-41-193-115-139-68-46-0-117-143-183-89-186-23-137-176-80-79-63-94-124-152-97-1-101-2-120-82-129-92-57-55-52-49-102-148-9-62-144-14-3-178-106-185-40-165-90-81-196-179-145-78-31-56-113-175-171-16-25-44-75-86-26-100-121-53-180-154-135-70-127-123-162-133-151-51-118"
109,71483,100,22837,94320,13,"39-90-27-95-164-7-21-14-49-102-144-62-9-148-15-114-186-137-23-89-183-143-117-0-46-68-139-115-41-193-159-69-108-18-22-146-181-34-160-48-54-177-10-190-184-42-43-116-65-59-149-123-127-162-133-151-51-176-80-79-63-94-180-135-70-154-158-53-121-100-26-86-75-101-1-97-152-2-120-44-25-16-171-175-113-56-31-78-145-179-92-129-57-55-52-178-106-185-40-165"
110,71058,100,22762,93820,27,"114-89-183-143-117-0-46-68-139-115-193-41-5-42-181-159-69-108-18-22-146-34-160-48-54-177-10-190-4-112-184-43-116-65-59-118-51-151-133-162-123-127-70-135-154-180-53-121-100-26-86-75-44-25-16-171-175-113-56-31-78-145-179-196-81-90-165-40-185-106-178-3-14-144-62-9-148-102-49-52-55-57-92-129-82-120-2-101-1-97-152-124-94-63-79-80-176-137-23-186"
111,71550,100,23597,95147,18,"78-157-31-56-113-175-171-16-25-44-120-82-92-57-129-2-152-97-1-101-75-86-26-100-53-154-70-135-180-94-63-79-133-51-118-59-115-46-68-139-193-41-5-42-181-159-69-108-18-22-146-34-160-48-54-177-10-190-4-112-184-43-116-65-149-123-127-162-151-80-176-137-0-117-143-183-89-23-186-114-15-148-9-62-102-144-14-49-178-106-52-55-185-40-165-90-81-196-179-145"
112,70687,100,22482,93169,20,"186-89-183-143-117-0-46-68-139-115-193-41-5-42-181-159-69-108-18-22-146-34-160-48-54-177-10-190-4-112-84-184-43-116-65-59-118-51-151-133-162-123-127-70-135-154-180-53-121-100-26-86-75-44-25-16-171-175-113-56-31-78-145-179-196-81-90-165-40-185-106-178-3-14-144-62-9-148-102-49-52-55-57-92-129-82-120-2-101-1-97-152-124-94-63-79-80-176-137-23"
113,70413,100,22440,92853,20,"116-65-149-59-118-51-151-133-162-123-127-70-135-154-180-53-121-100-26-86-75-44-25-16-171-175-113-56-31-78-145-179-196-81-90-165-40-185-106-178-3-14-144-62-9-148-102-49-52-55-57-92-129-82-120-2-101-1-97-152-124-94-63-79-80-176-137-23-186-89-183-143-117-0-46-68-139-115-41-193-159-69-108-18-22-146-181-34-160-48-54-177-10-190-4-112-84-184-42-43"
114,71455,100,23355,94810,14,"181-146-22-18-108-69-159-193-41-139-68-140-93-117-143-183-89-0-46-115-59-118-51-137-176-80-79-63-94-124-152-97-1-101-2-120-82-129-92-57-55-52-49-102-148-9-62-144-14-3-178-106-185-40-165-90-81-196-179-145-78-31-56-113-175-171-16-25-44-75-86-26-100-121-53-180-154-70-135-133-151-162-127-123-149-65-116-43-42-184-84-112-4-190-10-177-54-48-160-34"
115,71806,100,23307,95113,20,"167-124-94-152-97-1-101-75-86-26-100-121-53-158-154-70-135-180-63-79-133-51-118-59-115-46-68-139-193-41-5-42-181-159-69-108-18-22-146-34-160-48-54-177-10-184-43-116-65-149-123-127-162-151-80-176-137-0-117-143-183-89-23-186-114-15-144-14-138-185-40-165-90-81-196-179-145-78-31-56-113-175-171-16-25-44-120-2-129-92-57-55-52-106-178-49-102-62-9-148"
116,71918,100,23034,94952,15,"194-135-70-154-180-53-121-100-26-86-75-44-25-16-171-175-113-56-31-78-145-179-196-81-90-165-40-185-106-178-3-14-144-62-9-148-102-49-52-55-57-92-129-82-120-2-101-1-97-152-124-94-63-79-133-162-151-51-80-176-137-23-186-89-183-143-117-0-46-68-139-193-41-5-42-181-159-69-108-18-22-146-34-160-48-54-177-10-190-84-184-43-115-118-59-116-65-149-123-127"
117,72335,100,23167,95502,19,"36-140-93-117-143-183-89-0-68-46-115-59-118-51-137-176-80-79-63-94-124-152-97-1-101-2-120-82-129-92-57-55-52-49-102-148-9-62-144-14-3-178-106-185-40-165-90-81-196-179-145-78-31-56-113-175-171-16-25-44-75-86-26-100-121-53-180-154-70-135-133-151-162-127-123-149-65-116-43-184-84-190-10-177-54-48-160-34-181-42-5-139-41-193-159-146-22-18-69-108"
118,72260,100,23550,95810,7,"167-2-120-44-25-16-171-175-113-56-31-78-145-179-92-129-57-55-52-185-40-196-81-90-27-39-165-106-178-49-14-144-102-62-9-15-114-186-23-89-183-143-117-0-137-176-80-151-162-127-123-149-65-116-43-184-177-54-48-160-34-146-22-18-108-69-159-181-42-5-41-193-139-68-46-115-59-118-51-133-79-63-180-135-70-154-158-53-121-100-26-86-75-101-1-97-152-94-124-148"
119,71931,100,24180,96111,7,"157-196-185-52-55-57-129-92-179-145-78-31-56-113-175-171-16-25-44-120-2-152-1-101-97-26-100-75-86-53-154-70-135-180-94-63-79-133-51-118-59-115-46-68-139-193-41-5-42-181-159-69-108-18-22-146-34-160-48-54-177-10-190-4-112-84-184-43-116-65-149-123-127-162-151-80-176-137-0-117-143-183-89-23-186-114-15-148-9-62-102-144-14-49-178-106-40-165-90-81"
120,72335,100,23167,95502,17,"36-140-93-117-143-183-89-0-68-46-115-59-118-51-137-176-80-79-63-94-124-152-97-1-101-2-120-82-129-92-57-55-52-49-102-148-9-62-144-14-3-178-106-185-40-165-90-81-196-179-145-78-31-56-113-175-171-16-25-44-75-86-26-100-121-53-180-154-70-135-133-151-162-127-123-149-65-116-43-184-84-190-10-177-54-48-160-34-181-42-5-139-41-193-159-146-22-18-69-108"
121,71886,100,23281,95167,21,"39-165-185-40-90-81-196-179-145-78-31-56-113-175-171-16-25-44-120-2-129-92-57-55-52-106-178-49-102-62-9-148-124-94-152-97-1-101-75-86-26-100-121-53-158-154-70-135-180-63-79-133-51-118-59-115-46-68-139-193-41-5-42-181-159-69-108-18-22-146-34-160-48-54-177-10-184-43-116-65-149-123-127-162-151-80-176-137-0-117-143-183-89-23-186-114-15-144-14-138"
122,71439,100,22883,94322,19,"29-127-123-149-65-43-116-59-118-51-151-133-162-135-70-154-180-53-121-100-26-86-75-44-25-16-171-175-113-56-31-78-145-179-196-81-90-165-40-185-106-178-3-14-144-62-9-148-102-49-52-55-57-92-129-120-2-101-1-97-152-124-94-63-79-80-176-137-23-89-183-143-0-117-93-140-68-46-115-139-193-41-42-181-159-69-108-18-22-146-34-160-48-54-177-184-35-84-4-112"
123,72385,100,23381,95766,4,"179-145-78-31-56-113-175-171-16-25-44-120-82-92-57-129-2-152-97-1-101-75-86-26-100-53-154-70-135-180-94-63-79-133-51-118-59-115-46-68-139-193-41-5-42-181-159-69-108-18-22-146-34-160-48-54-177-184-43-116-65-149-123-162-151-80-176-137-0-117-143-183-89-23-186-114-15-148-9-62-144-14-49-178-106-52-55-185-40-165-39-95-7-164-58-27-90-81-196-157"
124,70687,100,22482,93169,29,"183-143-117-0-46-68-139-115-193-41-5-42-181-159-69-108-18-22-146-34-160-48-54-177-10-190-4-112-84-184-43-116-65-59-118-51-151-133-162-123-127-70-135-154-180-53-121-100-26-86-75-44-25-16-171-175-113-56-31-78-145-179-196-81-90-165-40-185-106-178-3-14-144-62-9-148-102-49-52-55-57-92-129-82-120-2-101-1-97-152-124-94-63-79-80-176-137-23-186-89"
125,70337,100,22237,92574,8,"43-42-184-35-84-112-4-190-10-177-54-48-160-34-181-146-22-18-108-69-159-193-41-115-139-68-46-0-117-143-183-89-186-23-137-176-80-79-63-94-124-152-97-1-101-2-120-82-129-92-57-55-52-49-102-148-9-62-144-14-3-178-106-185-40-165-90-81-196-179-145-78-31-56-113-175-171-16-25-44-75-86-26-100-121-53-180-154-135-70-127-123-162-133-151-51-118-59-65-116"
126,71455,100,23355,94810,15,"159-193-41-139-68-140-93-117-143-183-89-0-46-115-59-118-51-137-176-80-79-63-94-124-152-97-1-101-2-120-82-129-92-57-55-52-49-102-148-9-62-144-14-3-178-106-185-40-165-90-81-196-179-145-78-31-56-113-175-171-16-25-44-75-86-26-100-121-53-180-154-70-135-133-151-162-127-123-149-65-116-43-42-184-84-112-4-190-10-177-54-48-160-34-181-146-22-18-108-69"
127,70255,100,22342,92597,19,"10-177-54-48-34-160-42-181-146-22-18-108-69-159-193-41-139-115-46-68-140-93-117-0-143-183-89-23-137-176-80-79-63-94-124-152-97-1-101-2-120-129-92-57-55-52-49-102-148-9-62-144-14-3-178-106-185-40-165-90-81-196-179-145-78-31-56-113-175-171-16-25-44-75-86-26-100-121-53-180-154-135-70-127-123-162-133-151-51-118-59-65-116-43-184-35-84-112-4-190"
128,72813,100,23800,96613,0,"2-74-152-1-101-97-26-100-75-86-53-154-70-135-180-94-63-79-133-51-118-59-115-46-68-139-193-41-5-42-181-159-69-108-18-22-146-34-160-48-54-177-184-43-116-65-149-123-127-162-151-80-176-137-0-117-143-183-89-23-186-114-15-148-9-62-102-144-14-49-178-106-165-39-95-164-27-90-81-196-40-185-52-55-57-92-179-145-78-31-56-113-175-171-16-25-44-120-82-129"
129,71483,100,22837,94320,20,"39-90-27-95-164-7-21-14-49-102-144-62-9-148-15-114-186-137-23-89-183-143-117-0-46-68-139-115-41-193-159-69-108-18-22-146-181-34-160-48-54-177-10-190-184-42-43-116-65-59-149-123-127-162-133-151-51-176-80-79-63-94-180-135-70-154-158-53-121-100-26-86-75-101-1-97-152-2-120-44-25-16-171-175-113-56-31-78-145-179-92-129-57-55-52-178-106-185-40-165"
130,70687,100,22482,93169,10,"143-183-89-186-23-137-176-80-79-63-94-124-152-97-1-101-2-120-82-129-92-57-55-52-49-102-148-9-62-144-14-3-178-106-185-40-165-90-81-196-179-145-78-31-56-113-175-171-16-25-44-75-86-26-100-121-53-180-154-135-70-127-123-162-133-151-51-118-59-65-116-43-184-84-112-4-190-10-177-54-48-160-34-146-22-18-108-69-159-181-42-5-41-193-115-139-68-46-0-117"
131,71918,100,23668,95586,13,"139-193-41-5-42-181-159-69-108-18-22-146-34-160-48-54-177-10-190-4-112-184-43-116-65-149-123-127-162-151-133-135-70-154-180-53-121-100-26-86-75-44-25-16-171-175-113-56-31-78-145-179-196-81-90-165-40-185-106-178-3-14-144-62-9-148-102-49-52-55-57-92-129-82-120-2-101-1-97-152-124-94-63-79-80-176-137-51-118-59-115-46-0-89-183-143-117-93-140-68"
132,71881,100,23116,94997,8,"189-152-97-1-101-75-86-26-100-121-53-158-154-70-135-180-63-79-133-51-118-59-115-46-68-139-193-41-5-42-181-159-69-108-18-22-146-34-160-48-54-177-10-184-43-116-65-149-123-127-162-151-80-176-137-0-117-143-183-89-23-186-114-15-144-14-138-185-40-165-90-81-196-179-145-78-31-56-113-175-171-16-25-44-120-2-129-92-57-55-52-106-178-49-102-62-9-148-124-94"
133,71032,100,22894,93926,10,"112-127-123-149-65-43-116-59-118-51-151-133-162-135-70-154-180-53-121-100-26-86-75-44-25-16-171-175-113-56-31-78-145-179-196-81-90-165-40-185-106-178-3-14-144-62-9-148-102-49-52-55-57-92-129-120-2-101-1-97-152-124-94-63-79-80-176-137-23-89-183-143-0-117-93-140-68-46-115-139-193-41-5-42-181-159-69-108-18-22-146-34-160-48-54-177-184-35-84-4"
134,70687,100,22482,93169,12,"133-162-123-127-70-135-154-180-53-121-100-26-86-75-44-25-16-171-175-113-56-31-78-145-179-196-81-90-165-40-185-106-178-3-14-144-62-9-148-102-49-52-55-57-92-129-82-120-2-101-1-97-152-124-94-63-79-80-176-137-23-186-89-183-143-117-0-46-68-139-115-193-41-5-42-181-159-69-108-18-22-146-34-160-48-54-177-10-190-4-112-84-184-43-116-65-59-118-51-151"
135,70842,100,22297,93139,13,"35-43-116-65-59-118-51-151-133-162-123-127-70-135-154-180-53-121-100-26-86-75-44-25-16-171-175-113-56-31-78-145-179-196-81-90-165-40-185-106-178-3-14-144-62-9-148-102-49-52-55-57-92-129-82-120-2-101-1-97-152-124-94-63-79-80-176-137-23-186-89-183-143-0-117-93-140-68-46-115-139-193-41-5-42-181-159-69-108-18-22-146-34-160-48-54-177-10-190-184"
136,71643,100,23095,94738,5,"178-49-14-144-102-62-9-148-15-114-186-23-89-183-143-117-0-137-176-80-151-162-127-123-149-65-116-43-184-190-10-177-54-48-160-34-146-22-18-108-69-159-181-42-5-41-193-139-68-46-115-59-118-51-133-79-63-180-135-70-154-158-53-121-94-124-152-97-1-101-26-100-86-75-2-129-57-92-82-120-44-25-16-171-175-113-56-31-78-145-179-196-81-90-165-40-185-55-52-106"
137,71143,100,23365,94508,7,"175-113-56-31-78-145-179-196-81-90-165-40-185-55-52-106-178-49-14-144-102-62-9-148-15-114-186-23-89-183-143-117-0-137-176-80-151-162-127-123-149-65-116-43-184-84-112-4-190-10-177-54-48-160-34-146-22-18-108-69-159-181-42-5-41-193-139-68-46-115-59-118-51-133-79-63-94-180-135-70-154-53-100-26-86-75-101-1-97-152-2-129-57-92-82-120-44-25-16-171"
138,70870,100,22897,93767,8,"149-123-127-162-59-118-51-151-133-135-70-154-180-53-121-100-26-86-75-44-25-16-171-175-113-56-31-78-145-179-196-81-90-165-40-185-106-178-3-14-144-62-9-148-102-49-52-55-57-92-129-82-120-2-101-1-97-152-124-94-63-79-80-176-137-23-186-89-183-143-117-0-46-68-139-115-41-193-159-69-108-18-22-146-181-34-160-48-54-177-10-190-4-112-84-184-42-43-116-65"
139,71143,100,23365,94508,6,"145-78-31-56-113-175-171-16-25-44-120-82-92-57-129-2-152-97-1-101-75-86-26-100-53-154-70-135-180-94-63-79-133-51-118-59-115-46-68-139-193-41-5-42-181-159-69-108-18-22-146-34-160-48-54-177-10-190-4-112-84-184-43-116-65-149-123-127-162-151-80-176-137-0-117-143-183-89-23-186-114-15-148-9-62-102-144-14-49-178-106-52-55-185-40-165-90-81-196-179"
140,72867,100,23931,96798,15,"55-52-106-185-40-196-81-90-165-178-3-49-14-144-102-62-9-15-114-186-23-89-183-143-117-0-137-176-80-151-162-127-123-149-65-116-43-184-177-54-48-160-34-146-22-18-108-69-159-181-42-5-41-193-139-68-46-115-59-118-51-133-79-63-180-135-70-154-158-53-121-100-26-86-75-44-25-16-171-175-113-56-31-78-145-179-57-92-129-82-120-2-101-1-97-152-94-124-148-167"
141,71875,100,23091,94966,7,"27-58-164-7-95-39-165-106-178-14-49-102-144-62-9-148-15-114-186-137-23-89-183-143-117-0-46-68-139-115-41-193-159-69-108-18-22-146-181-34-160-48-54-177-184-42-43-116-65-59-149-123-127-162-133-151-51-176-80-79-63-94-180-135-70-154-158-53-121-100-26-86-75-101-1-97-152-2-120-44-25-16-171-175-113-56-31-78-145-179-92-129-57-55-52-185-40-196-81-90"
142,71740,100,23556,95296,8,"95-164-7-21-14-144-15-114-186-23-89-183-143-117-0-137-176-80-151-162-123-149-65-116-43-184-177-54-48-160-34-146-22-18-108-69-159-181-42-5-41-193-139-68-46-115-59-118-51-133-79-63-180-135-70-154-53-121-100-26-86-75-101-1-97-152-94-124-148-9-62-102-49-178-106-52-55-57-92-129-2-120-44-25-16-171-175-113-56-31-78-145-179-196-81-40-185-165-90-27"
143,71813,100,23063,94876,7,"3-49-14-144-102-62-9-148-15-114-186-23-89-183-143-117-0-137-176-80-151-162-127-123-149-65-116-43-184-10-177-54-48-160-34-146-22-18-108-69-159-181-42-5-41-193-139-68-46-115-59-118-51-133-79-63-180-135-70-154-158-53-121-94-124-152-97-1-101-26-100-86-75-2-129-57-92-82-120-44-25-16-171-175-113-56-31-78-145-179-196-81-90-165-40-185-55-52-106-178"
144,72097,100,23170,95267,7,"74-152-97-1-101-75-86-26-100-53-154-70-135-180-94-63-79-80-176-51-151-133-162-127-123-149-59-65-116-43-42-184-84-190-10-177-54-48-160-34-181-146-22-18-108-69-159-193-41-115-139-68-46-0-117-143-183-89-186-23-137-148-9-62-102-144-14-49-178-106-165-39-95-7-164-58-27-90-81-196-40-185-52-55-57-129-92-179-145-78-31-56-113-175-171-16-25-44-120-2"
145,70413,100,22440,92853,13,"116-65-149-59-118-51-151-133-162-123-127-70-135-154-180-53-121-100-26-86-75-44-25-16-171-175-113-56-31-78-145-179-196-81-90-165-40-185-106-178-3-14-144-62-9-148-102-49-52-55-57-92-129-82-120-2-101-1-97-152-124-94-63-79-80-176-137-23-186-89-183-143-117-0-46-68-139-115-41-193-159-69-108-18-22-146-181-34-160-48-54-177-10-190-4-112-84-184-42-43"
146,71068,100,22993,94061,5,"86-26-100-121-53-158-154-70-135-180-63-79-80-176-51-151-133-162-127-123-149-59-65-116-43-42-184-112-4-190-10-177-54-48-160-34-181-146-22-18-108-69-159-193-41-115-139-68-46-0-117-143-183-89-23-137-186-114-15-9-62-144-14-138-185-40-165-90-81-196-179-145-78-31-56-113-175-171-16-25-44-120-2-129-92-57-55-52-106-178-49-102-148-124-94-152-97-1-101-75"
147,71597,100,23020,94617,0,"124-94-152-97-1-101-75-86-26-100-121-53-158-154-70-135-180-63-79-80-176-51-151-133-162-127-123-149-59-65-116-43-184-84-190-10-177-54-48-160-34-146-22-18-108-69-159-181-42-5-41-193-115-139-68-46-0-117-143-183-89-23-137-186-114-15-9-62-144-14-138-185-40-165-90-81-196-179-145-78-31-56-113-175-171-16-25-44-120-2-129-92-57-55-52-106-178-49-102-148"
148,70137,100,22067,92204,27,"48-34-146-22-18-108-69-159-193-41-139-115-46-68-140-93-117-0-143-183-89-23-137-176-80-79-63-94-124-152-97-1-101-2-120-82-129-92-57-55-52-49-102-148-9-62-144-14-3-178-106-185-40-165-90-81-196-179-145-78-31-56-113-175-171-16-25-44-75-86-26-100-121-53-180-154-135-70-127-123-162-133-151-51-118-59-65-116-43-42-181-160-184-84-112-4-190-10-177-54"
149,70687,100,22482,93169,1,"133-162-123-127-70-135-154-180-53-121-100-26-86-75-44-25-16-171-175-113-56-31-78-145-179-196-81-90-165-40-185-106-178-3-14-144-62-9-148-102-49-52-55-57-92-129-82-120-2-101-1-97-152-124-94-63-79-80-176-137-23-186-89-183-143-117-0-46-68-139-115-193-41-5-42-181-159-69-108-18-22-146-34-160-48-54-177-10-190-4-112-84-184-43-116-65-59-118-51-151"
150,70576,100,22126,92702,21,"109-118-59-65-116-43-42-184-84-112-4-190-10-177-54-48-160-34-181-146-22-18-108-69-159-193-41-115-139-68-46-0-117-143-183-89-186-23-137-176-80-79-63-94-124-152-97-1-101-2-120-82-129-92-57-55-52-49-102-148-9-62-144-14-3-178-106-185-40-165-90-81-196-179-145-78-31-56-113-175-171-16-25-44-75-86-26-100-121-53-180-154-135-70-127-123-162-133-151-51"
151,71350,100,23572,94922,6,"31-56-113-175-171-16-78-25-44-120-82-92-57-129-2-152-97-1-101-75-86-26-100-53-154-70-135-180-94-63-79-133-51-118-59-115-46-68-139-193-41-5-42-181-159-69-108-18-22-146-34-160-48-54-177-10-190-4-112-84-184-43-116-65-149-123-127-162-151-80-176-137-0-117-143-183-89-23-186-114-15-148-9-62-102-144-14-49-178-106-52-55-185-40-165-90-81-196-179-145"
152,71455,100,23355,94810,0,"181-146-22-18-108-69-159-193-41-139-68-140-93-117-143-183-89-0-46-115-59-118-51-137-176-80-79-63-94-124-152-97-1-101-2-120-82-129-92-57-55-52-49-102-148-9-62-144-14-3-178-106-185-40-165-90-81-196-179-145-78-31-56-113-175-171-16-25-44-75-86-26-100-121-53-180-154-70-135-133-151-162-127-123-149-65-116-43-42-184-84-112-4-190-10-177-54-48-160-34"
153,71918,100,23668,95586,20,"41-193-139-68-140-93-117-143-183-89-0-46-115-59-118-51-137-176-80-79-63-94-124-152-97-1-101-2-120-82-129-92-57-55-52-49-102-148-9-62-144-14-3-178-106-185-40-165-90-81-196-179-145-78-31-56-113-175-171-16-25-44-75-86-26-100-121-53-180-154-70-135-133-151-162-127-123-149-65-116-43-184-112-4-190-10-177-54-48-160-34-146-22-18-108-69-159-181-42-5"
154,70337,100,22237,92574,8,"65-59-118-51-151-133-162-123-127-70-135-154-180-53-121-100-26-86-75-44-25-16-171-175-113-56-31-78-145-179-196-81-90-165-40-185-106-178-3-14-144-62-9-148-102-49-52-55-57-92-129-82-120-2-101-1-97-152-124-94-63-79-80-176-137-23-186-89-183-143-117-0-46-68-139-115-41-193-159-69-108-18-22-146-181-34-160-48-54-177-10-190-4-112-84-35-184-42-43-116"
155,71918,100,23668,95586,7,"139-193-41-5-42-181-159-69-108-18-22-146-34-160-48-54-177-10-190-4-112-184-43-116-65-149-123-127-162-151-133-135-70-154-180-53-121-100-26-86-75-44-25-16-171-175-113-56-31-78-145-179-196-81-90-165-40-185-106-178-3-14-144-62-9-148-102-49-52-55-57-92-129-82-120-2-101-1-97-152-124-94-63-79-80-176-137-51-118-59-115-46-0-89-183-143-117-93-140-68"
156,71602,100,22903,94505,8,"158-53-121-100-26-86-75-44-25-16-171-175-113-56-31-78-145-179-196-81-90-165-40-185-106-178-3-14-144-62-9-148-102-49-52-55-57-92-129-82-120-2-101-1-97-152-124-94-63-79-133-162-151-51-80-176-137-23-186-89-183-143-117-0-46-68-139-193-41-5-42-181-159-69-108-18-22-146-34-160-48-54-177-10-190-84-184-43-115-118-59-116-65-149-123-127-70-135-154-180"
157,71549,100,23019,94568,15,"114-186-23-89-183-143-117-0-46-68-139-115-193-41-5-42-181-159-69-108-18-22-146-34-160-48-54-177-10-190-84-184-43-116-65-59-118-51-151-133-162-123-127-70-135-154-180-53-121-100-26-86-75-44-25-16-171-175-113-56-31-78-145-179-57-92-129-82-120-2-101-1-97-152-124-94-63-79-80-176-137-148-9-62-102-49-178-106-52-55-185-40-196-81-90-165-138-14-144-15"
158,71068,100,22993,94061,7,"124-94-152-97-1-101-75-86-26-100-121-53-158-154-70-135-180-63-79-80-176-51-151-133-162-127-123-149-59-65-116-43-42-184-112-4-190-10-177-54-48-160-34-181-146-22-18-108-69-159-193-41-115-139-68-46-0-117-143-183-89-23-137-186-114-15-9-62-144-14-138-185-40-165-90-81-196-179-145-78-31-56-113-175-171-16-25-44-120-2-129-92-57-55-52-106-178-49-102-148"
159,71032,100,22894,93926,10,"4-112-127-123-149-65-43-116-59-118-51-151-133-162-135-70-154-180-53-121-100-26-86-75-44-25-16-171-175-113-56-31-78-145-179-196-81-90-165-40-185-106-178-3-14-144-62-9-148-102-49-52-55-57-92-129-120-2-101-1-97-152-124-94-63-79-80-176-137-23-89-183-143-0-117-93-140-68-46-115-139-193-41-5-42-181-159-69-108-18-22-146-34-160-48-54-177-184-35-84"
160,70715,100,22215,92930,10,"160-34-146-22-18-108-69-159-181-42-5-41-193-139-115-46-68-140-93-117-0-143-183-89-186-23-137-176-80-79-63-94-124-152-97-1-101-2-120-82-129-92-57-55-52-49-102-148-9-62-144-14-3-178-106-185-40-165-90-81-196-179-145-78-31-56-113-175-171-16-25-44-75-86-26-100-121-53-180-154-135-70-127-123-162-133-151-51-118-59-65-116-43-184-84-190-10-177-54-48"
161,70836,100,22776,93612,6,"2-152-97-1-101-75-86-26-100-53-158-154-70-135-180-94-63-79-80-176-51-151-133-162-127-123-149-59-118-65-116-43-42-184-35-84-112-4-190-10-177-54-48-160-34-181-195-146-22-18-108-69-159-193-41-115-139-68-46-0-117-143-183-89-186-23-137-148-9-62-102-144-14-49-178-106-52-55-185-40-165-90-81-196-179-145-78-31-56-113-175-171-16-25-44-120-82-92-57-129"
162,71740,100,23556,95296,7,"95-164-7-21-14-144-15-114-186-23-89-183-143-117-0-137-176-80-151-162-123-149-65-116-43-184-177-54-48-160-34-146-22-18-108-69-159-181-42-5-41-193-139-68-46-115-59-118-51-133-79-63-180-135-70-154-53-121-100-26-86-75-101-1-97-152-94-124-148-9-62-102-49-178-106-52-55-57-92-129-2-120-44-25-16-171-175-113-56-31-78-145-179-196-81-40-185-165-90-27"
163,71825,100,23641,95466,8,"164-7-21-144-15-114-186-23-89-183-143-117-0-137-176-80-151-162-123-149-65-116-43-184-177-54-48-160-34-146-22-18-108-69-159-181-42-5-41-193-139-68-46-115-59-118-51-133-79-63-180-135-70-154-53-121-100-26-86-75-101-1-97-152-94-124-148-9-62-102-49-14-178-106-52-55-57-92-129-2-120-44-25-16-171-175-113-56-31-78-145-179-196-81-40-185-165-90-27-95"
164,72097,100,23170,95267,6,"74-152-97-1-101-75-86-26-100-53-154-70-135-180-94-63-79-80-176-51-151-133-162-127-123-149-59-65-116-43-42-184-84-190-10-177-54-48-160-34-181-146-22-18-108-69-159-193-41-115-139-68-46-0-117-143-183-89-186-23-137-148-9-62-102-144-14-49-178-106-165-39-95-7-164-58-27-90-81-196-40-185-52-55-57-129-92-179-145-78-31-56-113-175-171-16-25-44-120-2"
165,71350,100,23572,94922,6,"31-56-113-175-171-16-78-25-44-120-82-92-57-129-2-152-97-1-101-75-86-26-100-53-154-70-135-180-94-63-79-133-51-118-59-115-46-68-139-193-41-5-42-181-159-69-108-18-22-146-34-160-48-54-177-10-190-4-112-84-184-43-116-65-149-123-127-162-151-80-176-137-0-117-143-183-89-23-186-114-15-148-9-62-102-144-14-49-178-106-52-55-185-40-165-90-81-196-179-145"
166,71549,100,23019,94568,9,"114-186-23-89-183-143-117-0-46-68-139-115-193-41-5-42-181-159-69-108-18-22-146-34-160-48-54-177-10-190-84-184-43-116-65-59-118-51-151-133-162-123-127-70-135-154-180-53-121-100-26-86-75-44-25-16-171-175-113-56-31-78-145-179-57-92-129-82-120-2-101-1-97-152-124-94-63-79-80-176-137-148-9-62-102-49-178-106-52-55-185-40-196-81-90-165-138-14-144-15"
167,70337,100,22237,92574,10,"116-43-42-184-35-84-112-4-190-10-177-54-48-160-34-181-146-22-18-108-69-159-193-41-115-139-68-46-0-117-143-183-89-186-23-137-176-80-79-63-94-124-152-97-1-101-2-120-82-129-92-57-55-52-49-102-148-9-62-144-14-3-178-106-185-40-165-90-81-196-179-145-78-31-56-113-175-171-16-25-44-75-86-26-100-121-53-180-154-135-70-127-123-162-133-151-51-118-59-65"
168,72313,100,23873,96186,6,"57-55-52-185-40-196-81-90-27-58-164-7-95-39-165-106-178-49-14-144-102-62-9-148-15-114-186-23-89-183-143-117-0-137-176-80-151-162-127-123-149-65-116-43-184-177-54-48-160-34-146-22-18-108-69-159-181-42-5-41-193-139-68-46-115-59-118-51-133-79-63-94-180-135-70-154-53-86-75-100-26-97-101-1-152-2-120-44-25-16-171-175-113-56-31-78-145-179-92-129"
169,70991,100,22931,93922,10,"131-149-123-127-162-59-118-51-151-133-135-70-154-180-53-121-100-26-86-75-44-25-16-171-175-113-56-31-78-145-179-196-81-90-165-40-185-106-178-3-14-144-62-9-148-102-49-52-55-57-92-129-82-120-2-101-1-97-152-124-94-63-79-80-176-137-23-186-89-183-143-117-0-46-68-139-115-41-193-159-69-108-18-22-146-181-34-160-48-54-177-10-190-4-112-184-42-43-116-65"
170,71439,100,22883,94322,7,"29-127-123-149-65-43-116-59-118-51-151-133-162-135-70-154-180-53-121-100-26-86-75-44-25-16-171-175-113-56-31-78-145-179-196-81-90-165-40-185-106-178-3-14-144-62-9-148-102-49-52-55-57-92-129-120-2-101-1-97-152-124-94-63-79-80-176-137-23-89-183-143-0-117-93-140-68-46-115-139-193-41-42-181-159-69-108-18-22-146-34-160-48-54-177-184-35-84-4-112"
171,72931,100,23198,96129,0,"85-56-113-175-171-16-31-145-78-25-44-120-82-92-57-129-2-152-97-1-101-75-86-26-100-53-154-70-135-180-94-63-79-133-51-118-59-115-46-68-139-193-41-5-42-181-159-69-108-18-22-146-34-160-48-54-177-184-43-116-65-149-123-162-151-80-176-137-0-117-143-183-89-23-186-114-15-148-9-62-144-14-49-178-106-52-55-185-40-165-39-95-7-164-58-27-90-81-196-157"
172,72385,100,23381,95766,20,"179-145-78-31-56-113-175-171-16-25-44-120-82-92-57-129-2-152-97-1-101-75-86-26-100-53-154-70-135-180-94-63-79-133-51-118-59-115-46-68-139-193-41-5-42-181-159-69-108-18-22-146-34-160-48-54-177-184-43-116-65-149-123-162-151-80-176-137-0-117-143-183-89-23-186-114-15-148-9-62-144-14-49-178-106-52-55-185-40-165-39-95-7-164-58-27-90-81-196-157"
173,72158,100,23845,96003,0,"21-144-15-114-186-23-89-183-143-117-0-137-176-80-151-162-127-123-149-65-116-43-184-10-177-54-48-160-34-146-22-18-108-69-159-181-42-5-41-193-139-68-46-115-59-118-51-133-79-63-180-135-70-154-158-53-121-100-26-86-75-101-1-97-152-94-124-148-9-62-102-49-178-106-52-55-57-92-129-2-120-44-25-16-171-175-113-56-31-78-145-179-196-81-90-165-40-185-138-14"
174,71304,100,23181,94485,11,"154-180-53-121-100-26-86-75-44-25-16-171-175-113-56-31-78-145-179-196-81-90-165-40-185-106-178-3-14-144-62-9-148-102-49-52-55-57-92-129-82-120-2-101-1-97-152-124-94-63-79-133-162-151-51-80-176-137-23-186-89-183-143-117-0-46-68-139-193-41-5-42-181-159-69-108-18-22-146-34-160-48-54-177-10-190-4-112-184-43-115-118-59-116-65-149-123-127-70-135"
175,70687,100,22482,93169,18,"143-183-89-186-23-137-176-80-79-63-94-124-152-97-1-101-2-120-82-129-92-57-55-52-49-102-148-9-62-144-14-3-178-106-185-40-165-90-81-196-179-145-78-31-56-113-175-171-16-25-44-75-86-26-100-121-53-180-154-135-70-127-123-162-133-151-51-118-59-65-116-43-184-84-112-4-190-10-177-54-48-160-34-146-22-18-108-69-159-181-42-5-41-193-115-139-68-46-0-117"
176,71455,100,23355,94810,0,"181-146-22-18-108-69-159-193-41-139-68-140-93-117-143-183-89-0-46-115-59-118-51-137-176-80-79-63-94-124-152-97-1-101-2-120-82-129-92-57-55-52-49-102-148-9-62-144-14-3-178-106-185-40-165-90-81-196-179-145-78-31-56-113-175-171-16-25-44-75-86-26-100-121-53-180-154-70-135-133-151-162-127-123-149-65-116-43-42-184-84-112-4-190-10-177-54-48-160-34"
177,70842,100,22297,93139,15,"35-184-190-10-177-54-48-160-34-146-22-18-108-69-159-181-42-5-41-193-139-115-46-68-140-93-117-0-143-183-89-186-23-137-176-80-79-63-94-124-152-97-1-101-2-120-82-129-92-57-55-52-49-102-148-9-62-144-14-3-178-106-185-40-165-90-81-196-179-145-78-31-56-113-175-171-16-25-44-75-86-26-100-121-53-180-154-135-70-127-123-162-133-151-51-118-59-65-116-43"
178,71728,100,23478,95206,15,"5-43-116-65-149-123-127-162-151-133-135-70-154-180-53-121-100-26-86-75-44-25-16-171-175-113-56-31-78-145-179-196-81-90-165-40-185-106-178-3-14-144-62-9-148-102-49-52-55-57-92-129-82-120-2-101-1-97-152-124-94-63-79-80-176-137-51-118-59-115-46-0-89-183-143-117-93-140-68-139-41-193-159-69-108-18-22-146-181-34-160-48-54-177-10-190-4-112-184-42"
179,71647,100,23417,95064,16,"162-127-123-149-59-115-116-65-43-184-84-112-4-190-10-177-54-48-160-34-146-22-18-108-69-159-181-42-5-41-193-139-68-46-0-117-143-183-89-186-23-137-51-176-80-79-63-94-124-152-97-1-101-2-120-82-129-92-57-55-52-49-102-148-9-62-144-14-3-178-106-185-40-165-90-81-196-179-145-78-31-56-113-175-171-16-25-44-75-86-26-100-121-53-180-154-70-135-133-151"
180,70618,100,22558,93176,0,"149-123-127-70-135-154-180-53-121-100-26-86-75-44-25-16-171-175-113-56-31-78-145-179-196-81-90-165-40-185-106-178-3-14-144-62-9-148-102-49-52-55-57-92-129-82-120-2-101-1-97-152-124-94-63-79-133-151-162-59-118-51-80-176-137-23-186-89-183-143-117-0-46-68-139-115-41-193-159-69-108-18-22-146-181-34-160-48-54-177-10-190-4-112-184-42-43-116-65-131"
181,72335,100,23167,95502,27,"36-140-93-117-143-183-89-0-68-46-115-59-118-51-137-176-80-79-63-94-124-152-97-1-101-2-120-82-129-92-57-55-52-49-102-148-9-62-144-14-3-178-106-185-40-165-90-81-196-179-145-78-31-56-113-175-171-16-25-44-75-86-26-100-121-53-180-154-70-135-133-151-162-127-123-149-65-116-43-184-84-190-10-177-54-48-160-34-181-42-5-139-41-193-159-146-22-18-69-108"
182,72076,100,23636,95712,3,"55-52-185-40-196-81-90-27-58-164-7-95-39-165-106-178-49-14-144-102-62-9-148-15-114-186-23-89-183-143-117-0-137-176-80-151-162-127-123-149-65-116-43-184-177-54-48-160-34-146-22-18-108-69-159-181-42-5-41-193-139-68-46-115-59-118-51-133-79-63-94-180-135-70-154-53-100-26-86-75-101-1-97-152-2-120-44-25-16-171-175-113-56-31-78-145-179-92-129-57"
183,70255,100,22342,92597,17,"10-177-54-48-34-160-42-181-146-22-18-108-69-159-193-41-139-115-46-68-140-93-117-0-143-183-89-23-137-176-80-79-63-94-124-152-97-1-101-2-120-129-92-57-55-52-49-102-148-9-62-144-14-3-178-106-185-40-165-90-81-196-179-145-78-31-56-113-175-171-16-25-44-75-86-26-100-121-53-180-154-135-70-127-123-162-133-151-51-118-59-65-116-43-184-35-84-112-4-190"
184,71931,100,24180,96111,7,"157-196-185-52-55-57-129-92-179-145-78-31-56-113-175-171-16-25-44-120-2-152-1-101-97-26-100-75-86-53-154-70-135-180-94-63-79-133-51-118-59-115-46-68-139-193-41-5-42-181-159-69-108-18-22-146-34-160-48-54-177-10-190-4-112-84-184-43-116-65-149-123-127-162-151-80-176-137-0-117-143-183-89-23-186-114-15-148-9-62-102-144-14-49-178-106-40-165-90-81"
185,71550,100,23080,94630,6,"49-178-106-52-55-57-92-129-2-120-44-25-16-171-175-113-56-31-78-145-179-196-81-90-165-40-185-138-14-144-15-114-186-23-89-183-143-117-0-137-176-80-151-162-127-123-149-65-116-43-184-190-10-177-54-48-160-34-146-22-18-108-69-159-181-42-5-41-193-139-68-46-115-59-118-51-133-79-63-180-135-70-154-158-53-121-100-26-86-75-101-1-97-152-94-124-148-9-62-102"
186,70679,100,22115,92794,5,"177-54-48-34-160-42-181-195-146-22-18-108-69-159-193-41-139-115-46-68-140-93-117-0-143-183-89-186-23-137-176-80-79-63-94-124-152-97-1-101-2-120-82-129-92-57-55-52-49-102-148-9-62-144-14-3-178-106-185-40-165-90-81-196-179-145-78-31-56-113-175-171-16-25-44-75-86-26-100-121-53-180-154-135-70-127-123-162-133-151-51-118-59-65-116-43-184-84-190-10"
187,70576,100,22126,92702,15,"109-118-59-65-116-43-42-184-84-112-4-190-10-177-54-48-160-34-181-146-22-18-108-69-159-193-41-115-139-68-46-0-117-143-183-89-186-23-137-176-80-79-63-94-124-152-97-1-101-2-120-82-129-92-57-55-52-49-102-148-9-62-144-14-3-178-106-185-40-165-90-81-196-179-145-78-31-56-113-175-171-16-25-44-75-86-26-100-121-53-180-154-135-70-127-123-162-133-151-51"
188,70687,100,22482,93169,16,"176-137-23-186-89-183-143-117-0-46-68-139-115-193-41-5-42-181-159-69-108-18-22-146-34-160-48-54-177-10-190-4-112-84-184-43-116-65-59-118-51-151-133-162-123-127-70-135-154-180-53-121-100-26-86-75-44-25-16-171-175-113-56-31-78-145-179-196-81-90-165-40-185-106-178-3-14-144-62-9-148-102-49-52-55-57-92-129-82-120-2-101-1-97-152-124-94-63-79-80"
189,70422,100,22330,92752,0,"30-54-48-160-34-181-146-22-18-108-69-159-193-41-139-115-46-68-140-93-117-0-143-183-89-186-23-137-176-80-79-63-94-124-152-97-1-101-2-120-82-129-92-57-55-52-49-102-148-9-62-144-14-3-178-106-185-40-165-90-81-196-179-145-78-31-56-113-175-171-16-25-44-75-86-26-100-121-53-180-154-135-70-127-123-162-133-151-51-118-59-65-116-43-42-184-112-4-10-177"
190,70842,100,22297,93139,16,"35-184-190-10-177-54-48-160-34-146-22-18-108-69-159-181-42-5-41-193-139-115-46-68-140-93-117-0-143-183-89-186-23-137-176-80-79-63-94-124-152-97-1-101-2-120-82-129-92-57-55-52-49-102-148-9-62-144-14-3-178-106-185-40-165-90-81-196-179-145-78-31-56-113-175-171-16-25-44-75-86-26-100-121-53-180-154-135-70-127-123-162-133-151-51-118-59-65-116-43"
191,71705,100,23391,95096,16,"195-146-22-18-108-69-159-193-41-139-68-140-93-117-143-183-89-0-46-115-59-118-51-137-176-80-79-63-94-124-152-97-1-101-2-120-82-129-92-57-55-52-49-102-148-9-62-144-14-3-178-106-185-40-165-90-81-196-179-145-78-31-56-113-175-171-16-25-44-75-86-26-100-121-53-180-154-70-135-133-151-162-127-123-149-65-116-43-42-184-112-4-190-10-177-54-48-160-34-181"
192,71597,100,23020,94617,0,"124-94-152-97-1-101-75-86-26-100-121-53-158-154-70-135-180-63-79-80-176-51-151-133-162-127-123-149-59-65-116-43-184-84-190-10-177-54-48-160-34-146-22-18-108-69-159-181-42-5-41-193-115-139-68-46-0-117-143-183-89-23-137-186-114-15-9-62-144-14-138-185-40-165-90-81-196-179-145-78-31-56-113-175-171-16-25-44-120-2-129-92-57-55-52-106-178-49-102-148"
193,71687,100,23734,95421,18,"31-56-113-175-171-16-78-25-44-120-82-92-57-129-2-152-97-1-101-75-86-26-100-53-154-70-135-180-94-63-79-133-51-118-59-115-46-68-139-193-41-5-42-181-159-69-108-18-22-146-34-160-48-54-177-10-190-4-112-184-43-116-65-149-123-127-162-151-80-176-137-0-117-143-183-89-23-186-114-15-148-9-62-102-144-14-49-178-106-52-55-185-40-165-90-81-196-179-145-157"
194,71746,100,22565,94311,14,"90-27-58-164-7-95-39-165-40-185-55-52-106-178-49-14-144-102-62-9-148-15-114-186-137-23-89-183-143-117-0-46-68-139-115-41-193-159-69-108-18-22-146-181-34-160-48-54-177-184-42-43-116-65-59-149-123-162-133-151-51-176-80-79-63-94-180-135-70-154-158-53-121-100-26-86-75-101-1-97-152-2-129-57-92-82-120-44-25-16-171-175-113-56-31-78-145-179-196-81"
195,71602,100,22903,94505,0,"154-180-158-53-121-100-26-86-75-44-25-16-171-175-113-56-31-78-145-179-196-81-90-165-40-185-106-178-3-14-144-62-9-148-102-49-52-55-57-92-129-82-120-2-101-1-97-152-124-94-63-79-133-162-151-51-80-176-137-23-186-89-183-143-117-0-46-68-139-193-41-5-42-181-159-69-108-18-22-146-34-160-48-54-177-10-190-84-184-43-115-118-59-116-65-149-123-127-70-135"
196,71143,100,23365,94508,15,"175-113-56-31-78-145-179-196-81-90-165-40-185-55-52-106-178-49-14-144-102-62-9-148-15-114-186-23-89-183-143-117-0-137-176-80-151-162-127-123-149-65-116-43-184-84-112-4-190-10-177-54-48-160-34-146-22-18-108-69-159-181-42-5-41-193-139-68-46-115-59-118-51-133-79-63-94-180-135-70-154-53-100-26-86-75-101-1-97-152-2-129-57-92-82-120-44-25-16-171"
197,71740,100,23556,95296,0,"95-164-7-21-14-144-15-114-186-23-89-183-143-117-0-137-176-80-151-162-123-149-65-116-43-184-177-54-48-160-34-146-22-18-108-69-159-181-42-5-41-193-139-68-46-115-59-118-51-133-79-63-180-135-70-154-53-121-100-26-86-75-101-1-97-152-94-124-148-9-62-102-49-178-106-52-55-57-92-129-2-120-44-25-16-171-175-113-56-31-78-145-179-196-81-40-185-165-90-27"
198,71032,100,22894,93926,16,"112-127-123-149-65-43-116-59-118-51-151-133-162-135-70-154-180-53-121-100-26-86-75-44-25-16-171-175-113-56-31-78-145-179-196-81-90-165-40-185-106-178-3-14-144-62-9-148-102-49-52-55-57-92-129-120-2-101-1-97-152-124-94-63-79-80-176-137-23-89-183-143-0-117-93-140-68-46-115-139-193-41-5-42-181-159-69-108-18-22-146-34-160-48-54-177-184-35-84-4"
199,71037,100,22914,93951,19,"149-162-133-151-51-118-59-65-116-43-184-112-4-190-10-177-54-48-160-34-146-22-18-108-69-159-181-42-5-41-193-115-139-68-46-0-117-143-183-89-186-23-137-176-80-79-63-94-124-152-97-1-101-2-120-82-129-92-57-55-52-49-102-148-9-62-144-14-3-178-106-185-40-165-90-81-196-179-145-78-31-56-113-175-171-16-25-44-75-86-26-100-121-53-180-154-135-70-127-123"
200,71699,100,23449,95148,11,"18-22-146-159-193-41-139-115-5-42-181-34-160-48-54-177-10-190-4-112-184-43-116-65-149-123-127-162-151-133-135-70-154-180-53-121-100-26-86-75-44-25-16-171-175-113-56-31-78-145-179-196-81-90-165-40-185-106-178-3-14-144-62-9-148-102-49-52-55-57-92-129-82-120-2-101-1-97-152-124-94-63-79-80-176-137-51-59-118-46-68-0-89-183-143-117-93-140-108-69"
