SolutionID,TotalCost,NumNodes,TotalDistance,ObjectiveFunction,TotalRunningTime,Cycle
1,79789,100,31610,111399,281,"175-171-16-25-44-120-75-94-124-102-49-178-57-129-2-152-167-62-9-148-63-180-158-53-121-100-26-97-1-101-86-154-135-127-112-177-54-48-160-184-123-149-131-65-116-43-42-181-34-146-22-159-193-41-68-117-0-143-183-89-144-14-106-92-78-145-196-81-40-185-165-90-27-164-21-15-137-151-162-133-79-122-80-118-59-115-139-69-18-108-140-93-46-51-176-52-55-179-31-113"
2,90174,100,42027,132201,235,"34-160-48-54-177-10-70-154-53-180-135-127-123-162-133-79-122-63-121-97-152-94-137-143-117-0-86-75-101-1-167-148-124-26-100-131-149-151-176-15-144-14-40-185-179-52-106-178-59-116-65-35-112-4-84-184-41-193-159-22-18-139-115-118-51-9-62-49-165-90-81-196-145-92-129-2-80-46-68-93-140-5-42-43-16-171-175-113-31-78-25-44-120-57-55-186-23-89-183-181"
3,97542,100,48098,145640,207,"186-23-80-63-121-100-26-101-78-31-113-25-44-92-57-55-52-165-27-90-40-185-106-65-160-34-181-116-51-144-21-7-164-14-178-97-1-129-145-196-179-68-108-18-22-162-180-154-135-127-70-16-175-171-158-123-149-131-0-143-117-112-84-184-43-42-159-193-41-139-176-148-9-167-94-122-79-151-118-46-115-59-133-53-86-75-120-82-2-152-124-137-153-183-89-114-102-49-62-15"
4,89954,100,40639,130593,245,"151-133-79-63-122-80-176-51-109-198-139-46-137-167-129-44-120-101-1-2-78-31-145-92-97-26-152-21-7-164-90-165-40-185-49-102-62-9-37-148-15-144-14-52-55-57-53-135-127-10-177-54-159-108-18-22-146-34-184-35-123-86-25-113-175-171-16-75-70-112-4-84-65-59-118-115-41-193-181-160-42-43-143-183-89-186-178-106-94-180-154-162-149-131-47-116-68-117-0-72"
5,87934,100,39029,126963,267,"133-80-176-137-23-183-89-186-15-144-164-27-90-165-178-148-51-115-41-193-181-34-42-43-53-75-44-16-31-196-106-49-102-62-9-46-139-159-22-18-108-93-117-0-143-14-40-185-57-2-101-86-121-100-26-97-1-171-175-113-56-154-135-70-127-149-131-77-105-47-65-116-59-118-151-79-63-94-55-52-167-124-152-129-92-145-78-25-120-180-35-184-160-54-177-10-4-112-123-162"
6,92539,100,43917,136456,233,"59-131-149-162-185-40-196-81-90-165-108-18-159-22-146-34-181-116-65-53-129-92-52-106-178-3-180-154-135-70-86-101-1-97-152-167-49-102-144-14-145-25-44-120-183-143-0-46-115-43-35-84-177-54-48-160-176-148-55-57-2-26-100-121-182-63-80-41-193-42-184-112-123-127-75-16-171-175-113-31-78-124-94-79-133-151-51-109-118-139-68-93-117-89-15-62-9-186-23-137"
7,89573,100,39806,129379,252,"129-179-196-81-90-27-165-40-185-113-175-171-16-70-135-154-97-152-167-148-9-62-23-0-46-51-176-80-122-1-2-78-31-145-52-55-101-86-158-180-53-100-26-121-63-79-151-42-5-41-159-193-115-118-59-131-149-162-75-120-44-25-92-57-137-68-139-34-54-177-123-127-194-94-124-49-3-178-106-95-164-7-21-14-144-89-183-143-18-22-146-195-181-160-48-184-43-116-65-133"
8,87659,100,36571,124230,245,"121-189-19-152-124-94-133-162-149-131-123-127-70-135-154-158-53-186-114-15-144-185-40-81-90-165-62-9-148-82-25-44-120-75-86-180-47-65-100-101-1-2-129-92-179-57-55-52-106-178-3-138-14-49-102-167-97-26-151-59-116-43-184-54-48-160-42-115-46-0-117-143-16-171-175-113-31-78-145-51-118-193-159-22-146-34-177-10-190-181-41-139-183-89-23-137-176-80-79-63"
9,82644,100,34543,117187,255,"1-97-100-53-180-154-135-70-127-112-184-10-177-54-34-18-108-46-115-59-118-51-63-121-26-101-2-129-145-78-16-171-175-113-31-52-49-102-138-14-144-186-23-89-183-143-137-15-9-62-3-178-106-152-189-124-148-185-40-165-90-81-196-179-92-120-75-86-123-149-131-5-41-139-68-93-117-0-176-80-79-133-162-65-116-42-146-22-159-193-181-160-43-151-94-167-55-57-25-44"
10,90106,100,40686,130792,214,"40-165-90-21-144-89-183-143-117-0-94-26-100-133-151-115-41-193-159-139-79-122-97-1-120-44-129-178-49-102-80-5-181-195-146-22-18-108-68-46-148-37-15-114-118-43-184-131-149-116-65-162-75-25-16-171-175-113-31-78-2-101-86-70-127-123-135-154-180-53-121-124-186-23-137-176-51-59-42-160-34-48-54-177-112-63-189-152-55-52-179-145-92-57-9-62-14-138-106-185"
11,92863,100,42675,135538,269,"151-79-122-167-52-55-57-129-86-70-112-4-10-177-54-184-131-149-123-162-72-59-118-115-41-193-181-42-5-43-49-165-40-185-31-113-175-171-16-121-51-46-68-139-158-53-101-120-25-44-75-65-116-0-143-117-18-22-159-183-89-9-62-144-14-178-106-152-97-26-100-1-2-78-145-81-196-179-92-160-34-48-84-127-135-94-124-148-15-186-23-137-176-80-63-182-136-180-154-133"
12,87183,100,38374,125557,239,"175-113-81-90-138-14-144-114-46-181-34-160-184-131-149-47-65-115-198-139-159-146-22-18-108-68-80-97-152-124-23-137-176-51-118-193-41-5-42-43-116-59-151-79-94-178-3-62-9-15-0-140-93-117-143-183-89-186-148-167-55-52-106-49-102-54-177-4-112-127-123-162-133-63-53-100-26-101-1-2-129-92-44-25-78-145-57-185-165-40-196-31-120-75-86-180-135-154-16-171"
13,85814,100,37248,123062,247,"149-131-65-116-41-193-115-118-51-80-79-133-84-177-4-112-94-124-148-37-15-9-62-102-144-14-138-106-178-3-49-167-152-121-53-180-63-176-46-139-68-137-55-52-23-0-140-108-18-22-146-34-54-48-181-159-93-117-143-183-21-164-90-165-40-185-57-92-129-2-151-59-43-42-160-184-35-127-70-135-154-100-26-97-1-101-44-16-171-175-113-31-145-78-25-120-75-86-162-123"
14,90625,100,42189,132814,263,"184-34-103-146-181-5-42-160-54-177-112-70-75-25-145-92-129-152-133-162-65-116-43-115-68-0-23-89-183-143-117-93-140-108-18-144-14-138-106-178-49-37-148-124-176-51-118-59-151-80-26-101-2-57-55-52-179-196-81-90-165-102-41-193-159-22-139-186-15-62-9-137-46-131-149-123-180-86-120-44-16-171-175-113-56-31-78-1-97-63-79-94-167-185-119-40-53-154-135-127"
15,92204,100,42975,135179,223,"46-164-7-21-93-108-18-193-41-159-22-146-181-34-160-54-177-184-94-124-167-14-165-27-90-40-106-178-52-55-129-152-89-183-137-100-26-97-185-81-196-179-57-148-143-117-0-176-121-101-1-2-120-78-145-92-53-158-70-127-194-135-154-180-133-151-65-116-59-118-15-9-62-144-114-23-186-102-49-113-175-171-16-44-75-86-63-79-80-51-72-162-123-149-43-42-5-115-139-68"
16,89747,100,40818,130565,236,"133-79-80-176-51-118-59-167-52-55-57-152-121-182-63-94-124-148-137-115-42-160-48-34-181-193-117-143-183-89-102-49-3-178-46-139-41-5-43-127-70-135-154-158-53-100-26-86-101-97-1-2-129-92-78-31-145-185-40-81-90-165-106-184-54-177-4-112-123-149-131-116-65-162-180-75-44-25-113-175-171-16-120-93-140-108-18-22-159-68-0-114-144-14-62-9-15-186-23-151"
17,88102,100,38051,126153,211,"181-146-22-159-139-68-46-63-121-120-16-171-175-113-31-196-40-165-14-144-148-118-5-42-105-116-65-47-162-151-133-79-51-59-149-131-123-135-154-106-178-3-49-167-152-26-100-53-180-94-124-89-183-143-140-18-108-93-117-0-115-34-48-54-177-10-184-160-193-41-96-43-112-127-70-75-44-25-78-145-179-185-52-55-57-92-62-9-186-23-137-176-80-97-1-2-129-82-101-86"
18,85360,100,37299,122659,260,"62-9-0-117-143-183-89-102-40-81-196-185-137-46-68-18-22-146-159-176-165-90-27-164-14-144-15-114-186-23-148-152-97-1-101-86-53-100-26-2-129-145-78-25-44-55-52-106-178-3-167-180-154-135-70-127-123-112-4-84-35-184-177-54-48-160-34-181-42-5-43-116-65-162-151-133-94-124-80-59-115-41-193-139-118-51-79-63-75-120-82-92-57-179-31-113-175-171-16-49"
19,94451,100,43293,137744,208,"176-80-79-133-135-154-180-53-121-189-94-12-124-152-101-75-120-44-25-16-171-175-185-165-40-196-113-31-23-143-170-117-18-22-146-181-47-65-116-115-96-5-42-184-35-162-148-9-62-48-54-30-34-186-15-144-14-102-149-131-112-177-160-43-51-49-3-178-106-52-55-145-78-2-1-97-118-139-159-193-41-59-151-63-167-57-92-129-26-100-86-70-127-123-46-68-0-183-89-137"
20,83089,100,35058,118147,264,"131-149-59-176-167-49-138-14-144-186-23-137-0-143-183-89-15-9-62-102-148-118-115-41-193-181-160-48-177-54-34-159-139-46-21-164-90-165-40-185-179-92-57-55-52-178-106-196-113-175-171-16-31-78-145-129-152-26-100-53-180-151-51-117-93-140-108-18-22-146-42-5-116-162-133-79-122-63-121-97-1-2-120-25-44-75-86-101-94-80-65-43-184-84-112-127-70-154-135-123"
21,84924,100,35254,120178,245,"160-181-159-108-18-22-146-34-131-149-162-119-40-78-31-113-175-171-16-25-44-178-106-185-196-81-90-165-138-3-128-167-52-55-57-179-145-92-129-82-120-2-152-23-143-0-137-176-80-148-102-49-14-144-89-183-51-151-133-180-154-53-121-100-26-86-75-101-1-97-63-79-94-124-9-62-15-186-46-68-139-5-43-112-123-127-70-135-59-118-198-115-65-116-41-193-42-184-177-54"
22,85250,100,36633,121883,226,"78-145-52-178-49-46-68-139-181-184-4-112-75-16-171-175-113-56-31-185-138-14-144-62-9-148-176-118-115-18-108-93-117-143-183-89-0-140-22-159-193-41-5-42-131-149-47-65-59-72-151-162-123-35-84-177-54-48-34-160-43-116-51-80-106-165-39-27-90-40-55-57-25-44-120-1-152-94-63-26-97-101-86-53-180-154-135-70-127-133-79-137-23-186-2-129-92-179-196-81"
23,87799,100,38027,125826,252,"57-114-186-23-89-183-143-117-18-181-48-160-42-5-96-115-41-191-139-198-46-68-0-144-21-7-164-14-102-15-137-118-59-51-176-152-1-101-86-53-65-116-47-131-149-151-80-148-9-62-49-52-55-129-120-2-97-26-100-63-79-180-154-135-70-127-162-133-124-3-178-106-185-145-78-44-75-43-193-159-22-146-34-54-177-184-123-94-167-40-165-90-81-196-31-113-175-171-16-92"
24,94546,100,44942,139488,251,"131-47-65-176-124-92-179-49-102-144-186-23-89-114-15-62-9-80-133-180-154-158-53-63-79-122-94-189-101-75-86-162-116-41-193-159-22-18-143-183-90-81-196-31-78-145-137-0-46-115-59-118-51-148-178-106-185-40-165-14-68-139-146-34-184-35-127-135-121-167-52-55-57-152-97-26-100-1-2-129-82-70-112-177-54-160-181-42-43-151-25-56-113-175-171-16-44-120-123-149"
25,86284,100,38448,124732,221,"190-184-162-133-79-80-176-0-143-183-89-23-97-1-101-75-86-26-167-49-14-144-148-151-59-65-35-84-112-70-154-180-135-127-123-149-131-181-195-146-22-18-108-193-41-115-137-9-62-178-106-40-119-165-39-164-27-90-185-52-51-118-5-42-160-34-159-139-68-140-93-117-46-63-94-152-2-78-31-81-196-55-57-179-145-92-129-120-44-113-175-171-16-53-116-43-48-54-177-10"
26,93813,100,44948,138761,217,"14-138-119-40-185-106-178-49-102-137-23-186-15-144-165-27-90-81-196-145-65-116-47-194-135-154-180-151-59-115-41-193-159-68-139-5-42-43-100-26-97-1-2-129-92-179-57-94-80-162-4-112-127-70-63-79-133-149-131-184-35-123-86-75-44-25-120-101-53-84-177-54-22-18-117-143-0-46-51-176-148-52-55-167-124-152-16-171-175-113-31-78-62-9-89-183-181-34-160-118"
27,87944,100,38995,126939,246,"184-177-10-4-112-70-53-26-86-75-101-97-1-2-120-25-78-145-196-179-92-63-162-149-131-148-9-62-46-115-118-151-133-180-154-135-123-65-116-42-160-48-54-34-41-93-117-0-109-51-80-176-137-23-186-15-114-89-183-143-68-193-159-22-146-181-44-16-171-175-113-31-81-90-165-40-185-14-144-49-3-178-106-52-55-57-129-152-140-108-18-139-198-124-94-122-79-72-59-43"
28,88605,100,38244,126849,249,"123-177-54-184-35-84-4-112-127-70-52-106-185-31-113-175-171-16-78-145-92-129-2-152-97-1-101-26-133-42-181-146-22-18-108-93-117-143-62-49-178-3-14-144-15-114-89-183-153-0-46-115-116-65-131-149-59-72-151-79-94-121-182-136-63-122-80-176-148-40-90-165-102-9-51-5-34-160-43-118-137-186-23-68-139-159-193-41-162-180-53-100-86-75-120-44-57-55-154-135"
29,87398,100,37923,125321,262,"167-55-52-106-178-49-102-144-14-21-164-90-31-113-175-171-16-44-4-177-54-48-34-181-42-118-51-176-138-165-119-40-185-43-160-184-35-84-112-123-127-70-135-154-89-183-143-0-159-22-18-108-68-139-115-116-47-65-151-79-63-133-149-131-162-152-2-129-92-57-179-145-78-25-120-75-86-100-26-101-1-97-189-121-53-180-59-5-41-193-46-137-15-62-9-148-80-122-94-124"
30,88152,100,38594,126746,287,"15-114-183-143-117-0-89-175-171-16-75-121-59-115-46-118-51-133-63-189-152-178-106-52-55-57-92-25-44-120-2-186-23-137-176-80-79-122-148-62-9-151-162-149-131-43-5-96-139-41-193-159-69-108-18-22-146-34-160-181-42-116-65-179-185-40-165-90-81-113-31-78-145-129-1-70-127-135-154-158-53-100-26-97-101-86-180-123-184-177-10-4-112-94-124-167-102-49-14-144"
31,92137,100,41516,133653,236,"129-145-78-25-44-120-75-86-121-100-26-101-1-97-152-2-196-81-90-27-106-154-135-162-133-151-118-115-116-59-51-176-80-122-63-180-53-124-167-52-55-57-92-185-8-39-165-119-40-157-31-171-16-158-127-123-193-22-146-34-160-42-137-23-0-46-41-139-68-117-143-183-89-186-62-49-178-179-56-113-175-70-112-4-10-177-54-9-144-14-102-148-65-47-43-184-131-149-79-94"
32,83176,100,34573,117749,250,"138-185-31-113-175-171-16-78-145-40-119-144-186-89-23-137-176-51-118-59-139-108-18-22-146-34-160-42-43-115-46-0-143-183-15-62-9-148-133-162-149-131-184-54-177-10-190-4-180-53-100-26-97-1-2-129-25-44-120-75-154-135-35-84-112-127-70-123-65-116-159-193-41-151-63-86-101-152-57-55-52-165-39-27-90-81-196-179-92-94-122-79-80-124-167-106-178-49-102-14"
33,88402,100,40010,128412,243,"127-123-149-59-65-116-43-42-160-181-41-115-51-176-57-55-52-106-178-148-151-162-135-154-180-158-53-86-75-120-44-25-16-171-175-113-31-9-62-102-49-14-144-15-137-46-139-68-93-117-143-89-114-165-40-81-90-21-183-108-18-0-23-186-185-196-179-145-78-92-118-193-159-22-146-34-54-177-184-84-112-70-101-2-82-129-152-124-94-80-122-121-100-26-1-97-63-79-133-194"
34,87444,100,38312,125756,239,"178-106-185-40-119-165-138-14-144-15-137-116-47-65-133-63-79-151-72-51-80-122-94-124-2-120-44-75-70-127-123-112-177-54-184-43-139-68-183-89-118-59-149-162-121-100-26-101-86-154-135-180-53-97-1-152-131-160-34-146-22-18-108-117-55-52-196-157-31-78-25-82-129-92-57-179-145-16-171-175-113-56-81-90-49-148-176-115-41-193-159-181-42-46-0-143-23-186-9-62"
35,89629,100,41110,130739,211,"10-177-54-34-22-181-160-184-123-127-135-178-106-196-81-90-27-179-57-63-80-176-137-144-21-7-164-14-97-26-100-121-86-101-1-2-129-92-152-189-94-124-167-185-40-119-165-138-3-52-55-49-62-9-186-89-183-143-0-23-148-120-44-25-16-171-175-113-31-115-41-42-43-149-79-145-78-75-53-158-133-151-51-59-118-46-68-139-193-18-159-116-65-162-180-154-70-112-4-190"
36,85266,100,36406,121672,257,"65-116-43-184-48-160-115-198-68-93-117-143-183-89-114-186-23-139-159-22-146-34-54-177-112-131-149-59-51-176-94-124-40-90-27-39-165-185-106-178-52-179-145-16-171-175-113-56-31-157-196-81-138-14-15-0-108-18-69-46-137-148-55-57-129-2-152-167-49-102-144-62-9-92-78-25-44-120-75-41-193-181-42-118-80-63-79-133-162-123-127-135-154-86-101-1-97-53-180-151"
37,86496,100,36326,122822,199,"55-49-14-144-80-79-94-124-3-178-106-52-179-145-16-171-175-113-56-90-27-39-165-185-119-40-81-196-157-31-78-82-1-97-101-86-26-100-139-18-22-42-5-116-43-160-34-181-193-41-65-131-149-59-162-180-53-121-63-133-151-72-51-176-9-62-154-70-135-194-123-184-54-177-4-112-127-75-44-25-120-2-152-118-115-46-0-89-183-143-117-93-140-68-137-148-167-129-92-57"
38,88679,100,39908,128587,227,"148-49-165-119-40-185-184-54-48-160-42-5-96-137-144-14-3-178-106-152-1-2-129-92-120-44-25-78-145-39-27-90-81-196-179-52-55-57-16-171-175-113-31-124-94-63-133-149-131-80-176-51-41-193-159-22-146-181-34-177-112-127-123-162-151-118-59-65-116-115-46-117-143-170-0-79-180-53-100-26-97-101-75-86-154-135-70-43-139-68-183-89-186-15-62-9-23-93-108-18"
39,92150,100,43955,136105,231,"190-10-4-112-123-162-133-79-63-121-26-100-53-158-180-151-59-18-22-159-193-41-115-118-80-94-129-31-113-175-171-16-78-145-57-143-0-65-47-43-42-139-68-46-40-81-196-179-92-101-1-97-185-165-90-27-164-21-14-144-137-116-48-54-177-184-176-49-178-106-52-55-167-51-181-34-160-35-127-70-135-183-89-23-186-62-9-148-124-152-2-120-25-44-75-86-154-149-131-84"
40,90875,100,39598,130473,229,"14-3-178-106-185-113-175-171-16-145-92-57-114-89-23-186-15-37-148-12-176-46-139-193-41-5-96-115-51-121-26-101-86-136-180-158-53-100-97-1-129-55-52-183-143-170-117-0-137-189-152-2-120-75-70-135-154-44-25-78-31-81-90-165-40-184-160-181-159-108-18-22-34-54-177-112-127-123-149-131-65-59-151-63-94-124-62-9-122-79-133-162-43-42-116-80-167-49-102-144"
41,85265,100,35636,120901,227,"115-149-123-127-133-124-52-185-40-119-165-62-9-186-89-183-143-117-0-137-92-179-196-81-90-39-138-14-144-102-49-44-120-75-79-51-46-68-18-22-146-34-160-184-70-135-194-162-151-59-41-193-181-54-177-10-190-4-112-84-35-43-42-5-116-65-176-148-167-178-106-55-57-129-2-1-101-86-158-154-180-63-53-121-100-26-97-152-145-78-31-113-175-171-16-94-80-118-198-139"
42,86576,100,37419,123995,239,"189-167-102-49-14-144-183-0-46-139-159-193-41-116-65-162-94-57-179-145-31-113-175-171-16-101-122-80-51-176-124-55-52-178-3-106-185-40-15-186-89-23-137-63-154-135-70-127-123-149-131-112-4-84-146-22-18-69-108-117-143-165-90-81-78-25-44-120-2-1-152-148-9-62-118-115-181-34-54-177-184-160-42-43-59-151-133-79-180-158-53-86-75-82-92-129-97-26-100-121"
43,86738,100,37724,124462,236,"178-185-40-119-49-102-9-151-149-131-42-41-193-139-68-46-23-137-51-65-47-162-63-121-189-94-124-120-25-78-31-145-92-152-26-100-86-101-97-1-2-129-57-55-52-167-159-195-103-146-22-18-108-93-117-143-0-118-59-115-5-181-34-160-54-177-127-70-135-133-79-80-176-183-89-186-62-144-14-138-90-165-148-116-43-184-112-123-154-180-53-75-44-16-171-175-113-81-196-106"
44,85708,100,37188,122896,221,"160-54-177-178-106-52-55-15-186-23-167-57-31-113-175-171-16-44-75-154-135-70-127-151-176-148-9-62-102-49-14-138-165-40-185-92-78-145-81-90-164-21-144-89-183-59-43-184-35-84-112-123-79-63-53-158-180-133-162-149-65-116-41-193-159-140-93-143-137-12-124-94-152-2-129-120-1-97-101-86-26-100-121-80-51-118-0-117-68-46-115-139-69-108-18-22-34-181-5-42"
45,87817,100,37492,125309,247,"109-51-151-80-176-137-183-89-23-148-3-185-196-81-40-119-90-27-39-165-57-2-152-189-133-162-5-42-181-146-159-193-79-63-121-26-100-180-123-184-41-139-68-0-143-117-18-22-34-54-177-160-115-198-46-97-1-101-135-127-4-112-70-86-75-120-129-14-144-102-49-92-25-44-16-171-175-113-78-145-179-9-62-178-106-52-55-167-124-94-53-158-154-149-131-43-116-65-59-118"
46,90998,100,41356,132354,209,"101-26-100-121-63-122-79-151-149-131-47-65-59-118-109-51-176-80-180-154-135-177-54-184-15-144-21-164-90-81-157-31-196-165-138-14-137-46-115-43-42-181-41-193-18-117-143-183-89-186-49-3-178-106-167-124-94-189-152-57-92-179-40-185-52-133-162-160-34-146-22-159-53-86-2-120-44-82-129-0-68-139-116-123-127-70-75-25-16-171-175-113-78-145-55-62-9-148-97-1"
47,89167,100,41318,130485,215,"92-57-55-52-143-117-93-68-46-118-151-135-70-63-79-133-162-84-190-10-35-77-43-160-48-184-137-62-49-178-179-145-31-113-175-171-16-78-25-44-120-2-75-86-26-53-154-180-94-148-9-15-186-89-183-144-14-164-27-90-165-115-193-41-116-65-47-131-149-123-127-112-4-177-54-34-195-159-139-106-185-40-81-196-0-108-18-22-146-181-42-59-51-176-80-97-101-1-152-129"
48,86717,100,36387,123104,231,"80-78-175-171-16-25-44-120-75-101-86-162-43-42-41-181-184-177-4-112-35-131-149-47-116-65-123-127-70-135-154-180-63-53-121-100-26-1-97-23-89-0-46-115-51-137-186-114-15-129-82-2-152-189-124-111-167-49-102-144-14-3-178-165-90-81-113-31-196-185-145-92-57-183-143-117-93-108-18-139-193-159-22-34-160-59-176-148-37-9-62-106-119-40-52-55-94-79-133-151"
49,88793,100,40202,128995,248,"52-178-106-185-81-196-31-113-175-171-16-80-151-51-176-94-92-129-2-1-97-101-86-26-100-158-154-180-53-121-124-148-186-137-184-177-4-112-70-75-44-25-120-152-63-123-131-149-162-133-79-57-179-145-78-135-127-47-65-0-143-183-89-144-14-40-119-90-27-165-49-102-62-9-23-108-18-22-146-195-159-193-41-181-34-54-160-42-115-46-117-68-139-5-43-116-59-118-167-55"
50,90784,100,40734,131518,269,"102-167-152-97-26-100-86-75-120-44-25-31-56-85-157-179-57-55-148-46-115-116-47-65-59-118-51-23-137-176-151-162-123-127-70-154-180-133-193-159-146-22-18-108-68-9-62-106-185-119-40-81-196-113-175-171-16-160-34-54-184-135-53-129-92-145-78-82-101-1-2-165-90-27-164-14-144-89-183-143-117-0-186-15-124-94-122-80-139-41-42-43-131-149-79-63-52-178-3-49"
51,88347,100,40940,129287,286,"135-2-129-92-57-55-52-179-145-78-25-44-86-70-127-112-84-35-116-59-80-101-75-120-196-40-185-106-178-49-186-23-143-117-93-108-18-68-0-183-89-15-62-9-137-46-34-160-184-151-133-79-63-180-154-123-43-42-181-22-159-193-41-139-115-118-51-94-124-152-1-97-26-53-162-149-131-47-65-176-148-102-14-138-165-119-81-31-16-171-175-113-90-164-7-21-144-54-177-4"
52,86832,100,37159,123991,262,"41-18-69-108-117-0-68-139-193-159-146-22-143-183-89-51-109-118-59-72-151-133-80-148-52-55-167-124-94-152-57-92-129-2-1-97-106-178-14-144-15-9-62-102-49-165-90-81-196-145-78-25-44-101-26-100-86-75-82-179-40-185-112-177-54-34-160-184-127-70-135-154-180-158-53-79-63-121-120-31-113-175-171-16-123-149-162-176-137-186-23-46-198-115-5-42-43-47-65-116"
53,85646,100,35017,120663,251,"100-26-97-148-9-62-49-167-152-2-129-57-55-52-14-144-176-59-65-116-43-131-149-123-127-70-25-16-171-175-78-145-86-53-158-180-154-135-162-41-18-69-108-163-36-117-170-0-46-118-151-133-79-63-121-75-44-120-1-94-137-23-89-183-153-143-93-140-68-139-198-115-42-184-177-54-160-34-181-146-22-159-193-51-80-178-106-185-31-113-56-40-119-165-90-81-196-179-92-101"
54,91270,100,43001,134271,246,"144-137-116-65-162-151-176-148-3-178-106-196-175-171-16-44-120-25-31-56-113-70-127-123-59-118-46-143-183-89-186-62-9-184-54-48-34-146-22-181-160-35-135-154-158-180-0-117-93-108-18-159-193-53-97-1-152-94-79-149-43-42-41-139-115-51-80-63-121-100-26-86-101-75-2-129-92-78-145-179-57-55-167-124-133-112-4-177-84-52-185-40-165-90-164-21-138-14-49-102"
55,85178,100,36022,121200,234,"154-86-26-97-129-57-92-145-31-78-120-75-101-1-152-55-52-94-176-51-115-198-46-0-183-89-23-196-81-90-62-114-186-15-9-148-124-2-44-25-113-175-171-16-70-123-149-131-65-116-43-42-5-41-193-159-181-160-48-177-54-34-146-22-18-139-68-117-143-153-137-167-106-178-3-49-102-144-14-165-119-40-185-80-151-133-79-63-121-100-53-180-162-118-59-184-84-112-127-135"
56,86334,100,38231,124565,279,"51-176-148-9-62-178-106-185-52-55-26-100-121-63-79-65-160-181-41-139-183-89-23-186-15-167-57-129-2-152-46-68-108-18-159-193-115-59-151-133-80-102-14-21-144-137-118-116-5-42-43-131-149-162-135-154-180-53-86-101-92-196-81-78-25-44-120-1-97-189-94-124-49-138-165-90-119-40-179-145-31-113-175-171-16-75-70-127-123-112-84-184-177-54-34-146-22-117-143-0"
57,89212,100,39509,128721,255,"68-117-143-183-89-186-152-2-1-97-86-158-154-180-122-137-23-0-115-42-43-116-118-49-178-165-27-90-40-185-106-167-80-151-149-131-123-133-148-62-144-14-102-9-51-65-47-53-121-100-26-101-75-44-120-63-79-41-193-159-146-103-34-181-22-18-108-69-139-59-162-194-135-70-127-112-4-177-54-160-184-35-94-52-55-57-92-179-145-78-31-113-175-171-16-25-129-124-176-46"
58,87684,100,37373,125057,271,"89-183-143-0-117-93-140-68-139-115-118-80-121-26-100-53-154-135-70-127-123-112-149-131-42-41-162-180-152-57-55-179-92-129-101-184-177-54-34-160-43-116-65-59-72-176-15-14-138-165-49-102-144-62-9-37-148-167-124-94-63-79-133-151-109-51-137-23-186-189-97-1-2-145-78-31-56-113-175-171-16-25-44-120-75-86-193-22-18-69-108-46-3-178-106-52-185-40-90-21"
59,88268,100,39946,128214,251,"53-65-116-43-42-184-10-177-54-160-181-41-139-9-49-14-102-62-15-186-193-159-18-108-117-143-0-92-145-179-196-81-90-164-21-144-114-183-89-23-97-75-120-44-16-171-175-113-31-78-129-2-121-63-122-79-180-154-135-127-123-22-146-34-84-112-70-100-26-178-106-165-40-185-52-55-57-124-94-162-149-131-59-118-109-51-176-80-133-151-72-115-46-137-148-167-152-1-101-86"
60,84007,100,35068,119075,263,"144-21-164-165-178-124-151-59-41-193-181-34-54-177-10-190-43-116-115-139-68-143-183-89-186-196-81-90-119-40-185-152-97-100-53-121-189-94-122-80-176-0-117-46-51-109-118-42-160-184-84-4-112-123-127-135-154-180-63-79-133-162-65-22-18-108-93-137-167-57-92-179-145-78-2-1-101-26-86-75-44-16-171-175-113-31-25-120-82-129-55-52-106-138-14-49-148-15-9-62"
61,89403,100,40629,130032,233,"176-137-23-186-94-100-86-75-16-171-175-113-25-44-120-101-1-152-62-9-148-190-10-177-184-131-149-162-133-79-122-51-118-115-139-46-0-143-117-68-41-193-159-22-146-34-160-54-4-112-127-70-179-40-185-106-144-89-183-93-108-18-69-63-121-2-129-92-145-78-31-90-27-165-138-14-49-167-97-26-53-180-123-35-84-135-154-57-55-52-178-124-59-5-42-43-116-65-151-80"
62,84994,100,34703,119697,248,"181-195-159-22-146-103-34-54-177-184-84-112-35-5-96-199-18-69-108-23-186-90-81-56-113-175-171-16-94-79-133-51-118-59-116-43-160-48-131-149-180-154-135-127-123-162-151-80-176-68-140-93-117-143-183-89-153-0-46-115-41-193-139-198-137-148-9-62-144-14-49-152-97-26-1-178-106-185-165-119-40-196-31-145-78-44-120-2-129-92-57-52-55-75-101-86-53-63-65-42"
63,95373,100,44771,140144,243,"148-37-102-14-144-62-42-160-34-48-184-35-131-137-186-23-43-54-30-177-10-4-112-127-70-86-101-57-55-106-178-3-49-114-183-143-117-93-0-167-179-92-129-152-53-180-135-154-75-16-175-171-44-120-123-149-162-133-63-122-79-151-59-118-41-193-18-108-139-96-5-181-146-22-159-68-89-15-9-145-78-2-1-97-26-100-80-176-94-124-52-185-40-90-165-51-65-116-115-46"
64,88296,100,38639,126935,235,"145-78-31-196-81-90-27-165-185-2-75-86-101-1-97-26-180-154-53-100-121-65-116-42-5-96-115-72-151-162-149-59-118-51-176-80-152-129-92-57-124-94-137-0-143-117-18-22-146-34-184-84-112-127-123-131-43-181-160-48-54-177-4-70-135-55-52-178-49-102-114-183-89-23-186-15-144-14-138-62-9-46-139-159-193-41-120-44-16-171-175-113-40-119-106-148-122-79-133-63"
65,89866,100,40323,130189,270,"23-148-9-62-15-186-89-183-0-68-139-46-51-176-80-189-152-97-1-101-26-100-70-135-121-2-129-40-185-106-178-3-138-14-49-144-137-184-177-54-43-116-59-79-122-63-94-124-167-52-55-57-145-78-31-113-165-39-95-164-27-90-81-196-92-65-47-35-112-127-123-162-151-133-180-53-158-154-118-115-41-22-34-160-181-42-131-149-86-75-44-16-171-175-25-120-193-18-117-143"
66,87599,100,38209,125808,321,"62-102-49-178-106-179-145-78-129-79-151-46-68-117-0-143-183-89-23-186-15-37-148-124-94-152-1-2-57-55-185-40-119-137-118-59-116-65-47-149-194-70-127-131-43-181-34-48-160-42-5-41-193-139-115-51-176-80-167-3-138-14-144-18-22-159-165-90-81-196-92-63-133-162-123-112-4-10-177-54-184-135-154-180-53-100-26-97-101-86-75-120-44-16-171-175-113-31-52-9"
67,86020,100,37595,123615,337,"62-9-167-129-92-57-55-52-106-178-180-154-135-112-4-84-184-35-131-149-59-118-115-41-193-159-195-146-34-48-54-10-190-177-139-68-117-0-143-21-164-90-165-15-186-137-94-97-86-53-63-79-133-162-151-80-124-185-40-119-176-51-46-108-69-18-22-181-160-42-43-116-65-47-123-127-70-75-31-113-175-171-16-44-101-1-152-2-120-78-145-148-23-89-183-114-144-14-49-102"
68,86916,100,37123,124039,256,"14-138-39-165-52-55-57-101-86-53-158-154-135-127-123-131-149-133-79-151-65-47-35-184-41-115-122-63-182-121-100-26-97-152-148-186-23-137-118-59-116-43-42-5-51-176-80-94-78-31-113-175-171-16-44-25-92-9-62-144-49-178-106-179-145-196-81-90-119-40-185-117-108-18-22-146-34-54-177-84-162-180-1-2-129-82-120-75-70-112-4-160-181-193-139-46-0-143-183-89"
69,92414,100,43226,135640,264,"3-178-167-124-152-92-179-196-81-90-27-165-145-25-44-120-75-97-148-9-62-51-59-149-127-70-135-154-180-133-151-118-115-139-46-2-82-129-186-89-183-0-41-193-159-18-117-143-23-106-52-55-184-160-43-65-162-53-121-189-94-49-14-144-79-123-112-4-177-54-34-146-22-195-181-42-5-116-78-31-56-113-175-171-16-40-119-185-57-1-101-86-26-100-63-80-176-137-15-102"
70,83131,100,35241,118372,286,"55-120-44-25-78-145-92-129-2-152-94-162-123-127-70-135-133-180-154-158-53-26-86-75-101-1-97-63-79-80-115-139-68-140-108-18-34-54-160-43-47-116-0-117-143-183-89-165-119-40-185-106-178-148-176-151-184-177-4-112-35-131-149-65-59-118-51-137-9-62-186-23-46-41-193-159-195-22-146-181-42-5-124-57-179-31-16-171-175-113-196-81-90-164-21-14-144-102-49-52"
71,87336,100,36807,124143,230,"160-184-35-123-194-180-53-100-86-75-2-178-3-106-185-179-92-152-97-63-79-133-65-116-59-118-122-1-101-158-154-135-162-151-186-15-62-49-52-55-70-127-112-84-131-149-51-137-23-89-0-41-193-159-22-18-117-143-183-57-145-31-56-113-175-171-16-81-90-165-119-40-196-78-25-44-120-129-167-37-102-14-144-9-148-124-94-26-121-80-176-46-68-93-140-139-115-43-42-34"
72,89157,100,39950,129107,362,"62-144-14-178-106-167-79-133-162-184-177-54-48-160-42-5-43-116-72-151-80-52-185-119-40-152-53-180-154-158-100-97-1-129-57-55-148-89-183-143-117-93-0-137-124-16-171-175-113-31-78-75-135-123-149-193-159-108-18-22-146-34-181-41-115-49-165-27-90-81-196-145-92-82-25-44-120-2-94-176-46-68-139-63-121-26-101-86-70-127-112-84-35-131-47-65-59-118-51-9"
73,87253,100,39057,126310,296,"75-16-171-175-113-31-78-25-44-120-145-92-57-140-108-18-139-115-176-148-185-40-81-90-165-106-178-14-144-15-114-186-118-160-34-146-22-131-149-123-194-63-122-79-133-151-162-84-35-65-116-41-193-159-181-42-43-59-124-52-55-129-2-1-97-101-86-100-26-152-167-49-102-62-9-94-53-70-127-112-184-54-177-10-4-135-154-180-137-23-89-183-143-0-117-93-68-46-51-80"
74,91272,100,42787,134059,230,"84-123-162-80-137-23-0-46-51-79-63-129-92-179-40-165-39-164-27-90-81-113-56-31-78-145-196-185-106-65-43-42-116-59-118-151-133-94-102-49-14-144-62-124-97-26-100-101-1-152-167-9-15-114-143-117-93-108-18-41-176-148-178-52-55-57-2-135-160-34-22-159-193-181-184-35-131-149-115-139-68-183-89-186-120-44-75-158-154-180-53-86-25-175-171-16-70-127-112-4"
75,87753,100,39588,127341,268,"184-177-10-4-112-35-131-149-123-127-162-137-183-89-186-9-62-178-106-165-90-40-185-0-143-117-93-108-18-69-115-116-43-160-54-34-146-22-53-75-44-16-171-175-145-179-52-55-57-92-129-2-124-80-51-118-59-151-133-101-82-78-31-56-113-25-120-86-158-70-135-154-180-63-94-152-1-97-26-100-121-79-46-68-139-41-193-159-181-42-176-148-102-49-14-164-7-21-144-65"
76,88601,100,39872,128473,221,"18-69-108-93-183-89-144-14-165-90-81-179-92-2-1-97-124-94-26-100-70-10-177-54-34-42-149-135-154-158-86-44-145-78-16-171-175-113-31-196-40-185-52-152-53-180-162-47-65-115-139-46-118-151-80-176-137-148-55-57-129-120-75-101-167-102-49-3-106-178-0-117-143-23-186-62-9-51-59-116-43-160-48-184-131-133-79-122-63-127-123-41-193-159-35-112-4-84-181-22"
77,88768,100,39829,128597,223,"14-102-49-178-106-185-52-55-26-100-121-63-79-133-151-162-112-4-10-177-54-34-146-22-181-42-116-65-145-78-25-120-129-92-179-57-167-124-94-53-180-135-154-44-16-171-175-113-56-31-46-139-115-59-101-1-97-80-118-51-176-152-74-2-75-86-70-127-123-149-43-5-41-193-68-0-23-148-40-90-165-62-9-15-186-137-131-184-160-159-18-108-140-93-117-143-183-89-114-144"
78,87431,100,38797,126228,246,"181-22-146-34-54-177-112-135-154-53-121-63-122-176-0-143-117-93-68-115-116-43-42-5-159-18-108-69-193-41-139-46-78-145-196-81-40-185-57-1-101-97-26-100-162-65-149-123-127-70-75-44-25-120-86-158-180-59-118-51-137-15-62-9-148-80-151-133-79-189-2-129-92-167-186-89-183-23-124-94-152-55-52-138-14-144-102-49-178-106-165-90-31-113-175-171-16-35-184-160"
79,85128,100,37167,122295,268,"149-131-43-5-42-160-48-54-30-181-41-68-117-143-183-21-164-90-165-185-106-0-108-18-22-184-10-177-34-146-159-193-139-89-186-114-15-9-62-102-49-167-148-176-80-79-63-137-23-144-14-138-3-178-133-151-162-123-127-70-135-75-92-145-196-81-40-52-55-57-129-152-121-180-154-53-100-26-86-101-97-1-2-120-44-25-16-171-175-113-31-78-94-51-59-65-116-115-46-118"
80,92151,100,42979,135130,220,"185-106-115-41-193-139-68-117-0-143-144-62-15-186-89-183-23-137-176-51-109-118-5-181-195-146-22-159-18-46-124-92-129-2-1-101-75-86-135-35-184-177-10-4-112-63-94-148-9-167-26-100-53-154-180-97-152-49-102-79-133-151-162-127-123-149-131-47-105-116-65-80-165-90-164-21-59-43-42-160-34-54-70-31-113-175-171-16-25-44-120-78-145-57-55-52-178-14-138-40"
81,87604,100,39587,127191,225,"46-106-165-39-164-21-14-144-183-143-0-117-18-22-146-103-34-177-10-4-112-127-123-84-35-41-193-115-118-120-44-16-171-175-113-31-55-52-178-49-102-62-137-23-186-114-15-9-148-124-94-135-70-101-82-92-129-2-1-97-26-63-79-80-151-184-54-48-160-43-65-149-162-133-152-145-78-25-75-86-154-180-53-100-57-196-81-90-40-185-176-51-59-116-5-42-181-159-139-68"
82,84885,100,36081,120966,251,"57-40-165-185-52-167-176-41-193-159-42-43-35-84-112-4-10-177-54-181-139-0-143-144-14-90-81-31-113-175-171-2-80-151-72-59-118-115-116-65-133-79-122-63-121-53-180-154-184-48-160-34-146-22-18-108-68-46-162-135-70-127-123-131-149-51-137-23-183-89-186-15-62-3-178-106-152-97-94-124-148-9-102-49-55-179-145-16-44-75-86-100-26-101-1-120-25-78-92-129"
83,85036,100,36435,121471,280,"138-14-144-15-89-183-143-0-117-68-159-22-146-34-184-123-127-70-86-75-82-129-92-57-55-52-53-180-154-135-162-18-108-139-118-51-176-80-79-63-101-120-25-78-145-179-81-90-165-59-43-42-41-193-137-148-167-152-26-100-94-124-106-178-49-102-62-9-186-23-46-115-160-54-177-4-112-35-131-149-47-116-65-151-133-121-97-1-2-44-16-171-175-113-56-31-196-40-119-185"
84,89270,100,41218,130488,243,"149-47-65-115-139-68-93-140-108-18-193-46-148-57-55-52-9-186-143-117-0-153-183-89-23-94-180-154-53-86-101-26-63-79-80-176-137-15-144-14-167-152-97-135-112-4-190-10-177-54-48-160-92-145-78-25-44-120-123-43-181-34-146-22-159-41-42-116-59-118-51-62-102-49-178-106-7-164-90-165-40-185-129-2-133-151-162-1-31-113-175-171-16-75-70-127-84-184-35-131"
85,88338,100,40414,128752,328,"9-62-15-186-59-65-43-184-35-123-127-112-177-54-48-160-34-22-159-193-120-16-171-175-113-31-81-90-27-164-14-144-122-79-63-57-92-129-26-154-135-70-75-44-25-78-145-179-196-40-119-165-185-49-102-23-118-116-42-181-41-46-137-167-2-1-101-86-53-180-80-51-176-55-52-106-178-114-89-183-143-0-18-108-93-117-68-139-115-47-131-149-162-151-133-97-152-94-124-148"
86,93372,100,44450,137822,339,"14-49-102-46-139-181-160-184-84-112-70-75-2-55-52-178-106-31-113-175-171-16-120-42-41-193-159-108-18-22-34-54-43-162-133-86-101-1-152-148-15-114-89-183-80-79-63-94-124-167-3-185-119-40-44-25-78-81-90-165-115-116-65-59-118-51-9-62-180-154-135-127-123-149-131-47-72-151-176-137-23-186-37-57-145-92-129-97-26-100-53-4-190-10-177-68-117-0-143-144"
87,83774,100,35252,119026,261,"22-34-48-84-112-127-70-135-154-180-79-183-89-144-14-21-7-164-90-165-40-185-179-92-57-49-62-9-124-151-59-65-47-131-181-146-195-115-118-51-137-23-186-15-148-129-2-1-53-63-80-176-46-41-193-159-54-177-10-4-123-133-94-152-97-26-100-86-101-75-120-44-25-16-171-175-113-31-78-145-55-52-106-178-167-162-149-184-160-42-43-116-5-96-139-68-0-143-117-18"
88,83904,100,33988,117892,231,"78-31-113-175-171-16-44-120-75-86-101-1-100-53-180-154-135-70-127-112-123-162-133-151-72-51-23-186-148-152-97-26-121-63-79-149-131-77-47-59-118-80-124-167-178-106-52-55-2-94-122-65-116-43-184-84-190-10-177-54-30-41-193-18-117-0-143-183-144-21-164-27-90-165-14-9-176-115-42-181-160-48-34-146-22-159-139-198-68-46-137-62-102-49-40-185-57-129-92-145"
89,87353,100,37000,124353,236,"41-193-181-190-10-177-54-48-34-103-146-22-159-51-79-120-25-78-16-44-75-86-100-154-70-127-123-162-151-80-176-68-18-108-117-143-183-89-23-94-121-53-180-135-194-133-63-26-171-175-113-31-106-3-138-14-144-62-148-112-4-84-160-42-43-116-118-59-149-131-35-184-77-47-65-115-46-137-9-102-49-178-57-145-92-129-2-101-1-97-152-55-52-185-40-165-15-186-0-139"
90,84117,100,34667,118784,358,"1-101-154-70-127-112-4-123-162-133-79-151-184-54-160-34-22-18-108-41-116-65-59-118-94-106-52-55-57-92-129-2-124-23-186-102-49-178-165-90-81-196-145-78-25-44-120-86-53-158-180-121-100-26-189-63-122-80-176-51-137-148-9-62-144-14-138-185-40-31-113-175-171-16-75-135-149-131-46-0-143-117-68-139-193-159-146-181-42-43-5-115-183-89-114-15-37-167-152-97"
91,88841,100,38999,127840,364,"84-177-10-190-4-112-70-158-92-179-40-81-90-165-185-124-162-131-184-54-48-160-47-65-149-123-127-135-154-180-53-121-100-26-49-14-144-62-9-79-133-151-72-115-46-0-143-117-108-18-68-176-94-152-57-55-52-106-178-97-1-101-2-82-129-148-137-159-22-34-181-42-43-116-5-96-41-193-139-183-89-23-186-80-63-86-75-44-25-78-145-113-175-171-16-120-51-118-59-35"
92,85518,100,36013,121531,248,"151-133-63-94-124-167-178-106-52-55-152-180-154-135-127-70-53-86-101-75-120-82-2-1-26-100-0-117-143-183-89-144-14-165-185-57-92-145-31-56-113-175-171-16-44-25-78-49-9-62-21-7-164-27-90-176-41-193-159-22-146-34-160-181-42-5-116-118-137-23-186-148-40-81-196-179-129-97-112-4-10-177-184-43-65-47-131-149-123-162-72-59-115-139-68-46-51-80-122-79"
93,87177,100,38729,125906,255,"181-42-65-151-63-124-167-106-178-49-102-15-186-23-68-46-133-180-158-154-135-59-115-139-108-18-193-41-118-51-122-94-82-120-44-25-31-113-175-171-16-78-145-92-129-2-1-97-152-55-52-185-40-119-165-149-131-184-10-177-54-48-34-22-159-53-100-26-101-75-86-70-127-123-162-79-148-9-62-144-14-21-164-90-81-196-179-57-80-176-137-0-117-170-143-183-89-116-43-160"
94,85968,100,37823,123791,252,"51-137-23-89-183-143-117-93-140-0-186-15-49-185-40-165-138-14-68-108-18-22-159-193-41-115-118-151-133-121-100-53-180-72-59-43-160-54-177-4-112-127-70-135-154-79-80-63-94-124-148-9-62-102-167-152-2-120-44-16-78-145-55-52-46-139-146-34-181-5-42-184-35-116-65-131-149-123-162-144-21-164-90-81-196-113-175-171-31-106-178-57-92-1-97-101-75-86-26-176"
95,93722,100,45312,139034,267,"160-54-184-65-59-122-120-44-25-78-57-55-49-102-144-62-9-80-162-123-177-10-4-112-127-70-86-101-97-189-124-148-21-164-90-165-52-1-26-100-63-79-131-149-151-167-178-3-138-14-183-143-117-18-22-115-75-16-171-145-179-92-129-2-152-51-118-46-139-41-193-68-0-89-114-15-94-121-53-180-154-135-133-176-137-23-186-196-31-175-113-81-40-185-106-116-43-42-181-34"
96,87036,100,38802,125838,268,"40-185-57-129-118-115-22-146-34-54-177-184-112-127-135-154-180-80-176-137-23-186-89-183-93-108-18-139-15-165-90-164-7-21-144-62-9-37-148-124-167-55-52-106-178-3-49-152-97-1-101-2-92-145-179-196-81-113-56-31-78-25-120-46-68-117-143-0-51-151-133-162-123-65-116-43-5-42-160-48-181-159-193-41-59-26-44-171-175-16-75-86-53-63-79-94-102-14-138-119"
97,86885,100,37731,124616,314,"25-78-145-92-148-137-0-68-41-181-34-160-184-123-44-16-171-175-113-56-31-138-14-144-114-186-89-183-143-153-23-15-62-9-176-51-118-80-63-53-86-101-1-97-26-100-94-79-133-151-162-149-131-43-42-115-46-139-193-159-22-18-108-93-117-49-179-91-157-196-81-40-119-165-185-106-178-39-27-90-129-2-152-57-55-52-59-65-116-48-54-177-112-127-70-135-154-180-75-120"
98,84546,100,35182,119728,264,"23-186-148-167-152-189-94-0-117-143-183-21-90-165-106-178-52-55-57-78-16-171-175-113-31-196-40-185-145-25-44-120-92-129-2-75-65-43-42-5-118-51-176-80-79-133-151-116-146-22-18-108-140-93-68-181-34-160-48-54-177-184-131-149-124-9-62-102-49-14-144-15-89-46-139-159-193-41-115-59-72-63-53-158-180-154-135-162-123-127-70-86-101-1-97-26-100-121-122-137"
99,86573,100,37520,124093,225,"135-154-180-94-124-52-55-57-92-78-145-196-185-3-49-102-112-84-35-176-9-62-89-183-143-0-117-93-108-18-22-193-41-144-14-164-27-90-81-31-113-175-171-16-25-148-186-23-137-51-72-162-123-127-63-167-178-106-165-119-40-179-129-152-1-97-26-121-79-133-151-149-131-42-181-34-160-54-177-184-43-116-65-59-115-139-46-118-109-80-100-101-2-120-44-75-86-53-158-70"
100,87634,100,36355,123989,238,"62-49-14-165-40-81-196-185-106-178-44-120-2-152-133-51-176-80-79-63-122-137-23-183-89-186-124-94-189-121-100-26-97-1-129-55-52-57-92-145-78-171-16-75-101-86-70-112-4-177-54-184-35-131-47-65-59-118-116-105-43-42-159-193-41-5-149-123-162-151-148-21-164-27-90-39-144-0-46-181-34-160-84-127-135-154-158-53-180-115-139-22-18-69-108-93-117-143-15-9"
101,85882,100,36313,122195,242,"0-46-51-122-26-86-75-101-1-97-47-65-151-129-57-55-52-148-183-143-117-68-139-115-118-79-63-182-121-100-53-158-180-154-135-70-127-123-160-181-2-120-44-78-16-171-175-113-56-31-145-92-40-81-90-165-185-106-178-152-94-133-162-149-131-77-184-35-84-112-4-10-177-54-48-34-146-22-18-108-159-193-41-42-43-116-59-23-186-137-176-80-124-49-14-144-102-62-9-89"
102,86674,100,38153,124827,220,"176-80-167-178-3-138-14-9-148-46-139-193-41-96-43-116-65-59-162-133-79-94-124-152-55-52-185-119-40-81-16-171-175-113-56-31-196-106-62-15-186-23-108-18-22-149-123-63-75-120-44-78-145-179-57-49-102-144-21-164-92-129-2-1-101-86-70-127-135-154-180-53-26-97-90-27-39-165-151-51-118-115-5-42-184-10-177-54-48-160-34-181-159-68-117-0-143-183-89-137"
103,89222,100,41019,130241,287,"115-41-193-159-22-18-108-69-139-151-133-180-53-100-97-152-178-106-52-55-2-1-101-75-86-26-89-183-143-0-23-165-90-27-164-21-148-122-80-176-137-9-62-102-49-14-144-15-186-42-181-34-160-162-79-63-171-175-113-31-179-117-68-46-51-109-118-59-149-131-65-116-43-184-10-177-54-48-35-84-4-112-123-127-70-135-154-57-185-40-92-129-120-44-25-16-78-145-124-94"
104,87499,100,37970,125469,299,"52-185-40-81-90-165-144-62-9-15-186-23-0-108-18-151-44-16-171-175-113-31-159-22-146-103-34-181-96-198-46-139-193-41-115-118-51-176-137-89-183-143-117-93-68-5-160-54-177-184-131-149-65-43-42-116-59-148-49-178-106-138-14-102-133-162-123-35-84-4-112-70-120-25-78-145-92-57-129-2-124-94-80-79-63-182-121-100-26-97-1-101-75-86-154-135-180-53-152-55"
105,91686,100,42869,134555,257,"55-52-106-178-49-14-138-165-27-90-81-196-31-78-120-2-124-117-93-140-108-18-68-46-51-97-1-101-86-26-100-70-112-4-127-135-154-180-62-9-80-176-137-89-183-143-0-63-121-53-133-151-159-22-34-184-123-75-44-113-175-171-16-25-139-193-41-116-65-47-43-35-84-177-54-160-181-42-115-23-186-148-57-145-92-129-152-94-122-79-162-149-131-72-59-118-144-119-40-185"
106,88261,100,37595,125856,207,"159-139-68-115-96-5-181-160-54-177-10-190-116-118-59-84-4-112-127-70-86-100-26-189-137-23-186-148-16-171-175-113-56-31-196-106-178-52-55-92-25-44-120-75-101-143-0-46-51-176-144-14-165-40-185-57-129-152-124-94-122-80-108-18-22-34-184-35-123-162-151-65-105-47-149-131-43-42-140-93-117-183-62-49-179-145-78-2-1-97-121-53-154-135-180-63-79-133-41-193"
107,83767,100,35585,119352,328,"34-54-177-4-112-84-35-184-160-181-159-18-108-140-129-16-171-175-113-31-92-57-52-55-2-1-97-101-86-75-120-44-25-78-145-196-81-90-40-165-14-102-144-114-23-186-15-62-9-148-124-94-133-151-162-149-131-47-43-116-65-59-118-51-137-89-183-143-117-93-68-46-0-176-80-79-122-63-180-135-127-70-154-152-185-106-178-49-139-193-41-115-26-100-53-123-42-195-22-146"
108,87665,100,35546,123211,251,"52-178-3-49-37-124-100-26-101-1-57-90-27-164-95-39-165-8-106-185-119-40-81-113-175-171-16-102-144-14-138-25-44-2-186-23-68-46-118-59-116-65-149-131-43-42-181-22-146-34-160-54-177-184-151-176-148-9-62-15-51-115-139-193-41-123-127-135-154-180-133-80-79-63-53-86-75-120-82-129-92-145-179-91-196-157-31-78-167-137-0-117-143-183-89-94-189-97-152-55"
109,86009,100,37367,123376,279,"52-2-101-26-100-86-75-44-25-78-120-1-97-63-79-133-151-59-118-51-80-176-0-143-117-93-108-18-34-54-10-177-48-41-193-139-68-46-115-116-154-152-55-185-40-196-145-92-129-124-94-162-149-131-43-42-112-84-184-160-181-146-22-159-123-127-70-135-47-65-148-144-102-49-3-14-138-165-27-90-31-113-175-171-16-57-62-9-186-89-183-23-137-180-158-53-121-167-178-106"
110,83126,100,34237,117363,257,"118-46-68-108-18-34-54-177-10-190-4-112-123-127-70-129-92-78-175-171-16-44-25-145-179-119-39-165-57-55-52-178-3-49-102-62-9-167-152-97-26-100-101-1-2-120-75-86-53-180-154-135-133-151-176-137-183-89-186-144-14-138-90-81-113-31-196-40-185-106-148-193-41-115-109-51-80-94-63-79-162-149-131-116-159-22-146-181-42-5-139-117-143-170-0-43-160-184-65-59"
111,88612,100,40336,128948,217,"151-79-152-2-129-185-40-119-106-178-89-183-116-65-47-35-184-177-54-48-34-160-127-70-123-131-149-176-137-186-15-9-62-144-14-52-55-57-92-145-31-113-175-171-16-78-43-42-5-46-0-143-117-93-140-108-18-69-68-23-102-49-148-124-94-63-180-154-53-26-86-101-75-44-25-120-1-97-133-162-84-190-4-112-135-165-90-81-196-179-80-51-118-115-139-22-159-193-41-59"
112,91029,100,41588,132617,276,"144-183-89-23-186-31-113-175-171-16-78-62-9-162-123-84-177-10-190-4-112-127-70-135-154-100-26-101-1-97-133-65-116-43-131-149-79-185-40-90-27-39-165-102-59-42-159-193-41-115-51-152-2-120-25-44-75-86-53-180-151-118-139-68-46-137-55-52-106-178-49-80-184-160-48-54-30-34-22-18-108-117-143-0-176-122-63-121-189-94-124-148-37-167-57-129-92-145-179-14"
113,83512,100,33985,117497,265,"106-178-176-181-159-193-41-151-133-79-63-148-9-62-185-179-145-78-16-171-175-113-56-31-81-90-40-165-14-144-49-167-124-94-80-51-109-5-42-43-77-131-149-47-65-116-184-35-123-162-180-53-75-2-120-44-25-92-129-1-97-26-100-101-86-70-135-154-152-57-55-52-15-186-137-23-89-183-143-170-117-0-46-118-59-115-139-68-108-18-22-146-34-160-54-177-4-112-127-121"
114,92484,100,43725,136209,250,"82-129-57-55-52-37-89-183-117-108-18-22-146-159-115-80-152-44-25-78-31-16-171-175-113-90-39-14-49-102-62-9-15-137-139-193-41-42-116-65-43-48-54-177-184-59-51-148-138-165-119-40-185-106-167-124-160-34-181-23-186-114-144-3-178-154-135-127-123-131-149-162-151-79-97-1-2-145-81-196-179-92-94-176-143-0-46-118-180-53-101-26-63-133-4-112-70-86-75-120"
115,89583,100,40470,130053,251,"149-51-137-23-186-124-94-152-57-92-179-145-25-44-120-82-129-2-151-59-41-193-159-22-146-180-86-75-16-171-175-113-56-31-78-1-97-26-100-70-127-112-84-184-43-115-139-96-5-116-118-176-9-62-49-14-144-89-0-140-93-117-143-183-178-106-52-55-167-63-122-80-79-133-162-123-177-54-34-18-68-46-148-185-40-165-90-81-196-157-101-53-154-135-65-47-42-181-160-131"
116,85463,100,35101,120564,266,"116-115-0-183-89-137-94-97-101-75-86-26-100-118-41-193-42-43-47-131-149-123-127-194-151-162-112-4-10-177-184-160-34-146-22-159-139-68-46-51-80-133-79-122-63-189-152-92-145-78-44-120-129-49-102-144-14-138-3-106-185-40-165-90-113-175-171-16-31-196-179-57-167-176-93-140-69-18-108-117-143-23-178-52-55-2-1-53-158-70-135-154-180-121-124-148-9-62-59-65"
117,84502,100,34673,119175,244,"114-186-117-46-139-42-181-34-160-54-177-184-35-84-4-112-123-127-70-135-122-9-62-52-179-145-78-25-120-154-162-149-65-116-43-146-22-159-193-41-115-51-176-148-178-3-49-102-144-14-138-106-167-124-94-97-1-2-44-16-171-175-113-31-137-0-143-183-89-23-80-79-180-158-53-86-75-101-26-100-121-118-59-151-133-63-152-129-92-57-55-185-40-119-165-90-81-157-196-15"
118,96836,100,46487,143323,219,"115-181-22-159-164-7-21-114-186-35-84-4-133-122-148-49-178-106-185-165-40-145-78-92-75-86-101-1-152-124-94-63-79-151-149-184-54-34-160-42-43-53-44-25-120-59-116-65-162-180-158-154-135-70-127-112-123-136-121-80-51-109-118-198-46-23-15-144-14-102-167-100-26-97-2-129-57-62-9-89-183-143-0-117-93-68-139-108-18-193-41-176-16-171-175-113-31-55-52-137"
119,88952,100,38437,127389,243,"43-47-162-79-122-80-176-89-183-143-117-93-68-5-42-41-139-0-15-165-90-81-31-113-175-171-16-25-78-196-40-119-185-179-145-92-57-55-52-94-63-133-65-116-59-51-144-14-138-3-167-124-118-115-193-159-22-146-103-34-181-46-23-186-137-121-100-26-86-75-44-120-101-1-2-129-106-178-152-97-53-154-70-112-84-35-131-149-151-148-9-62-102-49-180-135-123-184-54-160"
120,86565,100,37510,124075,230,"79-183-89-186-40-119-90-81-113-175-171-16-31-145-148-9-144-21-164-165-185-57-92-129-94-63-158-53-121-97-152-2-1-26-100-101-75-86-70-127-123-42-5-0-143-117-108-69-18-159-193-41-162-180-154-135-112-177-34-181-195-146-22-120-44-25-78-55-52-106-178-3-14-49-102-62-15-137-51-118-59-65-47-116-43-160-48-54-184-131-149-80-176-115-139-68-46-72-151-133"
121,84891,100,35572,120463,304,"160-181-42-43-116-59-51-80-122-63-180-154-70-135-133-79-53-86-75-16-78-145-2-101-1-97-152-94-176-118-115-41-193-139-46-68-93-117-0-143-183-89-186-49-178-106-52-55-129-120-44-92-57-185-40-119-90-81-196-127-112-177-184-65-137-23-148-124-100-26-167-9-62-102-144-14-165-31-113-175-171-151-162-123-84-35-131-149-47-105-5-96-159-69-108-18-22-146-34-54"
122,88794,100,38833,127627,304,"22-146-34-54-177-18-108-176-129-78-145-57-55-52-152-97-189-122-80-137-23-183-89-186-62-144-14-49-9-148-124-1-101-2-120-44-92-106-178-167-26-86-100-121-53-158-133-149-131-47-65-151-79-63-25-31-196-81-90-165-40-185-94-180-135-70-154-75-113-175-171-16-51-109-115-41-96-5-116-42-181-160-43-184-84-112-123-127-194-162-59-118-46-68-117-143-0-139-193-159"
123,84016,100,33625,117641,282,"152-121-63-79-94-124-40-165-106-178-49-102-14-144-62-9-133-151-149-131-72-51-118-59-115-159-22-18-143-183-89-0-46-42-48-160-96-139-68-117-93-140-193-41-5-35-84-112-127-70-154-135-123-181-146-34-54-177-184-43-116-65-47-162-180-158-53-80-176-137-23-186-15-148-167-120-25-179-185-52-55-57-129-2-75-101-1-97-26-100-86-44-16-171-175-113-31-78-145-92"
124,82935,100,32891,115826,239,"53-180-154-135-80-176-137-89-183-143-68-184-54-160-34-181-193-41-43-47-65-116-59-118-0-117-93-108-18-22-159-139-198-115-131-149-123-162-151-133-79-122-63-26-86-101-75-44-25-31-78-167-148-124-94-152-120-16-171-175-113-56-157-196-81-90-179-145-57-55-52-49-102-62-9-51-42-5-46-23-186-144-14-119-40-106-178-3-138-21-7-164-39-165-185-92-129-2-1-97"
125,90556,100,40781,131337,239,"178-52-55-94-116-5-42-43-47-72-176-51-109-118-59-65-149-131-184-112-123-162-53-86-75-44-25-78-145-179-57-92-129-2-101-26-100-133-151-160-48-177-54-34-181-183-89-23-186-15-49-106-185-165-27-90-119-40-81-196-152-193-159-146-22-18-139-79-63-180-154-70-135-80-0-143-117-93-68-97-1-120-16-171-175-113-56-31-167-148-137-115-96-41-46-9-62-144-14-3"
126,90283,100,40081,130364,245,"81-196-145-78-92-57-167-89-183-143-93-108-18-117-14-138-106-31-56-113-175-171-16-44-120-75-86-53-136-63-122-80-51-118-59-116-65-176-9-62-15-137-115-41-139-46-23-186-114-124-189-26-97-1-101-2-129-185-40-165-102-131-184-54-177-4-112-127-123-162-79-121-100-152-55-52-178-3-49-37-148-94-135-70-154-158-180-133-151-149-43-42-160-34-22-193-68-0-144-90"
127,94995,100,44308,139303,306,"70-127-84-177-54-18-117-183-89-23-137-80-79-180-53-136-121-189-124-148-37-167-111-152-2-52-106-178-3-9-151-123-4-112-171-175-113-31-90-165-138-14-144-102-49-55-57-25-120-162-149-65-116-59-118-46-68-139-193-159-22-146-181-34-160-43-185-40-62-15-115-41-42-184-35-75-44-16-78-145-179-92-129-94-122-63-97-1-101-133-51-0-143-176-100-26-86-158-154-135"
128,90316,100,41981,132297,319,"139-0-186-15-148-57-179-196-90-81-113-31-78-25-70-4-177-54-131-149-80-176-137-51-118-59-65-47-116-42-181-34-160-43-162-101-44-171-175-16-75-86-135-127-123-112-84-184-5-115-23-9-62-144-14-165-40-185-53-158-154-180-124-167-49-178-106-52-55-2-152-94-46-68-93-117-143-183-89-100-26-1-120-82-145-92-129-97-63-79-133-151-41-193-108-18-22-146-195-159"
129,86223,100,36843,123066,230,"89-183-143-0-54-177-10-190-35-79-63-94-148-62-49-14-165-106-178-129-92-57-55-52-185-196-31-113-175-171-16-44-2-101-86-154-131-149-180-53-100-26-97-1-152-160-48-34-42-5-115-198-46-68-140-93-117-144-164-27-90-40-145-78-120-75-112-4-84-184-43-116-65-123-127-70-135-162-59-139-163-108-69-18-22-159-193-41-195-146-181-118-109-51-151-133-80-176-137-23"
130,85809,100,35828,121637,294,"100-121-63-123-131-149-162-151-133-180-154-53-2-129-92-179-196-145-78-79-65-116-59-51-176-80-135-70-127-112-84-184-160-146-22-18-159-34-54-177-4-120-25-31-157-81-165-138-144-89-183-143-117-0-46-139-193-41-96-5-181-42-43-115-118-137-9-62-102-49-167-111-124-94-148-14-3-178-152-101-86-75-57-55-52-106-185-40-119-27-90-56-113-175-171-16-44-1-97-26"
131,86789,100,37966,124755,218,"179-145-78-31-196-185-106-178-49-143-0-46-68-93-117-14-165-90-81-40-52-55-94-149-131-184-84-112-127-44-16-171-175-113-129-2-152-1-97-162-65-116-43-5-42-181-34-146-22-18-108-69-139-115-41-193-159-160-54-177-123-124-9-62-102-144-15-114-186-137-176-80-135-70-154-121-26-101-120-75-86-100-53-158-180-136-63-122-79-133-151-51-59-118-183-89-23-148-57-92"
132,87311,100,37291,124602,233,"129-92-179-40-185-52-55-57-152-97-43-42-184-35-102-14-138-165-90-144-41-193-159-140-93-114-15-148-37-167-124-94-162-123-127-70-135-154-86-26-100-53-180-133-51-0-153-137-176-80-122-189-121-63-79-151-149-131-112-177-54-160-34-22-18-108-116-65-59-118-115-139-46-68-117-143-183-89-23-186-9-62-49-178-106-31-113-175-171-16-44-25-78-145-82-120-75-101-1-2"
133,88667,100,40326,128993,334,"94-180-194-123-149-131-65-116-42-160-34-146-22-18-69-108-140-93-68-46-0-143-171-175-113-31-90-164-21-14-178-106-16-25-44-120-129-92-145-78-2-1-101-86-97-57-55-52-152-53-154-135-70-75-196-81-179-80-151-176-137-23-89-183-139-115-5-181-159-193-41-162-133-79-63-122-124-148-9-62-167-26-100-127-112-4-10-177-184-43-59-118-51-15-144-165-40-185-49-102"
134,89259,100,39208,128467,332,"151-0-93-117-143-183-89-114-14-165-40-185-106-63-79-80-51-118-116-65-47-77-43-5-42-181-34-146-22-18-159-193-41-121-101-1-152-167-49-178-179-145-175-171-16-44-46-68-139-115-127-70-135-154-180-53-94-148-144-102-97-26-100-86-75-2-129-57-55-52-124-176-59-149-131-184-177-54-48-160-137-23-186-15-9-62-92-78-31-56-113-25-120-35-84-4-112-123-162-133"
135,89901,100,39840,129741,207,"100-86-75-82-57-55-52-179-16-171-175-113-56-31-106-178-14-49-62-148-176-80-94-124-152-25-44-120-63-51-117-93-140-68-198-115-116-47-65-59-151-180-154-135-127-123-162-137-89-183-143-170-0-139-41-181-42-131-149-133-79-185-165-119-40-196-92-129-2-101-1-97-26-186-23-118-43-160-34-146-22-18-159-193-46-144-164-27-90-81-157-145-78-70-112-84-184-35-53-121"
136,88563,100,39506,128069,252,"176-9-62-49-102-15-186-23-143-117-46-115-118-86-75-44-120-2-1-97-152-129-92-78-31-113-175-171-16-25-101-154-135-70-127-112-177-54-48-34-181-42-179-145-196-14-144-89-183-0-139-193-159-108-18-22-146-41-116-65-43-160-184-123-55-40-119-81-90-27-39-165-185-57-26-100-158-180-53-121-182-63-122-162-149-59-94-124-148-167-52-106-178-3-137-51-151-133-79-80"
137,93345,100,43543,136888,211,"176-80-133-162-160-34-181-159-193-41-16-171-175-113-31-86-158-154-180-53-100-121-63-65-116-59-152-129-145-81-90-165-40-185-106-52-55-1-97-94-122-46-115-43-184-54-177-4-112-124-9-62-144-14-3-178-49-102-114-23-186-15-37-148-137-68-139-5-42-22-18-108-92-179-57-89-183-143-117-0-131-149-123-127-70-135-75-44-25-78-120-2-101-26-79-151-72-118-109-51"
138,81877,100,32155,114032,268,"22-146-34-160-54-177-10-4-112-84-35-184-181-159-193-116-123-127-70-135-162-151-118-115-41-139-68-117-15-102-49-3-178-106-167-124-94-148-9-62-144-14-52-55-57-92-16-171-175-113-31-78-145-196-81-40-90-27-39-165-119-185-152-97-26-121-63-79-0-143-23-186-137-51-59-65-47-131-149-86-75-44-25-120-2-1-101-100-53-158-154-180-133-80-176-89-183-46-43-42"
139,88012,100,38483,126495,278,"25-44-57-40-119-90-81-92-129-2-75-70-127-123-112-84-181-159-193-41-42-43-116-65-59-118-80-122-94-124-137-0-170-143-183-15-102-49-178-52-55-167-148-37-9-62-46-198-68-93-117-89-23-97-1-101-86-158-180-154-135-162-151-133-79-63-121-26-100-53-149-160-34-54-177-184-131-51-176-144-14-165-185-106-186-140-108-18-22-139-115-152-120-16-171-175-113-31-145-78"
140,88170,100,37654,125824,237,"40-185-127-35-84-184-115-46-118-51-180-154-100-26-97-152-94-122-79-133-151-162-123-149-131-47-116-41-193-5-42-43-65-59-63-82-25-78-145-52-62-9-148-121-53-136-23-186-102-49-55-57-129-75-70-112-4-177-54-34-22-18-108-139-159-181-160-135-86-101-1-2-120-44-16-171-175-113-31-92-124-80-176-137-143-117-93-140-68-0-153-183-89-114-15-144-14-178-106-165"
141,92264,100,43177,135441,271,"40-90-27-39-165-186-89-183-23-137-139-41-115-51-176-144-14-49-102-148-80-151-43-160-34-48-184-35-101-25-78-145-178-106-31-56-113-175-171-16-44-149-131-42-181-146-22-159-59-162-135-70-127-123-118-0-143-117-46-65-116-193-18-108-68-79-63-97-152-57-55-52-167-133-84-54-177-4-112-94-124-9-62-92-129-2-1-26-100-121-136-180-154-158-53-86-75-120-179-185"
142,87509,100,39114,126623,209,"86-75-101-1-26-112-4-84-35-70-16-171-78-145-196-81-40-138-14-178-57-92-2-152-97-133-162-149-131-65-43-184-177-54-34-160-0-143-183-89-23-137-80-79-122-63-94-124-55-52-106-185-31-113-175-44-120-129-62-9-148-53-180-154-135-127-123-116-41-193-18-69-108-68-46-118-59-51-176-102-49-165-90-164-21-144-15-186-117-93-159-22-181-42-5-96-115-139-198-151"
143,86430,100,37681,124111,252,"118-51-176-52-55-57-92-2-101-53-180-154-86-145-81-90-165-40-185-14-144-183-143-117-0-23-49-178-106-137-59-65-116-115-41-193-140-93-89-186-114-15-148-167-129-120-44-25-78-31-113-175-171-16-75-70-112-177-34-181-42-5-69-108-18-22-146-195-159-139-68-46-63-121-100-26-97-1-152-62-9-124-94-135-127-123-149-131-35-184-54-48-160-43-162-133-79-80-151-72"
144,92848,100,42728,135576,287,"52-151-149-160-48-184-162-133-135-154-180-55-185-165-39-138-14-49-167-124-94-137-23-0-68-139-198-46-9-62-15-186-159-22-146-181-123-127-70-16-171-175-78-145-129-2-1-101-86-121-100-26-97-152-57-92-44-120-75-53-63-79-80-51-109-118-59-115-41-193-18-69-108-143-183-144-21-90-81-40-102-89-117-93-140-5-42-84-112-4-177-54-34-43-116-65-176-148-178-106"
145,87902,100,34060,121962,239,"131-149-79-63-94-122-80-176-51-109-118-72-151-162-116-5-195-22-146-34-54-177-48-160-181-193-41-1-101-120-44-25-78-145-31-113-175-171-16-123-184-84-4-112-127-70-135-154-180-137-23-0-117-68-46-139-115-59-133-136-182-152-2-129-57-92-75-86-158-53-121-100-26-97-19-189-124-148-49-14-144-114-186-15-9-62-178-106-185-40-183-143-93-108-18-159-42-43-65-47"
146,92872,100,44877,137749,330,"75-86-26-94-124-178-106-185-145-78-25-44-70-127-84-184-35-131-149-151-196-81-31-113-175-171-16-117-93-68-46-118-59-51-137-15-62-9-176-80-102-21-164-90-40-165-138-49-167-152-1-101-100-53-180-133-79-63-55-52-3-14-144-183-89-23-148-57-92-129-18-22-159-65-123-162-143-0-5-42-34-181-193-41-139-115-116-43-160-48-54-177-4-112-135-154-121-97-2-120"
147,89220,100,41310,130530,349,"62-9-186-0-143-183-89-23-137-100-86-112-177-54-34-18-108-51-80-63-121-26-97-1-101-75-2-129-145-78-31-157-196-176-159-22-146-181-149-154-135-70-127-123-59-118-151-133-180-53-124-49-14-90-27-164-7-21-144-117-68-139-116-65-43-42-115-46-93-140-193-41-160-184-35-162-79-94-55-52-185-165-40-81-56-113-175-171-16-44-120-152-148-37-167-92-57-106-178-102"
148,91100,100,41194,132294,234,"139-193-18-108-183-89-23-137-176-53-121-94-148-62-9-80-151-184-177-4-112-55-52-185-169-196-81-90-27-164-7-21-144-102-100-26-152-178-14-49-167-124-189-97-1-2-78-31-38-157-145-179-92-129-63-79-59-116-65-131-149-123-127-70-135-106-165-119-40-57-101-86-180-154-162-43-42-160-34-146-22-159-41-115-118-133-75-44-25-16-56-113-175-171-120-51-46-0-143-117"
149,88955,100,40842,129797,224,"1-100-26-97-152-94-176-51-59-42-193-41-115-124-92-57-55-52-49-102-62-9-145-78-175-171-16-120-121-63-80-137-0-143-117-139-181-160-54-177-10-4-112-162-151-118-46-68-93-140-108-69-18-22-146-34-184-135-154-75-44-25-113-56-31-196-81-40-179-70-123-43-116-65-148-178-106-165-90-27-164-21-183-89-186-144-14-138-119-185-167-79-133-180-53-86-101-82-129-2"
150,91238,100,42934,134172,221,"179-55-52-167-46-68-139-193-41-115-135-154-180-53-100-1-2-78-113-56-31-145-152-94-124-196-81-90-186-108-18-159-22-146-131-149-123-112-4-177-54-184-127-70-86-101-106-178-3-49-148-5-42-181-34-160-43-116-51-9-62-102-144-14-138-165-40-185-57-92-129-97-26-63-162-65-59-118-183-89-23-137-80-79-133-151-0-143-117-93-176-75-120-82-44-25-16-171-175-157"
151,86742,100,37900,124642,226,"75-70-135-133-79-122-63-94-100-86-101-1-97-26-53-151-46-139-115-59-118-109-51-176-137-23-186-89-183-41-193-181-34-22-159-162-154-180-178-3-49-148-123-112-4-190-10-177-43-42-160-48-54-184-120-25-78-92-129-57-55-52-106-185-40-165-90-81-196-145-179-138-14-144-102-62-9-15-149-65-116-68-93-140-108-18-69-117-143-170-0-80-152-2-31-113-175-171-16-44"
152,89895,100,40651,130546,221,"94-122-79-80-176-51-118-59-131-149-135-86-75-145-55-52-148-137-0-143-183-89-23-186-57-92-129-2-152-97-1-120-44-16-171-175-25-101-26-133-162-72-65-47-116-43-5-41-193-139-46-49-165-39-95-164-27-90-81-113-31-78-196-40-119-185-54-30-48-160-42-115-151-167-106-178-14-144-62-9-123-112-177-34-146-22-18-108-140-68-159-181-184-127-70-154-158-53-180-63"
153,91208,100,42654,133862,335,"34-181-167-178-3-49-102-114-89-183-143-93-108-18-22-159-42-151-94-40-165-90-81-196-92-120-53-180-63-79-80-176-46-198-139-115-118-133-26-97-1-152-124-137-51-59-65-116-43-131-149-123-127-70-86-75-2-101-100-184-54-177-10-4-112-135-154-55-52-185-106-62-9-37-148-186-23-0-117-68-193-41-15-144-14-138-57-129-82-25-78-145-31-113-175-171-16-44-162-160"
154,90794,100,40989,131783,295,"106-178-3-167-152-1-101-97-51-93-140-108-18-59-154-180-53-86-44-25-78-145-92-94-122-176-80-79-63-26-100-121-151-118-115-139-46-102-138-39-90-31-113-175-171-16-75-135-184-48-54-10-177-160-34-22-159-193-41-42-43-68-117-137-124-2-120-129-148-186-23-89-114-144-14-165-119-40-185-57-133-162-149-131-65-116-47-35-112-127-123-0-143-183-15-9-62-49-55-52"
155,90124,100,41776,131900,227,"129-167-124-94-63-79-149-131-121-92-145-78-2-97-26-100-53-180-154-86-101-1-152-178-106-165-40-185-57-55-52-138-21-164-27-90-14-186-23-137-162-123-127-70-75-16-171-175-113-31-112-4-84-35-65-118-0-153-183-80-133-151-51-143-117-68-46-115-139-41-193-159-22-181-116-59-176-148-9-62-49-144-15-89-93-108-69-18-42-43-184-177-54-48-34-160-135-120-44-25"
156,90496,100,41234,131730,252,"48-54-177-112-16-171-175-113-44-120-75-101-86-53-154-180-152-129-57-55-9-62-102-14-144-15-118-181-195-22-146-34-160-35-127-70-135-123-162-151-133-94-178-106-81-90-27-164-21-59-116-5-42-43-47-65-115-198-68-117-143-183-89-23-80-79-63-121-97-1-26-100-124-148-167-49-165-119-40-185-52-176-51-46-139-41-193-159-18-69-108-93-0-137-92-145-78-2-149-184"
157,88279,100,39215,127494,257,"127-112-84-35-149-133-79-63-178-106-52-55-40-90-81-196-129-101-86-53-154-180-94-124-9-62-186-23-0-143-183-89-148-57-92-179-185-165-14-114-117-68-46-115-118-59-65-47-116-43-42-5-41-193-139-51-176-80-151-162-4-10-177-54-159-22-146-34-184-123-135-100-26-152-167-49-102-144-15-137-181-160-131-97-1-2-145-31-56-78-82-120-44-25-113-175-171-16-75-70"
158,88283,100,39374,127657,296,"121-26-100-154-70-135-15-9-62-144-14-138-165-185-106-178-53-180-47-65-116-118-0-89-183-143-117-69-18-108-140-93-68-139-115-193-41-5-181-34-160-123-86-75-44-16-171-175-113-31-25-120-101-1-2-129-92-57-55-167-148-124-94-179-145-78-127-112-177-54-184-43-42-195-146-22-159-46-137-49-196-81-90-119-40-52-152-97-133-162-151-80-122-63-79-149-131-59-51-176"
159,85319,100,35510,120829,302,"127-112-184-43-65-116-115-118-51-167-55-57-92-82-75-86-101-97-1-120-44-25-56-113-175-171-16-52-9-15-186-89-183-143-117-93-140-68-139-41-181-34-160-42-185-40-119-148-137-46-193-159-22-18-69-108-0-23-62-178-106-3-49-102-144-14-165-90-81-196-31-78-145-179-129-2-152-189-151-59-149-123-162-133-79-122-94-124-176-80-63-180-135-154-158-53-121-26-100-70"
160,84350,100,35194,119544,272,"180-135-70-154-53-86-101-1-97-133-162-151-79-75-2-120-44-16-171-175-137-0-117-143-57-92-31-56-113-81-196-78-145-179-185-40-119-165-90-164-21-138-14-144-176-51-59-115-41-193-139-46-68-18-22-159-43-112-127-123-149-131-35-84-184-177-54-48-160-34-181-42-116-65-80-63-100-26-152-55-52-106-178-49-102-62-9-167-124-148-37-15-114-186-89-183-23-94-189-121"
161,95316,100,47879,143195,281,"93-117-143-186-178-106-145-31-78-120-53-180-41-193-115-80-100-26-97-1-101-2-57-55-52-62-9-148-94-79-149-131-133-63-152-129-92-196-81-164-21-14-144-15-43-160-34-48-54-127-135-154-86-44-113-175-171-16-75-70-190-10-177-184-59-109-51-137-89-183-0-35-84-4-112-123-162-151-118-139-69-18-108-23-49-165-27-90-40-185-176-159-22-146-181-42-116-65-46-68"
162,89099,100,40931,130030,220,"139-115-116-65-59-118-109-51-137-23-186-15-80-151-162-112-4-190-184-43-149-131-35-84-127-70-53-86-101-97-1-2-57-55-185-40-145-92-129-152-94-124-148-165-90-81-31-113-175-171-16-78-44-120-75-42-41-193-159-195-146-103-181-123-135-26-167-164-7-21-183-89-79-63-180-154-133-176-0-143-117-93-108-18-22-34-54-10-177-48-160-62-144-14-178-106-52-49-9-46"
163,88503,100,39306,127809,217,"177-10-190-84-149-162-152-2-120-44-75-86-101-1-97-63-133-151-79-178-106-52-145-78-16-25-129-68-18-108-140-93-117-143-170-0-153-183-89-46-139-193-41-115-23-186-137-42-181-160-54-184-4-112-123-127-70-135-154-180-158-53-55-40-119-90-81-196-31-56-113-175-171-49-102-9-176-65-43-116-59-118-51-80-94-124-148-37-167-57-92-179-185-165-138-14-144-62-22-34"
164,91311,100,41845,133156,271,"121-26-97-1-55-52-138-14-183-143-117-68-139-116-65-162-101-2-120-145-185-40-119-165-39-27-90-81-31-78-25-80-51-46-0-137-113-175-171-16-44-75-127-112-4-177-54-34-146-22-18-159-181-42-43-47-167-106-178-144-186-23-15-9-62-102-49-148-176-149-131-160-48-184-35-123-53-100-86-158-154-70-135-180-63-79-122-94-152-129-92-57-124-118-115-193-41-59-151-133"
165,88146,100,37064,125210,261,"63-79-133-162-123-43-42-5-118-137-124-94-176-51-46-68-139-59-151-121-26-120-44-25-92-57-55-185-40-196-157-31-56-113-175-171-16-75-86-101-1-97-189-122-80-115-41-193-22-34-30-177-4-112-127-70-135-154-180-158-53-100-2-129-145-179-52-62-9-89-0-143-183-144-21-7-164-95-106-178-49-148-149-131-47-65-116-184-54-48-160-102-14-165-27-90-81-78-82-152"
166,86838,100,37898,124736,276,"131-123-135-26-100-53-154-180-63-79-133-80-176-51-118-115-139-68-93-117-143-92-78-145-81-90-27-39-165-178-106-185-40-31-113-175-171-16-57-102-15-186-23-46-41-193-159-181-42-43-116-65-184-160-34-54-177-4-112-127-70-86-75-101-1-89-183-114-129-25-44-120-2-59-146-22-18-69-108-0-137-148-55-52-49-14-144-62-9-167-152-124-94-189-19-97-121-151-162-149"
167,85655,100,36444,122099,247,"80-63-121-86-101-1-2-129-55-52-62-9-23-0-46-72-151-79-122-94-124-167-49-178-106-185-165-27-90-40-196-145-78-120-75-135-70-127-123-112-4-10-177-43-47-65-149-162-154-180-176-93-140-108-18-68-148-57-92-25-44-16-171-175-113-31-14-144-152-97-26-100-53-133-116-42-5-198-117-143-183-89-137-131-35-184-54-160-34-181-146-22-159-193-41-139-115-59-118-51"
168,86528,100,37340,123868,288,"90-165-40-185-138-14-144-62-15-114-186-89-23-137-51-118-59-65-47-116-159-108-18-22-146-34-54-160-162-63-120-44-75-70-135-133-79-80-9-102-49-3-106-178-37-148-12-124-25-16-171-175-113-167-176-139-193-41-42-43-115-46-68-117-0-143-183-52-55-129-2-86-154-180-53-100-26-101-1-97-152-94-151-149-131-184-177-4-112-123-127-78-31-157-145-92-57-179-196-81"
169,96311,100,45372,141683,190,"94-152-129-92-185-40-165-90-164-7-21-15-176-51-137-186-23-143-117-68-193-41-5-96-115-78-31-113-175-171-16-145-52-14-144-62-9-184-84-127-57-55-167-124-122-162-123-35-131-149-139-46-118-72-133-86-75-44-120-2-1-97-26-154-135-43-42-160-34-22-159-180-158-53-100-121-182-63-79-151-65-47-116-59-148-49-178-106-101-70-112-4-190-10-177-54-0-183-89-80"
170,87393,100,37793,125186,250,"143-0-68-139-115-118-109-51-149-131-123-162-151-72-59-65-47-116-43-184-54-160-34-146-22-46-167-92-129-94-122-176-80-79-63-2-78-31-81-90-165-138-14-144-62-9-57-179-145-44-120-101-86-154-180-53-26-97-1-152-124-137-23-183-89-186-15-185-119-40-196-55-52-106-178-3-49-102-37-148-135-127-177-10-4-112-70-75-16-171-175-113-133-42-41-193-159-18-108-117"
171,83335,100,33994,117329,419,"151-65-47-116-43-5-42-181-34-22-18-183-89-148-124-189-121-53-180-154-135-112-4-177-54-160-184-35-162-133-79-80-46-139-68-93-117-143-0-137-51-118-59-149-131-123-127-70-75-31-113-175-171-16-25-44-120-94-176-115-41-193-159-23-186-15-144-49-102-62-9-167-97-26-100-86-101-1-2-129-57-55-52-178-106-185-40-119-138-14-165-27-90-81-145-78-92-152-63-122"
172,87347,100,37190,124537,260,"81-90-27-165-129-2-152-37-62-9-148-63-180-154-135-43-42-181-22-18-108-183-89-102-178-106-52-185-40-179-145-92-57-55-167-124-176-51-0-93-117-143-137-94-189-1-16-171-175-113-56-31-78-25-44-120-75-101-86-100-26-97-49-14-144-15-114-186-23-151-162-133-136-182-121-53-158-70-127-123-149-65-116-59-79-122-80-118-115-160-34-54-177-10-184-41-193-139-46-196"
173,87760,100,39012,126772,245,"183-143-117-68-139-198-115-162-135-154-176-0-93-140-108-69-18-22-146-34-54-160-43-131-149-133-79-63-180-158-53-86-75-145-196-90-81-113-175-25-44-120-92-57-185-40-165-4-190-10-177-184-65-116-42-181-159-193-41-46-137-148-167-52-55-152-70-127-112-123-178-106-138-14-144-62-9-124-94-122-151-72-59-118-51-80-100-26-97-1-101-2-129-78-16-171-31-179-49-89"
174,89029,100,40932,129961,255,"14-138-119-40-185-106-178-3-49-144-183-143-117-93-140-0-23-9-62-89-108-18-22-146-159-193-41-139-115-51-100-86-75-16-171-44-53-180-154-70-135-162-133-79-63-94-124-152-97-151-59-118-46-68-137-2-120-25-78-145-31-113-175-92-57-52-55-129-1-101-26-65-43-116-176-80-179-196-81-90-27-39-165-167-123-149-131-42-184-160-34-54-177-10-190-4-112-127-148-102"
175,88077,100,37272,125349,227,"100-26-97-2-25-16-171-175-113-94-176-51-46-68-139-41-42-43-116-65-59-118-151-80-49-3-178-106-162-149-131-123-180-129-179-196-185-138-14-15-137-0-143-183-89-23-186-114-144-165-119-40-90-81-157-31-78-145-86-53-158-154-70-135-148-37-102-52-55-57-92-82-44-120-75-101-1-152-167-62-9-115-193-159-146-22-18-108-181-34-160-184-112-127-133-79-63-182-121-189"
176,92779,100,44143,136922,226,"143-117-0-46-184-10-190-84-23-186-148-185-40-81-90-27-165-124-79-112-177-54-48-160-149-151-176-51-118-139-115-59-162-180-154-135-123-34-146-181-42-129-145-78-25-44-120-82-2-121-63-133-65-47-43-116-137-15-144-21-7-164-95-14-167-152-97-26-100-1-101-75-86-53-108-18-22-159-193-41-80-94-16-171-175-113-31-106-3-178-52-55-92-57-49-102-62-9-89-183"
177,81085,100,32309,113394,360,"127-135-154-180-53-100-26-86-75-120-44-78-145-49-102-62-9-15-186-23-89-183-143-0-117-68-46-137-124-94-152-2-92-179-57-167-148-144-14-165-27-90-40-185-106-3-178-52-55-129-82-25-16-171-175-113-31-70-112-4-177-184-149-162-133-79-151-59-65-47-43-42-181-146-22-159-193-41-139-93-140-108-18-69-115-63-97-1-101-121-80-176-51-118-116-160-34-48-54-123"
178,86329,100,35319,121648,301,"133-180-53-158-154-194-123-127-70-135-151-0-117-143-165-40-90-81-31-196-185-52-106-178-3-49-102-62-9-55-57-92-129-2-152-46-139-108-18-159-115-167-145-78-113-175-171-16-82-148-23-137-118-109-51-176-80-79-122-63-94-124-189-121-100-26-97-1-101-86-75-120-44-25-179-14-144-15-186-89-183-59-149-65-116-43-42-5-41-193-181-195-22-146-103-34-160-184-112-162"
179,90006,100,41453,131459,278,"43-35-84-112-127-70-75-16-171-78-145-179-178-3-49-186-23-118-59-131-149-135-154-86-44-25-120-101-162-65-116-115-46-68-139-18-22-193-41-34-54-48-160-42-1-2-129-92-57-53-180-184-177-10-4-123-151-176-137-89-0-117-143-183-90-81-113-175-31-196-40-185-138-102-9-62-144-14-21-7-164-165-106-52-55-124-94-80-133-79-63-100-26-97-152-167-37-148-51-47"
180,91070,100,41852,132922,258,"23-124-120-44-25-16-171-175-113-31-41-193-42-160-181-159-139-46-137-167-92-129-75-86-158-70-123-149-131-115-68-108-18-22-146-43-116-118-148-9-62-15-89-183-143-0-176-80-189-26-100-154-135-162-151-133-79-136-121-53-180-63-122-94-102-49-14-90-164-21-144-51-59-65-184-48-34-54-177-4-112-127-52-178-106-165-119-40-185-55-152-97-1-101-2-78-145-179-57-186"
181,86682,100,37702,124384,260,"122-15-114-186-23-89-183-143-117-18-22-159-0-137-176-80-51-46-68-139-193-41-160-177-10-54-34-181-42-115-118-59-65-116-43-184-75-44-25-120-101-1-2-57-55-52-179-145-82-86-70-127-123-135-106-165-138-14-62-9-148-124-94-189-121-100-26-78-196-81-90-164-21-144-102-49-3-178-167-180-154-53-97-129-92-185-119-40-31-56-113-175-171-16-152-63-133-162-151-79"
182,89619,100,39809,129428,269,"135-154-180-53-148-102-49-57-92-129-26-100-121-94-124-3-39-90-81-145-55-62-15-117-68-139-115-63-82-78-31-113-175-171-16-25-101-86-75-44-120-2-1-97-152-52-106-178-9-137-41-193-159-22-42-162-133-79-151-118-198-46-23-186-164-7-21-89-0-143-183-144-14-138-165-119-40-185-167-80-176-51-59-65-116-43-184-160-34-54-177-10-190-4-112-84-35-149-123-127"
183,85968,100,36927,122895,222,"159-22-181-42-184-177-54-160-34-18-108-117-0-80-122-63-100-26-86-75-120-15-186-23-89-183-143-153-137-44-25-16-171-175-113-31-81-90-27-165-106-178-3-14-144-102-121-53-180-154-158-129-92-57-55-52-185-179-145-78-196-40-119-49-62-9-115-41-5-43-116-65-149-135-70-127-112-4-84-123-162-133-79-152-2-167-148-124-176-51-118-59-151-101-1-97-94-46-139-193"
184,85424,100,38062,123486,268,"84-184-42-193-159-181-160-48-54-177-10-190-75-2-55-52-57-92-129-1-101-86-53-154-135-162-149-65-116-133-180-100-26-97-152-40-165-90-164-21-14-70-127-123-131-43-5-41-139-115-59-63-94-124-80-51-176-148-167-196-81-31-113-175-171-16-78-145-185-106-178-179-25-44-120-49-102-144-62-9-186-0-46-118-151-79-122-137-23-89-183-143-117-108-18-22-146-34-4-112"
185,89403,100,40569,129972,272,"27-164-7-21-14-144-15-118-115-41-139-68-0-117-108-18-193-65-162-133-80-148-49-102-62-9-176-59-116-43-42-181-34-160-112-127-70-154-55-52-167-124-151-72-51-23-186-89-46-159-22-146-54-177-184-149-123-135-120-78-145-179-106-178-3-185-31-113-175-171-16-53-180-79-122-63-86-75-44-25-92-129-2-152-137-153-143-183-94-100-26-97-101-1-57-40-119-165-39-90"
186,88005,100,40018,128023,240,"184-42-43-116-65-183-89-23-186-124-94-97-26-100-80-176-51-151-162-127-123-160-54-177-135-154-180-53-63-133-149-131-118-137-15-144-21-164-27-90-165-14-138-119-40-185-167-148-0-68-139-41-181-34-22-159-193-46-62-102-49-178-52-55-57-129-92-179-113-175-171-16-44-25-31-157-81-196-106-9-143-117-108-18-115-59-72-79-121-86-101-1-152-2-145-78-120-75-70-112"
187,84752,100,35518,120270,292,"144-14-138-165-27-90-119-40-185-57-129-82-2-1-101-86-26-100-84-4-112-70-25-78-145-92-46-22-18-108-117-143-183-89-186-23-137-151-162-194-135-127-123-149-131-65-47-35-184-177-54-48-160-34-181-42-43-116-59-133-180-154-53-94-124-9-62-102-49-55-52-106-178-148-176-80-63-121-75-120-44-16-171-175-113-31-81-196-179-152-97-79-51-118-115-41-193-139-0-15"
188,89977,100,40229,130206,268,"78-145-157-196-55-52-106-178-9-15-186-114-144-14-40-185-49-62-102-138-165-90-81-31-113-175-171-16-101-35-184-160-34-22-159-139-121-100-53-154-135-70-131-47-116-65-180-86-75-44-25-120-97-46-68-117-0-143-183-89-23-124-94-80-176-51-115-96-5-43-162-26-1-2-82-92-179-57-129-152-167-148-137-93-108-18-193-41-181-42-112-127-123-149-59-118-151-133-79-63"
189,86214,100,36622,122836,308,"92-55-52-49-102-9-148-124-12-137-0-93-108-69-18-193-41-159-22-34-54-177-184-160-181-42-113-175-171-16-25-44-120-152-167-57-179-145-133-151-162-149-131-65-116-115-46-118-59-79-189-101-86-70-127-123-112-43-139-68-117-143-183-89-144-14-138-185-40-165-90-81-31-78-82-2-1-97-26-100-121-63-122-80-176-51-109-23-186-15-62-178-106-94-180-135-154-53-75-129"
190,86929,100,38179,125108,287,"0-183-89-23-133-135-127-112-4-84-35-184-43-116-5-42-181-34-146-22-159-193-115-46-137-148-178-106-78-145-165-14-144-143-117-93-140-68-139-41-160-48-54-177-10-70-154-180-53-97-1-26-100-121-63-69-18-108-176-94-44-25-16-171-175-113-31-196-40-185-80-59-65-131-149-123-162-151-79-124-52-55-57-179-92-129-120-75-86-101-2-152-167-49-102-62-9-15-51-118"
191,85556,100,36728,122284,238,"146-22-159-193-0-170-143-23-137-122-180-154-135-70-127-123-112-4-10-177-54-48-184-59-51-80-1-2-78-196-81-31-113-175-171-16-25-101-151-43-160-34-181-41-9-62-129-44-120-75-86-100-121-94-124-167-165-90-164-21-14-49-102-148-176-118-115-139-46-68-93-117-183-89-186-144-40-185-57-92-145-179-55-52-106-178-152-97-26-53-63-79-133-162-149-131-47-65-116-42"
192,82179,100,32640,114819,269,"93-140-139-18-22-193-41-181-42-115-137-15-102-49-178-106-40-185-52-55-57-129-2-152-167-148-89-183-0-68-46-118-51-151-133-136-53-180-112-4-177-54-34-160-184-43-116-65-59-131-149-135-154-158-16-171-175-113-56-31-25-44-75-86-70-127-123-162-80-176-62-9-37-124-94-122-79-63-121-100-26-97-1-101-120-82-92-78-145-179-196-81-90-165-14-144-186-23-143-117"
193,87540,100,39713,127253,241,"131-149-65-116-43-184-10-177-54-48-34-160-42-23-186-148-152-2-120-16-171-175-113-31-59-115-198-46-68-117-0-51-162-123-97-52-185-40-179-129-1-101-26-80-176-137-89-183-139-41-193-159-146-22-18-108-140-93-143-114-15-165-119-196-145-78-92-57-55-102-9-62-144-21-164-27-90-81-25-44-75-86-53-133-151-79-122-63-154-180-94-124-49-14-178-106-135-70-127-112"
194,87088,100,36344,123432,224,"1-97-26-100-63-80-65-47-43-77-131-149-180-53-86-154-135-127-123-162-151-133-79-94-124-167-9-15-148-176-112-177-54-34-160-184-178-106-185-119-90-81-113-175-171-16-44-25-31-196-40-165-138-14-102-62-144-155-49-3-52-55-51-59-116-5-41-193-115-46-68-139-159-22-146-181-42-118-137-89-183-153-0-170-143-117-108-18-69-152-78-145-179-57-92-129-120-2-75-101"
195,82104,100,33236,115340,317,"22-146-34-181-42-116-65-131-149-154-2-92-179-145-78-31-113-175-171-16-52-178-106-165-39-27-90-81-44-120-129-57-55-185-40-138-14-0-117-143-183-89-186-23-137-176-80-1-101-75-86-158-135-70-127-162-151-133-79-122-94-124-148-37-9-62-144-15-51-59-43-184-160-54-177-10-4-112-123-63-102-49-167-152-97-26-100-121-53-180-118-115-46-68-108-18-139-41-193-159"
196,87598,100,38474,126072,250,"40-196-179-52-55-57-129-1-97-80-176-137-15-9-62-144-14-102-148-51-118-115-5-47-123-135-120-25-44-75-70-127-112-184-54-160-34-22-18-108-93-117-143-0-63-121-100-26-101-2-82-81-90-27-164-39-165-145-92-124-94-79-151-65-116-59-152-78-31-56-113-175-171-16-86-53-154-180-89-183-46-139-41-193-159-146-181-42-43-131-149-162-133-167-49-3-178-106-185-119"
197,90236,100,41501,131737,225,"9-167-152-97-53-180-135-131-149-102-14-90-27-164-7-21-144-115-159-146-34-160-184-112-16-171-175-113-31-82-75-86-101-1-26-100-59-42-181-22-18-108-69-139-68-46-118-2-120-44-25-78-145-57-55-52-3-49-62-15-137-23-89-183-117-193-41-5-43-116-65-133-79-63-80-51-0-143-94-124-178-106-185-165-39-119-40-81-196-179-92-129-154-70-127-123-162-151-176-148"
198,88664,100,39295,127959,272,"162-151-79-122-94-124-80-176-43-160-181-42-118-51-59-65-116-159-22-18-108-93-0-23-49-178-106-52-101-86-53-180-154-135-70-75-44-120-149-131-5-41-193-34-54-184-84-112-165-39-27-90-81-179-129-97-26-100-1-2-82-78-145-92-57-167-148-186-89-183-143-117-68-139-115-198-46-137-15-144-14-185-196-40-119-102-62-9-55-31-56-113-175-171-16-25-152-63-133-123"
199,85199,100,36170,121369,284,"54-160-181-42-43-116-151-133-79-80-51-115-139-41-193-159-22-34-184-84-112-123-127-63-9-62-102-144-14-31-56-113-175-171-16-25-44-53-154-70-135-162-118-46-68-69-18-108-93-117-143-183-89-23-148-167-57-179-196-81-90-165-92-129-26-100-86-101-1-97-189-121-180-149-65-59-94-152-2-120-75-122-176-137-186-114-15-49-3-178-106-52-78-145-40-185-55-124-35-177"
200,88718,100,41426,130144,253,"93-68-51-97-1-26-180-112-177-54-160-184-35-131-149-162-86-75-120-92-57-129-2-101-100-53-154-135-70-127-123-181-34-22-159-139-115-46-0-183-89-49-178-196-81-14-15-186-137-176-80-94-124-167-102-144-21-7-164-27-90-165-40-185-106-52-55-152-121-133-116-42-43-65-151-79-63-179-145-78-25-44-16-171-175-113-31-108-69-18-193-41-59-118-148-9-62-23-143-117"
