SolutionID,TotalCost,NumNodes,TotalDistance,ObjectiveFunction,TotalRunningTime,Cycle
1,77720,100,22999,100719,288,"62-144-14-138-165-90-40-185-179-145-78-171-16-44-120-75-86-101-1-97-26-100-121-53-158-180-154-70-135-194-127-123-24-162-151-133-79-63-94-122-80-176-51-109-72-118-59-116-65-47-77-131-149-112-35-43-42-184-54-160-34-181-115-198-46-68-139-41-193-159-146-22-18-69-108-93-117-0-170-143-183-89-23-137-148-167-124-152-2-129-92-57-55-52-106-178-3-49-102-9"
2,73779,100,22320,96099,273,"43-116-65-47-149-131-35-184-160-181-159-22-146-34-54-177-4-112-127-123-162-151-133-194-135-70-154-180-53-121-100-26-1-101-86-75-120-44-25-16-171-175-113-56-31-157-78-145-179-196-81-90-27-165-40-185-14-144-102-62-9-148-49-178-106-52-55-57-92-129-82-2-152-97-189-124-94-63-122-79-80-176-137-23-186-89-183-143-0-118-59-115-46-68-139-193-41-96-5-42"
3,74751,100,24396,99147,206,"46-68-139-41-115-59-149-65-116-43-42-181-195-159-193-18-22-146-34-160-48-54-30-177-10-190-184-84-112-127-135-123-162-133-151-118-51-176-80-12-124-94-189-122-79-63-180-154-53-26-97-152-1-101-86-75-2-120-44-129-57-92-145-78-16-171-175-113-31-196-81-90-27-165-40-185-52-55-167-148-37-102-49-3-178-106-138-14-144-62-9-15-114-186-137-23-89-183-143-0"
4,75066,100,24472,99538,191,"4-177-184-43-42-160-34-146-22-18-108-139-159-193-41-116-65-131-149-59-115-46-0-117-143-183-89-23-137-176-80-79-122-63-94-152-2-82-129-57-92-145-179-91-40-119-39-165-185-55-52-106-178-3-138-49-102-148-9-62-144-14-21-164-27-90-81-196-157-31-113-175-171-16-78-25-44-120-75-101-1-97-86-26-100-121-53-180-154-70-135-133-151-51-109-118-72-162-123-112"
5,73268,100,22788,96056,206,"164-95-39-165-119-40-185-55-52-106-178-3-138-14-144-49-102-62-9-148-15-186-23-89-183-143-117-93-0-137-176-80-79-133-162-151-51-118-46-68-139-115-59-65-116-43-42-41-193-159-22-146-181-34-160-48-54-177-10-184-112-123-127-135-154-180-53-63-94-26-100-86-75-101-1-97-152-2-129-57-179-91-145-78-92-120-44-25-16-171-175-113-56-31-157-196-81-187-90-27"
6,74519,100,24559,99078,206,"177-54-160-34-181-146-22-159-41-193-18-108-139-46-115-59-118-51-80-176-137-0-143-183-89-23-186-15-148-9-62-102-49-3-178-52-55-57-92-179-106-138-14-144-21-164-90-165-185-40-81-196-157-31-56-113-175-171-16-78-145-25-44-120-82-129-2-152-97-1-101-75-86-158-154-180-53-121-100-26-189-124-94-182-63-122-79-133-151-162-135-123-65-116-43-42-184-84-112-4"
7,72871,100,22220,95091,208,"34-54-177-123-127-70-135-154-180-53-121-189-26-100-86-75-101-1-97-152-2-129-92-57-179-145-78-82-120-44-25-16-171-175-113-56-31-157-196-81-90-27-165-119-40-185-55-52-106-178-3-32-138-14-144-49-102-62-9-148-137-23-186-89-183-143-170-0-117-93-108-18-22-146-159-193-41-139-68-46-115-59-51-176-80-122-124-94-63-79-133-151-162-149-65-116-43-42-184-160"
8,73310,100,23327,96637,226,"122-63-180-154-158-53-121-100-26-97-1-101-86-75-2-120-44-129-57-92-145-78-16-171-175-113-31-196-81-90-27-39-165-119-40-185-55-52-106-178-3-138-14-49-102-144-62-9-152-94-124-148-15-186-89-183-23-137-176-80-151-51-59-118-46-0-143-117-139-115-96-5-42-41-193-159-69-108-18-22-146-181-34-160-48-54-177-184-43-116-65-131-149-123-127-70-135-162-133-79"
9,72883,100,23282,96165,177,"118-115-139-41-193-159-22-18-108-140-68-46-0-117-143-183-89-23-137-124-94-189-152-129-57-55-52-106-178-49-102-148-9-62-144-14-138-185-40-165-90-81-31-56-113-175-171-16-44-120-25-78-145-179-92-82-2-75-86-101-1-97-26-100-121-53-158-154-180-63-79-80-176-51-72-151-133-162-135-70-127-123-149-112-4-84-35-184-177-54-160-34-181-42-5-43-116-47-65-59"
10,74384,100,24278,98662,237,"53-86-26-100-121-94-152-97-1-101-75-2-120-82-129-57-92-145-78-25-44-16-171-175-113-56-31-157-179-196-81-40-119-185-165-90-27-95-164-7-21-144-14-138-106-52-55-178-49-102-62-9-148-137-183-143-0-139-41-193-159-69-108-18-22-181-42-5-115-59-116-65-47-43-184-160-34-54-177-10-190-4-112-84-35-131-149-123-127-162-133-151-51-176-80-79-63-135-154-180"
11,74464,100,24431,98895,207,"145-31-113-175-171-16-78-25-44-120-82-129-92-57-179-40-119-165-185-55-52-106-178-3-49-102-62-9-37-148-124-189-97-1-152-2-75-101-86-26-100-53-180-154-70-135-133-151-162-123-112-4-84-184-10-177-54-48-160-34-181-42-43-116-65-59-115-41-193-159-22-18-139-46-0-143-183-89-23-137-66-109-118-51-176-80-79-63-94-186-15-144-14-21-7-164-27-90-81-196"
12,75426,100,22735,98161,190,"123-149-131-47-65-116-43-184-10-177-54-48-34-160-42-41-193-159-22-18-108-140-68-139-115-198-46-0-117-143-183-89-137-51-118-59-72-151-162-133-79-80-176-124-94-189-97-152-167-148-9-62-102-49-144-14-138-3-178-106-52-185-165-90-40-196-145-78-31-113-175-171-16-25-44-120-82-92-179-55-57-129-2-1-101-150-75-86-26-100-121-182-63-136-53-158-180-154-135-127"
13,73669,100,23559,97228,190,"121-53-180-154-135-70-86-101-75-2-120-129-57-92-145-78-44-16-171-175-113-31-157-196-81-90-165-119-40-185-55-52-106-178-3-49-14-144-102-62-9-15-186-89-183-23-137-51-109-118-59-65-47-116-105-43-184-42-115-46-0-143-117-68-139-41-193-159-18-22-146-195-181-34-160-54-177-10-4-112-131-149-123-162-151-133-79-80-176-122-63-94-124-148-167-152-1-97-26-100"
14,76363,100,25038,101401,191,"180-63-122-79-133-151-72-162-154-135-127-123-149-65-116-43-35-112-4-10-177-184-160-34-181-42-5-41-193-159-146-22-18-108-140-93-117-143-170-0-68-46-198-139-115-59-118-109-51-66-176-80-137-23-183-89-186-148-62-49-14-144-21-7-164-90-81-145-31-113-175-171-16-44-120-78-92-57-185-40-165-3-178-106-52-55-2-75-86-100-26-101-1-97-152-124-94-121-53-158"
15,75481,100,22185,97666,239,"117-0-143-183-89-23-186-15-144-14-138-185-40-119-165-27-90-81-196-169-91-179-157-38-31-56-113-175-171-16-78-145-92-129-82-25-44-120-2-152-1-97-26-100-101-75-86-53-180-154-135-127-123-162-151-133-79-80-176-122-63-121-94-124-167-57-55-52-106-178-3-49-102-62-9-148-137-51-109-118-59-65-47-116-5-42-43-184-160-34-146-22-18-159-193-41-139-115-46-68"
16,73623,100,23176,96799,225,"177-54-48-160-34-103-146-22-159-193-41-181-42-5-43-116-115-139-46-0-117-143-183-89-137-51-176-80-79-122-63-94-124-167-148-15-9-62-144-14-49-3-178-55-52-106-21-7-164-27-90-39-165-119-40-185-179-145-78-196-31-56-113-175-171-16-25-44-120-92-57-129-2-152-97-1-101-75-86-26-100-121-53-158-180-154-135-133-151-162-59-65-149-123-127-112-4-84-184-10"
17,74781,100,24514,99295,224,"42-160-34-48-54-177-10-190-184-84-112-149-131-43-47-65-116-59-123-162-151-133-79-80-94-63-180-135-70-154-53-86-75-101-26-97-1-152-2-120-44-16-171-175-113-31-78-145-92-57-55-52-185-119-40-81-90-27-39-165-106-178-49-102-14-144-62-9-148-186-137-176-51-109-118-46-115-96-5-41-139-68-0-23-89-183-143-170-117-93-140-108-69-18-193-159-22-146-195-181"
18,73520,100,23254,96774,191,"46-68-117-0-143-183-89-137-176-80-51-151-162-133-79-63-94-148-9-62-102-49-144-14-164-27-90-39-165-119-40-185-3-178-106-52-55-57-129-92-78-145-179-196-169-187-81-157-31-85-56-113-175-171-16-25-44-120-2-152-1-101-75-86-97-26-53-180-154-135-70-127-123-149-131-65-59-115-116-43-5-42-184-84-112-4-177-54-48-160-34-181-146-22-18-108-159-193-41-139"
19,73370,100,24136,97506,206,"154-180-63-79-133-151-59-162-135-123-149-131-35-112-4-10-177-54-48-184-160-34-146-22-159-193-41-42-43-65-116-115-46-139-18-108-93-117-143-0-153-183-89-114-186-23-137-176-80-94-124-152-129-92-57-55-52-106-178-3-138-14-49-102-37-148-15-9-62-144-21-7-164-27-90-165-185-40-81-196-179-145-78-31-56-113-175-171-16-25-44-120-2-75-1-97-26-101-86-53"
20,75214,100,22977,98191,189,"179-57-55-52-128-167-111-37-148-12-124-94-152-97-1-101-75-86-26-100-121-53-154-180-63-79-133-151-162-135-123-149-43-5-42-184-190-10-177-30-54-48-160-34-22-18-108-159-193-41-139-46-115-116-65-59-118-72-109-51-80-176-137-0-117-143-183-89-23-186-15-9-62-102-49-144-14-138-3-178-106-185-40-119-165-90-81-196-145-78-31-113-175-171-16-44-120-2-129-92"
21,74221,100,23873,98094,206,"165-119-40-185-106-178-3-49-14-144-102-62-9-15-114-186-137-23-89-183-153-0-143-117-108-18-68-46-139-41-193-159-42-181-22-146-34-160-184-54-177-10-4-112-123-149-131-47-65-116-43-5-96-115-59-118-51-72-151-162-135-154-180-158-53-63-79-133-80-176-94-124-148-37-167-152-97-26-86-75-101-1-2-129-92-57-55-52-145-78-120-44-16-171-175-113-31-196-81-90"
22,74511,100,23008,97519,226,"54-30-177-10-190-184-84-4-112-123-127-135-154-180-63-122-12-124-94-152-189-121-136-158-53-100-26-97-86-75-101-1-2-120-44-25-16-171-175-113-56-31-78-145-179-92-129-57-55-52-196-81-90-165-119-40-185-106-178-14-144-49-102-62-9-148-23-89-183-137-51-176-80-79-133-162-151-72-59-118-115-46-68-108-18-22-146-159-193-41-139-5-116-65-43-42-181-34-160-48"
23,74304,100,23065,97369,324,"127-135-154-180-158-53-63-79-133-162-123-149-131-65-116-43-42-181-159-193-41-139-68-46-198-115-118-59-151-51-176-80-122-12-124-94-152-2-1-97-26-100-86-101-75-120-44-16-171-175-78-145-92-129-57-55-52-178-3-106-185-40-90-27-164-7-95-39-165-138-14-49-102-144-62-9-148-137-23-89-183-143-0-117-93-140-108-69-18-22-146-34-160-184-54-30-177-10-4-112"
24,74120,100,22922,97042,291,"180-53-158-154-135-123-149-131-184-54-160-34-181-42-5-115-43-116-65-59-72-151-162-133-79-80-176-51-109-118-46-68-139-41-193-159-195-146-22-18-69-108-36-140-93-117-0-170-143-183-89-186-23-137-148-9-62-102-49-14-144-21-7-164-90-165-40-185-106-3-178-52-55-57-92-78-145-196-81-31-113-175-171-16-44-120-129-2-75-101-86-100-26-97-1-152-124-94-122-63"
25,75580,100,22729,98309,210,"41-193-139-46-0-143-117-93-140-108-69-18-159-22-146-103-195-181-160-42-43-116-65-47-149-131-35-184-48-34-30-54-177-10-190-4-112-123-127-70-135-154-180-158-53-136-182-121-189-26-100-86-75-101-1-97-152-2-129-92-145-78-120-44-16-171-175-113-31-157-196-81-90-165-119-40-185-55-52-106-178-49-144-62-148-124-94-63-79-133-151-80-176-137-183-51-59-115-96-5"
26,72900,100,21922,94822,200,"124-167-148-9-62-15-186-137-23-89-183-153-0-143-117-93-68-46-115-139-41-193-159-18-22-146-34-48-54-177-10-184-160-42-43-77-105-116-65-47-131-149-59-118-51-176-80-63-79-133-151-162-123-127-135-154-180-53-86-101-75-120-44-25-145-78-16-171-175-113-31-196-81-90-27-119-40-185-165-138-14-144-102-49-32-3-178-106-52-55-57-92-129-2-152-1-97-26-100-94"
27,73039,100,21635,94674,227,"14-49-178-106-52-55-185-40-119-165-27-90-81-196-157-31-85-56-113-175-171-16-44-25-78-145-92-57-129-120-2-152-97-1-101-75-86-26-100-121-53-158-180-154-135-70-127-123-149-59-118-109-51-46-68-139-198-115-116-65-47-43-42-184-54-160-34-22-159-41-193-199-18-69-108-140-93-117-0-143-183-89-114-186-23-137-176-80-151-162-133-79-63-94-124-148-9-62-102-144"
28,73727,100,23702,97429,240,"113-175-171-16-25-44-120-75-101-86-158-53-136-63-122-79-133-180-154-135-70-127-123-149-131-47-65-116-43-42-184-112-4-190-10-177-54-160-34-22-159-193-41-139-18-108-68-46-115-118-59-72-162-151-51-80-176-137-0-117-143-183-89-62-9-148-124-94-189-121-100-26-97-1-152-2-129-57-55-52-49-144-14-178-106-185-40-119-165-39-27-90-81-196-179-92-145-78-31-56"
29,73620,100,24007,97627,212,"180-154-135-70-127-123-112-4-10-177-184-160-34-181-195-146-22-18-108-159-193-41-42-43-77-131-149-47-65-116-115-139-68-46-118-59-109-51-151-162-133-79-63-94-124-80-176-137-0-93-117-143-183-89-23-186-15-148-167-37-9-62-102-144-14-49-3-178-106-185-40-119-165-90-81-196-113-175-171-16-31-145-78-44-120-92-179-52-55-57-129-2-152-97-26-1-101-75-86-53"
30,72381,100,23659,96040,225,"171-16-44-120-129-25-78-145-92-57-124-94-97-1-152-2-75-101-86-26-53-180-154-70-135-133-151-162-123-149-131-65-116-43-184-84-112-4-10-177-30-54-48-160-34-181-42-5-96-41-193-159-195-146-22-18-108-140-93-68-46-139-115-59-118-51-79-63-80-176-137-0-117-143-183-89-23-148-9-62-102-144-14-49-178-106-52-55-185-40-119-165-90-81-196-157-31-56-113-175"
31,73790,100,24491,98281,314,"131-149-162-123-127-194-135-70-154-180-53-63-94-152-97-86-101-1-2-120-44-25-16-171-175-113-56-31-78-145-92-129-57-196-81-40-185-165-90-27-95-58-164-7-21-144-14-178-106-52-55-49-102-62-9-37-148-15-186-137-23-89-183-143-0-51-176-80-79-133-151-118-59-65-116-43-42-41-193-139-115-46-68-140-108-18-159-195-22-146-181-34-160-54-177-10-184-84-4-112"
32,74403,100,23145,97548,214,"46-68-117-0-143-183-89-186-23-137-176-51-59-162-151-133-79-80-94-152-2-129-92-179-57-55-52-106-178-49-102-148-9-62-144-14-138-185-40-165-90-81-196-157-38-31-85-56-113-175-171-16-78-145-25-44-82-120-75-86-101-1-97-26-100-121-53-136-63-180-158-154-70-135-194-127-123-112-4-10-177-54-184-65-116-42-160-34-181-146-22-18-108-69-199-159-193-41-139-115"
33,74944,100,22978,97922,208,"2-75-101-86-158-154-135-70-127-123-112-84-184-177-54-160-34-103-146-22-181-42-43-116-65-59-118-115-41-193-139-46-0-117-143-183-89-23-137-186-15-9-62-144-14-138-21-7-164-90-81-157-56-113-175-171-16-31-145-78-25-44-120-129-92-57-179-196-169-40-119-165-39-8-185-55-52-106-178-3-49-102-37-148-124-94-63-122-79-80-176-151-133-180-53-100-26-97-1-152"
34,73600,100,24373,97973,206,"41-193-139-68-46-115-59-118-51-137-23-89-183-143-0-117-108-18-22-146-181-42-160-34-48-54-177-184-112-123-135-154-180-53-100-26-86-101-75-120-44-16-171-175-113-31-78-145-179-196-81-40-119-185-8-165-39-90-27-164-7-21-14-144-114-186-15-9-62-102-49-178-106-52-55-57-92-129-2-1-97-152-167-37-148-124-94-63-79-80-176-133-151-162-149-131-65-116-43-5"
35,73921,100,23700,97621,213,"120-92-57-55-52-106-178-3-49-148-167-111-124-94-152-2-75-86-101-1-97-26-100-53-158-180-63-122-79-80-176-51-109-118-59-149-162-151-133-154-70-135-194-127-123-112-4-10-177-54-48-34-160-184-42-43-65-116-115-41-193-181-146-22-159-18-108-139-46-0-143-183-89-23-137-186-15-9-62-144-14-138-165-27-90-81-196-40-185-179-145-78-31-56-113-175-171-16-25-44"
36,73450,100,23577,97027,196,"93-117-0-143-183-137-148-9-62-102-49-144-155-14-138-21-164-27-90-165-119-40-185-106-3-178-52-55-57-129-92-145-78-31-113-175-171-16-25-44-120-2-75-86-100-26-101-1-97-152-189-121-53-180-154-70-135-63-94-124-176-80-79-133-151-162-123-149-43-160-184-112-4-190-10-177-54-48-34-146-22-195-181-42-5-116-65-59-51-118-115-46-68-139-41-193-159-18-69-108"
37,73407,100,22398,95805,224,"149-112-4-190-10-177-54-48-160-184-43-42-5-96-181-34-146-22-195-159-41-193-18-108-140-68-139-115-46-0-183-89-23-137-176-80-133-79-63-94-148-9-62-102-49-144-14-3-178-106-52-55-185-40-119-165-90-81-196-113-175-171-16-31-78-145-92-57-129-44-120-2-75-86-101-1-152-97-26-100-121-53-180-154-135-70-127-123-162-151-72-51-109-118-59-116-65-47-77-131"
38,72291,100,22072,94363,249,"131-47-65-116-43-42-181-184-177-54-160-34-103-146-22-18-159-193-41-139-198-115-59-118-109-51-151-162-133-79-63-122-80-176-137-46-68-140-93-117-0-143-183-89-23-186-148-9-62-102-49-144-14-138-165-119-40-90-81-196-185-106-178-52-55-57-129-92-145-78-31-56-113-175-171-16-25-44-120-2-75-86-101-1-100-26-97-152-124-94-121-53-158-180-154-135-70-127-123-149"
39,74723,100,23115,97838,235,"42-181-34-160-184-177-4-112-123-127-135-154-162-133-79-63-136-180-158-53-97-152-1-101-86-75-120-44-25-16-171-175-113-56-31-78-145-92-57-55-52-49-14-138-32-3-178-106-185-40-119-165-90-27-164-7-21-144-102-62-9-15-148-124-94-80-176-137-23-186-89-183-143-170-0-117-93-140-68-108-69-18-22-146-159-193-41-139-46-115-118-109-51-151-59-149-131-65-116-43"
40,73566,100,23756,97322,247,"40-138-14-144-102-49-3-178-106-52-55-185-91-179-145-78-92-57-129-2-152-94-124-148-9-62-15-137-183-143-0-46-68-139-108-18-22-159-193-41-42-181-34-160-43-115-118-59-116-65-47-149-131-35-84-184-54-177-10-4-112-123-127-70-135-154-180-133-162-151-51-176-80-79-63-53-121-100-26-97-1-101-86-75-120-44-25-16-171-175-113-31-157-196-81-90-27-39-165-119"
41,73260,100,24279,97539,214,"171-175-113-31-81-90-27-164-39-165-119-40-185-138-14-49-102-144-62-9-15-148-167-178-106-52-55-57-92-145-78-129-2-101-1-97-152-94-63-79-133-162-151-51-80-176-137-23-89-183-153-0-143-117-93-108-18-193-41-22-146-34-30-10-177-54-48-160-181-42-5-115-139-68-46-118-59-65-47-116-43-149-131-184-84-112-123-127-70-135-154-180-158-53-86-75-120-44-25-16"
42,74217,100,22488,96705,194,"49-178-106-52-55-57-92-185-40-119-165-90-81-31-113-175-171-16-78-145-120-2-152-97-1-101-75-86-26-100-121-124-94-63-182-136-53-158-180-154-135-70-127-123-112-84-35-131-149-47-65-116-105-43-5-42-184-177-54-160-34-181-146-22-159-41-193-199-18-69-108-140-93-117-143-0-68-46-198-139-115-59-118-51-151-162-133-79-80-176-137-183-89-23-148-9-62-144-14-102"
43,75417,100,25054,100471,216,"137-176-80-94-121-63-122-79-133-151-162-123-35-184-160-42-43-116-65-149-59-118-115-5-139-198-46-68-0-89-183-143-117-93-140-108-18-193-41-159-22-146-181-34-48-54-177-4-112-127-135-154-180-53-100-26-86-75-101-1-97-152-2-120-44-129-92-145-78-16-171-175-113-31-90-27-164-39-165-119-40-185-55-52-106-178-49-14-144-102-62-9-37-148-167-124-15-114-186-23"
44,73431,100,23567,96998,237,"144-14-49-62-9-148-124-94-186-89-183-23-137-176-80-151-51-118-59-115-42-181-159-193-41-139-198-46-0-170-143-117-93-140-68-108-69-18-22-146-34-160-48-54-177-10-190-4-112-84-184-43-116-65-131-149-123-127-162-133-79-63-136-180-135-70-154-158-53-100-26-86-75-101-1-97-152-2-120-44-16-171-175-113-78-145-92-57-55-52-178-106-185-40-119-165-90-164-7-21"
45,76110,100,24150,100260,213,"120-44-16-171-175-78-145-196-40-90-165-185-138-14-144-62-9-148-49-178-106-52-55-57-92-129-2-152-1-97-26-100-94-124-176-80-133-151-162-123-35-84-184-42-5-43-77-131-149-47-65-116-59-118-109-51-137-23-89-183-143-0-117-93-140-36-68-46-198-115-96-41-193-159-139-108-18-22-146-195-181-34-160-54-177-10-4-112-127-70-135-154-180-79-63-121-53-86-101-75"
46,73202,100,22857,96059,265,"120-44-25-16-171-175-113-31-78-145-196-81-90-165-119-40-185-55-52-106-178-3-49-102-14-144-62-9-37-167-148-15-186-137-23-89-183-143-117-0-46-139-41-193-159-108-18-22-146-103-34-181-5-115-118-51-59-65-116-43-42-160-48-54-177-184-35-131-149-123-127-135-154-180-158-53-121-63-122-79-133-162-151-176-80-94-124-189-26-100-86-75-101-1-97-152-2-129-57-92"
47,73516,100,23725,97241,250,"112-149-131-43-116-65-59-118-109-51-176-137-23-148-124-94-63-122-80-79-133-151-162-123-127-70-135-154-180-53-86-75-101-1-97-152-2-120-44-25-129-92-57-55-52-106-178-3-165-119-40-185-145-78-16-171-175-113-31-196-81-90-27-164-21-138-14-49-144-62-9-15-186-89-183-153-0-143-117-93-68-46-115-139-159-193-41-5-42-184-48-160-181-195-22-146-34-54-177-4"
48,75128,100,23586,98714,230,"124-167-49-3-178-106-52-55-57-92-129-120-44-78-145-31-16-171-175-113-56-196-81-90-27-165-119-40-185-138-14-144-62-9-148-137-183-0-46-139-68-93-140-108-18-193-41-159-22-146-181-42-43-184-160-34-48-54-177-4-112-127-123-149-131-65-116-5-115-118-59-72-109-51-176-80-63-79-133-151-162-135-70-154-180-53-136-182-121-100-26-86-101-75-2-152-1-97-189-94"
49,74401,100,24279,98680,218,"176-148-15-9-62-144-49-14-165-27-90-81-56-113-175-171-16-31-157-196-40-119-185-106-178-52-55-57-92-145-78-25-44-120-2-75-101-86-53-97-1-152-94-63-122-79-180-154-70-135-194-127-123-112-4-190-10-177-54-48-184-160-34-146-22-199-18-69-108-68-139-41-193-159-195-181-42-5-43-116-65-47-131-149-59-115-46-0-143-183-89-186-23-137-51-118-151-162-133-80"
50,73569,100,23358,96927,229,"112-123-162-127-70-135-154-53-180-133-151-80-79-63-94-152-97-1-101-86-75-2-120-44-92-57-55-52-145-78-31-16-171-175-113-56-157-196-81-90-165-40-185-106-178-14-144-49-102-62-9-148-15-186-89-183-137-176-51-109-72-59-118-115-139-68-46-0-143-117-93-140-108-69-18-199-22-146-103-34-181-159-193-41-5-42-116-65-47-149-131-43-160-48-54-177-184-35-84-4"
51,73020,100,23016,96036,300,"144-62-9-15-148-102-49-178-106-52-55-57-179-145-92-129-2-152-97-1-101-26-100-121-189-124-94-63-122-80-79-133-151-51-176-137-89-183-143-0-46-68-139-115-118-59-65-116-43-42-41-193-159-18-22-146-34-160-48-54-177-10-184-84-4-112-149-162-123-127-194-135-70-154-180-53-86-75-120-82-44-25-78-16-171-175-113-56-31-157-196-81-90-27-165-119-40-185-138-14"
52,76014,100,23255,99269,328,"151-72-51-109-118-59-116-65-149-123-112-177-54-34-160-184-43-42-181-146-22-18-108-69-159-193-41-139-115-46-0-183-89-137-176-80-79-63-94-148-9-62-144-102-49-55-52-106-178-3-14-138-39-95-21-7-164-27-90-165-8-185-119-40-169-196-81-157-38-31-85-56-113-175-171-16-25-44-120-82-92-78-145-179-57-129-2-152-97-1-101-75-86-53-180-154-70-135-162-133"
53,73155,100,24817,97972,227,"62-89-183-143-117-93-108-18-22-159-193-41-5-42-181-34-160-54-177-184-84-4-112-35-43-116-65-131-149-123-127-70-135-154-53-86-75-101-1-2-82-120-44-25-145-78-16-171-175-113-56-31-196-81-40-185-165-90-27-164-7-21-144-102-49-14-138-3-178-106-52-55-57-92-129-152-97-26-100-121-180-162-151-133-79-63-94-124-80-176-51-118-59-115-139-46-0-137-148-9"
54,73673,100,24077,97750,221,"151-162-133-176-80-79-63-94-26-101-1-97-152-124-111-167-37-148-15-9-62-102-49-144-14-3-178-106-52-55-57-92-179-185-40-165-39-27-90-81-196-145-78-31-56-113-175-171-16-25-44-120-82-129-2-75-86-53-158-180-154-70-135-194-127-123-112-84-184-10-177-54-160-34-146-22-181-42-139-41-193-159-18-108-93-117-143-183-89-186-23-137-0-46-115-43-116-65-59-51"
55,75252,100,22232,97484,198,"177-10-184-84-4-112-35-131-149-47-65-105-116-115-59-118-109-51-66-176-80-122-79-133-151-162-123-135-154-180-63-53-86-101-1-97-152-2-75-120-44-25-16-171-175-113-78-145-81-90-27-39-165-119-40-185-179-92-57-55-52-106-178-3-138-14-144-49-102-62-9-15-148-124-94-137-23-186-89-183-143-0-117-68-46-139-96-5-43-42-181-41-193-159-22-146-34-160-48-54"
56,73831,100,24039,97870,216,"92-129-57-55-52-178-106-185-40-119-165-90-27-95-164-7-21-144-14-49-102-62-9-37-167-148-15-186-89-183-137-176-80-94-63-79-133-151-51-118-59-115-46-0-143-117-108-18-22-159-193-41-139-42-43-116-65-47-149-131-160-34-54-177-184-112-127-123-162-135-70-154-180-158-53-86-75-101-1-100-26-97-152-2-82-120-44-25-16-171-175-113-56-85-31-157-81-196-145-78"
57,75047,100,23849,98896,203,"138-14-49-102-144-62-9-148-167-124-94-121-182-63-79-80-176-137-183-143-0-117-68-139-115-198-46-51-151-133-162-118-59-65-116-43-5-42-181-41-193-159-108-18-22-146-34-160-54-177-10-184-123-127-135-154-180-158-53-86-75-101-100-26-97-1-152-74-2-129-120-44-25-145-78-16-171-175-113-31-157-196-179-92-57-55-52-106-178-3-8-185-119-40-81-90-27-164-39-165"
58,73598,100,24526,98124,200,"102-62-9-15-148-167-49-178-52-55-57-179-92-129-2-152-97-1-101-26-100-121-124-94-63-122-79-80-176-137-183-143-117-0-46-51-151-133-162-149-131-65-116-59-118-115-5-43-42-181-193-41-139-68-108-18-159-22-34-160-48-54-177-10-184-35-84-4-112-123-127-135-154-180-53-86-75-120-44-25-145-78-16-171-175-113-31-196-81-90-27-39-165-119-40-185-106-138-14-144"
59,74077,100,22606,96683,222,"31-56-113-175-171-16-25-44-120-78-145-179-92-129-57-55-52-106-178-3-49-102-62-9-148-94-80-176-66-51-109-118-59-162-151-133-79-63-152-97-1-101-86-53-180-154-135-70-127-123-149-131-47-65-116-43-5-42-181-160-184-35-84-112-4-190-10-177-54-34-22-159-193-41-115-46-68-139-18-108-117-0-143-183-89-137-15-144-14-138-185-40-119-165-27-90-81-196-157-38"
60,72475,100,22986,95461,226,"54-184-160-34-181-41-193-159-146-22-18-108-140-93-117-0-143-183-89-186-114-15-148-37-9-62-102-144-14-49-178-106-52-55-57-92-185-40-165-90-81-196-145-78-31-113-175-171-16-44-120-75-2-152-124-94-97-1-101-86-26-100-53-180-154-135-70-127-123-162-151-133-79-63-80-176-137-23-51-109-118-59-46-139-115-5-42-43-105-116-65-47-149-131-35-84-112-4-10-177"
61,74209,100,23317,97526,207,"143-117-93-108-69-18-199-159-22-146-103-34-160-54-177-184-84-112-127-123-149-131-47-65-43-42-181-193-41-139-68-46-198-115-116-59-118-51-176-80-151-162-135-133-79-63-94-180-154-53-100-26-97-152-1-101-86-75-2-120-44-25-82-129-92-57-179-145-78-16-88-171-175-113-56-31-157-196-81-90-40-185-165-14-144-49-178-106-52-55-167-148-9-62-15-137-89-183-153-0"
62,77295,100,22711,100006,226,"137-23-183-89-186-62-9-148-94-80-151-162-133-79-63-121-100-26-97-1-152-2-78-145-92-57-55-52-106-178-3-49-144-14-185-40-119-165-90-31-113-175-171-16-44-120-75-101-86-53-158-180-154-70-135-194-127-123-29-156-112-4-84-35-131-149-47-65-116-105-43-184-190-10-177-30-54-48-34-160-42-41-193-159-22-18-69-108-140-68-46-139-115-118-59-72-109-51-66-176"
63,73859,100,21740,95599,231,"137-23-183-89-186-15-9-62-102-144-14-49-3-178-106-185-40-119-8-165-39-27-90-187-81-196-157-179-145-78-31-113-175-171-16-25-44-120-75-2-129-92-57-55-52-167-148-124-94-189-152-97-1-101-86-26-100-121-53-158-180-154-135-127-123-149-65-116-43-42-160-184-112-4-190-10-177-54-48-34-146-22-18-159-193-41-139-46-115-59-118-51-151-162-133-79-63-122-80-176"
64,73171,100,21809,94980,201,"152-2-75-120-44-129-92-57-55-52-179-145-78-16-171-175-113-56-31-157-196-81-90-27-39-165-40-185-106-178-3-49-14-144-102-62-9-148-137-23-186-89-183-143-0-117-68-46-198-139-115-116-65-149-43-5-42-181-41-193-159-22-146-34-160-54-177-184-84-4-112-127-123-162-59-118-51-176-80-79-133-151-135-154-180-158-53-136-182-63-94-124-189-121-100-26-86-101-1-97"
65,71666,100,23054,94720,280,"149-131-65-116-43-42-5-41-193-139-68-46-115-59-118-109-51-80-176-137-148-49-14-144-62-9-15-186-89-183-143-0-117-108-18-159-22-146-181-34-160-48-54-30-177-10-190-184-84-4-112-123-127-70-135-154-180-53-121-100-26-86-101-75-120-44-25-78-145-31-16-171-175-113-196-81-90-165-119-40-185-106-178-52-55-57-92-129-2-152-1-97-189-124-94-63-79-133-151-162"
66,74517,100,22688,97205,227,"129-92-57-55-52-178-106-179-145-78-16-171-175-113-56-85-31-38-157-196-81-40-119-185-165-39-90-27-164-7-21-144-14-49-102-62-9-148-183-137-176-80-63-79-133-151-162-59-118-115-46-139-108-18-22-146-195-159-193-41-5-42-181-34-160-48-54-177-184-84-4-112-35-43-116-65-47-131-149-123-127-70-135-154-180-53-86-75-101-1-97-26-94-124-152-2-120-44-25-82"
67,74530,100,22120,96650,213,"151-133-79-122-63-94-124-152-2-57-55-52-106-178-49-102-62-9-37-148-15-144-14-138-165-90-40-185-92-145-78-31-113-175-171-16-44-120-75-86-101-1-97-26-100-189-121-182-136-53-158-180-154-70-135-194-127-123-35-84-112-4-10-177-54-184-160-34-146-22-159-193-41-139-115-198-46-68-93-117-0-143-183-89-186-23-137-176-80-51-118-59-116-5-42-43-65-131-149-162"
68,76485,100,23252,99737,193,"106-52-55-185-40-119-165-39-95-7-164-58-27-90-187-81-169-196-157-38-78-31-85-56-113-175-171-16-25-44-120-82-145-179-57-92-129-2-152-97-1-101-75-86-53-180-154-135-127-123-112-184-131-149-47-65-116-43-115-5-42-181-160-177-54-34-22-18-108-159-193-41-139-68-46-0-143-183-137-176-51-118-59-162-151-133-79-63-94-124-167-148-9-62-102-144-14-138-49-178"
69,74372,100,22832,97204,206,"42-184-160-34-48-54-177-10-4-112-84-35-131-123-127-135-154-180-53-100-26-86-101-75-120-44-129-92-145-78-16-171-175-113-56-31-157-196-81-90-27-119-40-185-165-14-144-102-62-9-148-49-3-178-106-52-55-57-152-1-97-94-63-79-80-133-162-151-72-109-51-176-137-23-89-183-153-0-143-117-93-140-36-108-69-18-22-193-41-139-68-46-198-115-118-59-149-65-116-43"
70,74630,100,24626,99256,191,"5-139-41-193-159-22-18-108-117-143-183-89-186-23-137-0-68-46-198-115-59-118-109-51-176-80-151-133-79-122-63-94-124-15-144-14-138-185-40-165-90-81-145-78-31-113-175-171-16-25-44-120-2-129-92-57-55-52-106-178-49-102-62-9-148-167-152-97-1-101-75-86-26-100-53-158-180-154-70-135-194-127-123-24-162-65-149-131-112-84-184-10-177-54-160-34-181-42-43-116"
71,76365,100,24733,101098,212,"94-124-152-74-2-82-129-92-179-40-185-106-3-178-52-55-57-167-37-148-186-15-9-62-102-49-144-14-138-165-39-27-90-81-196-145-78-31-113-175-171-16-44-120-75-101-1-97-19-189-121-100-26-86-53-63-79-80-151-133-180-154-70-135-194-162-149-123-127-112-4-177-54-48-34-160-184-35-43-42-116-65-59-118-115-46-139-41-193-159-22-18-108-117-0-143-183-89-137-176"
72,74826,100,23387,98213,258,"123-112-84-184-10-177-54-160-34-146-181-42-5-43-116-65-59-118-115-139-41-193-159-22-199-18-69-108-93-117-0-143-183-89-23-186-15-9-62-102-49-144-14-138-3-178-106-52-55-57-129-92-179-91-185-165-39-95-7-164-27-90-119-40-169-81-196-145-78-31-113-175-171-16-25-44-120-75-86-26-53-180-154-135-63-94-152-97-1-101-2-167-37-148-137-176-80-133-151-162"
73,76173,100,24988,101161,249,"177-54-48-34-146-22-18-108-69-159-193-41-139-198-46-68-93-117-143-170-0-118-59-51-137-23-183-89-186-15-144-14-106-185-40-165-39-164-27-90-81-145-78-113-175-171-16-44-120-75-101-97-26-86-53-121-94-124-152-1-2-92-57-55-52-178-49-62-9-148-176-80-79-63-180-154-70-135-133-151-162-123-149-131-77-43-105-47-65-116-115-96-5-42-181-160-184-84-112-4"
74,74353,100,24032,98385,203,"193-41-115-59-118-51-137-176-80-79-133-151-162-149-123-127-70-135-154-180-158-53-121-63-94-26-86-75-101-1-97-152-2-120-44-16-171-175-113-56-31-78-145-196-179-92-129-57-55-52-167-148-37-9-62-102-49-14-138-32-3-178-106-185-40-165-90-27-95-164-7-21-144-15-186-89-183-143-170-117-0-46-139-68-140-108-18-22-34-160-54-177-184-131-65-116-43-42-181-159"
75,75063,100,23160,98223,204,"26-100-86-75-101-1-2-120-44-16-171-175-78-145-92-57-55-52-185-40-90-27-165-106-178-3-49-14-144-102-62-9-186-89-183-23-137-148-124-94-63-79-80-176-133-151-51-109-118-59-115-139-68-46-0-143-117-93-108-69-18-22-146-159-193-41-42-181-34-54-48-160-43-116-65-47-149-131-35-184-177-10-190-4-112-123-162-127-70-135-154-180-158-53-136-182-121-189-152-97"
76,72182,100,22483,94665,216,"106-178-49-14-144-102-62-9-148-124-94-12-137-23-186-89-183-143-0-117-68-46-115-139-41-193-159-69-108-18-22-34-160-54-177-184-84-112-149-131-43-42-5-116-47-65-59-118-109-51-176-80-63-79-133-151-162-123-127-70-135-154-180-53-86-75-101-1-97-152-2-120-44-129-92-145-78-16-171-175-113-56-31-157-196-81-90-27-164-7-95-39-165-119-40-185-179-57-55-52"
77,73602,100,24612,98214,226,"65-47-131-149-123-162-151-133-79-180-154-70-135-194-127-112-84-184-10-177-54-48-160-34-181-41-193-159-146-22-18-117-0-143-183-89-23-137-186-15-148-37-9-62-49-14-144-21-164-27-90-165-40-185-196-31-56-113-175-171-16-25-44-120-78-145-179-92-129-57-55-52-106-178-3-167-124-152-2-1-101-75-86-97-26-53-63-94-80-176-51-59-118-46-139-115-5-42-43-116"
78,75845,100,23945,99790,183,"151-133-79-80-122-63-136-180-154-158-53-86-75-120-2-1-101-100-26-97-152-189-94-124-148-37-167-52-55-57-92-145-78-16-171-175-113-31-185-40-90-165-106-178-49-14-144-102-62-9-15-186-89-183-143-117-0-23-137-176-51-118-59-116-43-47-65-149-131-35-184-42-5-41-193-159-139-115-198-46-68-140-108-18-22-146-195-181-34-160-54-177-4-112-123-127-70-135-194-162"
79,73248,100,22990,96238,201,"48-54-177-10-184-160-181-195-159-193-41-139-68-46-198-115-118-51-59-65-116-5-42-43-149-131-35-84-4-112-123-127-70-135-194-162-151-133-79-63-180-154-158-53-86-75-101-26-97-1-152-2-120-44-16-171-175-113-78-145-92-57-196-81-90-27-39-165-40-185-55-52-106-178-49-14-144-62-148-124-94-122-80-176-137-23-186-89-183-143-0-117-93-140-108-69-18-22-146-34"
80,75398,100,24551,99949,288,"109-72-118-59-149-131-77-47-65-116-43-115-46-0-143-117-68-139-41-193-159-18-22-34-160-181-42-184-177-10-4-112-127-123-162-151-133-194-135-70-154-180-79-80-176-63-53-121-100-26-97-1-101-86-75-120-44-92-179-145-78-31-16-171-175-113-81-90-165-119-40-185-106-178-52-55-57-129-2-152-94-124-167-148-9-62-102-49-3-138-14-144-15-114-186-89-183-23-137-51"
81,74125,100,23354,97479,237,"154-180-158-53-86-75-101-1-97-26-100-121-94-124-152-2-129-82-120-44-25-16-171-175-113-31-78-145-92-57-55-52-106-178-3-138-185-119-40-81-90-165-39-95-164-7-21-144-14-49-102-62-9-148-186-23-137-109-51-176-80-63-79-133-151-162-59-118-46-0-183-143-117-68-139-115-41-193-159-22-146-103-34-54-160-181-42-5-116-65-149-131-43-184-177-4-112-123-127-135"
82,75399,100,25101,100500,256,"69-199-159-193-41-115-5-42-160-184-43-116-65-47-131-149-123-162-59-118-51-151-133-79-63-80-176-137-23-0-46-198-139-68-117-143-183-89-9-62-49-14-144-21-7-164-165-185-40-90-81-31-113-175-171-16-25-44-120-2-129-78-145-92-57-52-106-178-148-124-94-189-152-97-1-101-75-86-26-100-121-53-158-180-154-135-127-112-4-177-54-48-34-181-195-103-146-22-18-108"
83,74259,100,23550,97809,209,"37-148-94-80-176-137-23-89-183-143-0-117-68-46-115-139-41-193-159-69-108-18-22-146-181-34-160-54-177-184-35-131-149-47-77-43-42-5-116-65-59-118-109-51-151-162-133-79-63-136-180-154-135-123-127-70-158-53-121-100-26-86-75-101-1-97-152-120-44-25-16-171-175-113-31-196-145-78-92-57-55-52-178-106-185-165-119-40-81-90-164-21-138-14-144-49-102-62-9-15"
84,73501,100,23931,97432,222,"100-26-124-94-80-133-79-122-63-121-53-158-180-154-135-70-127-123-112-177-54-48-34-160-184-43-42-5-116-65-131-149-162-151-72-59-118-115-139-41-193-159-181-195-146-22-199-18-69-108-93-117-143-0-68-46-51-176-137-183-89-23-186-148-9-62-102-49-144-14-178-106-52-185-40-165-90-81-196-179-145-31-113-175-171-16-78-25-44-120-129-92-57-2-152-97-1-101-75-86"
85,73062,100,23410,96472,208,"118-59-149-131-65-116-43-42-41-193-159-18-22-146-34-160-54-177-184-84-4-112-127-70-135-194-123-162-151-51-176-80-133-79-122-94-63-180-154-158-53-26-86-75-101-1-97-152-167-148-37-9-62-102-49-3-178-106-52-55-57-92-145-78-129-2-120-44-25-16-171-175-113-56-31-157-196-81-40-119-185-165-90-27-164-7-21-138-14-144-15-137-89-183-143-117-0-46-139-115"
86,73926,100,23544,97470,228,"75-2-120-44-16-171-175-113-31-78-145-92-129-57-196-81-90-27-165-119-40-185-55-52-106-178-3-138-14-144-102-49-167-148-37-9-62-15-186-89-183-137-176-80-51-118-59-72-151-162-149-131-65-116-43-42-41-193-139-115-46-68-0-143-117-108-18-159-22-146-34-160-184-48-54-177-4-112-123-127-135-154-158-53-180-133-79-122-63-121-100-189-94-124-152-1-97-26-86-101"
87,75152,100,24586,99738,256,"167-124-94-63-79-80-176-51-46-68-115-118-59-72-151-133-162-123-149-131-65-116-47-77-43-184-84-112-4-190-10-177-54-48-34-160-42-181-146-22-195-159-193-41-139-69-18-108-36-140-93-117-0-143-183-89-23-137-186-15-144-14-21-164-90-165-40-185-92-145-78-31-113-175-171-16-44-120-2-75-101-86-154-70-135-180-53-100-26-97-1-152-52-106-178-49-102-62-9-148"
88,73488,100,24115,97603,263,"180-154-135-70-158-53-26-86-75-101-1-97-94-152-2-120-44-16-171-175-113-56-31-78-145-92-129-57-55-52-178-3-106-185-40-196-81-90-27-164-95-39-165-138-14-144-49-102-62-9-148-15-186-23-137-183-143-0-117-108-69-18-193-41-159-22-146-103-34-160-48-54-177-10-4-112-123-35-184-181-42-139-46-115-43-116-65-131-149-59-118-109-51-176-80-151-162-133-79-63"
89,76084,100,22137,98221,239,"195-146-22-159-41-193-18-69-108-36-140-93-117-0-68-46-198-139-115-5-42-43-116-65-131-149-59-118-109-51-72-151-162-133-79-63-94-124-80-176-137-153-143-183-89-23-186-15-148-9-62-102-49-144-14-3-178-106-52-55-57-185-165-40-145-78-113-175-171-16-120-2-152-97-1-101-75-86-26-100-121-136-53-158-180-154-135-70-127-123-112-4-190-10-177-54-184-160-34-181"
90,72748,100,23936,96684,185,"16-171-175-113-56-157-81-196-179-92-129-57-55-52-178-3-106-185-40-165-90-27-164-21-138-14-144-49-102-62-9-148-124-94-63-122-80-176-137-89-183-143-0-117-68-139-198-46-118-59-115-41-193-159-199-69-108-18-22-146-181-34-160-54-177-184-42-43-116-65-149-131-112-127-123-162-151-51-79-133-135-70-154-180-53-100-26-97-152-1-101-86-75-2-120-44-25-78-145-31"
91,73233,100,22841,96074,206,"94-63-79-133-151-162-123-127-70-135-154-180-158-53-121-100-26-86-75-101-1-97-152-2-120-44-16-171-175-113-31-196-81-40-90-27-164-39-165-185-179-145-78-92-57-55-52-106-178-3-14-49-102-144-62-148-137-183-143-170-0-117-93-140-108-18-159-193-41-139-68-46-198-115-96-5-42-181-22-146-34-160-48-54-177-4-112-84-35-184-43-116-65-47-131-149-59-51-176-80"
92,75388,100,24437,99825,183,"101-86-75-1-152-2-120-16-171-175-113-78-145-92-129-57-55-52-106-185-165-119-40-81-90-27-164-7-21-14-3-178-49-102-144-62-148-23-89-183-137-176-51-118-59-115-46-0-170-143-117-93-140-68-198-139-41-193-181-159-199-69-108-18-22-146-34-160-54-177-10-190-4-112-84-184-42-43-116-65-149-123-162-151-133-80-79-135-70-154-180-158-53-121-182-63-94-100-26-97"
93,72794,100,23578,96372,202,"80-79-63-180-154-135-70-127-123-112-84-184-190-10-177-54-160-34-181-42-5-43-105-116-65-47-131-149-162-133-151-59-118-115-139-41-193-22-18-108-93-117-143-0-68-46-51-137-183-89-23-148-9-62-144-102-49-14-138-3-178-106-52-55-185-40-119-165-27-90-81-196-179-57-145-78-31-56-113-175-171-16-25-44-120-82-92-129-2-75-101-86-53-100-26-97-1-152-94-176"
94,73932,100,23478,97410,197,"164-21-144-155-14-138-3-106-178-49-102-62-9-148-124-94-23-89-183-143-117-0-137-176-51-118-59-115-139-46-68-93-140-108-69-18-199-22-146-195-159-193-41-5-42-181-34-160-54-184-43-116-65-131-149-123-127-70-135-194-162-151-133-79-80-122-63-180-154-53-100-26-86-75-101-1-97-152-2-120-44-25-16-171-175-113-31-78-145-92-57-55-52-179-196-81-90-40-185-165"
95,73151,100,22886,96037,249,"5-42-160-48-184-84-112-4-190-10-177-54-30-34-181-146-22-18-159-193-41-139-68-46-115-59-118-51-151-133-79-63-122-80-176-137-23-183-89-186-15-148-9-62-144-14-49-3-178-106-52-185-40-119-165-39-95-7-164-90-81-196-31-113-175-171-16-78-145-25-44-120-2-129-92-57-55-94-121-100-26-97-152-1-101-75-86-53-180-154-135-127-123-162-149-131-47-65-116-43"
96,73645,100,23591,97236,269,"186-114-15-62-9-37-148-167-49-102-144-14-138-165-27-90-40-185-106-178-52-55-57-129-92-179-145-78-113-175-171-16-44-120-2-75-86-101-1-26-97-152-124-94-80-176-51-151-133-79-63-121-53-158-180-154-135-70-127-162-123-112-4-10-177-54-34-146-22-159-18-69-108-68-139-193-41-96-5-42-181-160-48-184-43-116-65-131-149-59-118-115-46-0-117-143-183-89-23-137"
97,71614,100,22466,94080,201,"94-63-79-80-176-137-23-89-183-143-117-0-46-68-93-140-108-18-22-146-34-160-48-54-177-10-190-184-43-42-181-159-193-41-139-115-118-51-59-116-65-149-123-162-151-133-135-70-154-180-53-121-100-26-86-75-101-1-97-152-2-120-44-25-129-92-179-145-78-16-171-175-113-56-31-196-81-90-27-165-40-185-57-55-52-106-178-3-49-14-144-102-62-9-15-148-37-167-111-124"
98,74275,100,23446,97721,202,"42-181-195-146-22-18-108-159-193-41-139-115-46-0-143-183-89-186-15-9-62-144-102-49-14-178-106-52-185-8-165-39-27-90-119-40-169-81-196-91-179-55-57-129-92-145-78-157-31-56-113-175-171-16-25-44-120-82-2-75-86-101-1-152-97-26-100-121-53-180-154-135-70-127-123-162-151-133-176-80-79-63-94-148-137-51-118-59-149-65-116-43-184-84-112-4-10-177-34-160"
99,73048,100,23281,96329,210,"116-65-59-118-51-176-80-94-124-152-189-63-79-133-151-162-135-70-154-180-53-136-182-121-100-26-97-1-101-86-75-2-129-92-120-44-25-16-171-175-113-31-78-145-57-55-52-178-106-185-40-119-165-39-90-27-164-21-14-49-144-62-148-137-89-183-143-117-0-46-68-139-108-18-22-159-193-41-115-5-42-181-34-160-48-54-177-10-190-184-35-84-4-112-127-123-149-131-47-43"
100,74697,100,23492,98189,202,"196-81-90-165-119-40-185-145-78-92-129-57-55-52-106-178-3-138-14-49-102-144-62-9-148-89-183-137-176-80-51-109-118-115-139-198-46-68-0-143-117-18-193-41-159-22-146-195-181-34-160-48-54-177-10-184-84-112-127-70-135-194-123-149-131-47-77-43-42-5-116-65-59-72-151-162-133-79-63-94-180-154-158-53-86-75-101-26-97-1-152-2-120-44-16-171-175-113-56-31"
101,71587,100,22137,93724,200,"0-143-183-89-137-176-51-118-59-72-151-162-133-79-80-122-63-94-124-148-9-62-102-49-144-14-138-165-90-81-196-40-185-106-3-178-52-55-57-129-92-145-78-31-56-113-175-171-16-44-120-2-152-97-1-101-75-86-26-53-180-154-135-127-123-149-131-47-65-116-43-42-5-115-41-193-159-181-160-48-184-84-112-4-190-10-177-54-34-146-22-18-108-69-139-46-68-140-93-117"
102,74409,100,23803,98212,275,"63-94-80-176-137-23-148-9-62-102-49-144-14-138-21-7-164-95-39-165-185-40-90-81-196-157-31-56-113-175-171-16-25-44-120-78-145-91-179-92-82-129-57-55-52-106-178-167-152-2-75-86-101-1-97-26-100-121-53-158-180-154-135-70-127-123-149-131-77-47-65-116-43-42-184-54-160-34-146-22-18-108-159-193-41-139-117-143-183-89-0-46-115-59-118-51-151-162-133-79"
103,76090,100,22878,98968,242,"25-82-129-92-179-145-78-16-88-171-175-113-56-85-31-38-157-196-81-90-165-119-40-185-57-55-52-106-178-3-14-49-102-144-62-9-148-89-183-143-0-117-93-68-46-137-176-51-59-115-198-139-18-22-146-195-159-193-41-181-42-5-43-105-116-65-47-149-131-35-184-160-34-48-54-177-10-190-4-112-123-151-133-79-80-94-63-180-135-154-53-86-101-1-97-152-2-75-120-44"
104,74250,100,24280,98530,253,"100-26-97-86-75-101-1-2-152-124-94-63-122-79-80-176-51-137-148-102-49-3-178-106-52-55-57-92-145-78-120-44-25-16-171-175-113-185-40-165-90-164-21-14-144-62-9-15-186-89-183-143-0-117-93-140-68-46-139-69-108-18-22-159-193-41-115-118-59-72-151-133-162-149-131-47-65-116-43-5-42-184-48-160-181-146-34-54-177-10-190-4-112-123-127-135-154-180-53-121"
105,74687,100,23420,98107,200,"31-157-81-90-165-164-7-21-144-102-62-9-37-148-15-114-186-23-137-183-143-170-0-117-108-69-18-22-146-159-193-41-139-115-59-118-51-176-80-133-151-162-65-116-43-42-181-34-160-184-84-112-123-127-135-154-180-158-53-63-79-94-124-111-167-152-2-101-1-97-26-100-86-75-120-44-25-82-129-92-57-55-52-106-178-3-49-14-138-185-40-196-179-145-78-16-171-175-113-56"
106,75378,100,23435,98813,215,"135-63-79-133-151-162-59-116-65-131-149-123-112-84-184-160-43-42-5-41-193-181-34-146-22-159-18-108-139-115-46-0-117-143-183-89-23-137-176-80-94-124-152-2-82-129-92-145-91-179-57-55-52-106-178-3-49-102-37-148-15-9-62-144-14-32-138-21-7-164-27-90-39-165-8-185-119-40-81-196-56-113-175-171-16-31-78-25-44-120-75-86-101-1-97-26-100-53-180-154"
107,74784,100,22942,97726,203,"193-159-181-42-43-116-65-59-115-46-118-51-176-137-183-89-23-186-114-15-62-9-37-148-167-106-178-3-49-102-144-14-138-39-90-165-119-40-185-52-55-57-129-92-179-196-145-78-31-113-175-171-16-25-44-120-2-152-97-1-101-75-86-100-26-189-124-94-122-63-182-121-53-158-180-154-70-135-79-80-133-151-162-123-127-112-4-84-184-160-48-177-54-30-34-146-22-18-139-41"
108,77397,100,22568,99965,217,"97-1-101-75-86-26-100-121-124-94-79-63-53-158-180-154-135-127-123-65-116-43-184-10-177-54-160-34-181-42-41-193-139-117-143-0-46-115-59-162-151-133-80-176-51-137-183-89-23-148-9-62-102-49-14-144-21-7-95-164-58-71-27-90-39-165-119-40-185-138-3-178-106-52-55-57-92-129-82-78-145-179-91-169-196-81-157-38-31-56-113-175-171-16-25-44-120-2-74-152"
109,72555,100,23471,96026,231,"63-180-154-158-53-86-101-75-120-44-25-16-171-175-113-56-31-78-145-179-185-40-196-81-90-27-165-39-95-164-21-14-144-62-9-102-49-178-106-52-55-57-92-129-2-152-1-97-26-100-94-124-148-137-23-186-89-183-143-170-0-117-93-68-46-198-115-139-41-193-159-69-108-18-22-146-181-34-160-54-177-10-184-42-5-43-116-65-149-123-135-162-133-151-59-118-51-176-80-79"
110,76076,100,24098,100174,206,"198-46-68-0-89-183-143-117-108-69-18-193-41-159-22-146-195-181-34-48-54-177-10-184-160-42-5-43-116-65-47-77-35-84-4-112-29-123-131-149-162-161-194-127-70-135-154-180-158-53-86-75-101-26-97-1-152-2-120-44-16-171-175-113-78-145-40-90-165-185-92-129-57-55-52-106-178-49-14-144-62-9-148-15-186-23-137-176-80-124-94-63-79-133-151-51-118-59-115-139"
111,74540,100,23741,98281,347,"154-70-135-194-180-79-133-151-162-123-127-112-4-84-35-131-149-65-116-43-184-177-54-34-160-42-181-22-193-41-139-68-46-115-59-118-0-143-183-89-114-15-186-23-137-176-80-63-94-124-148-37-9-62-102-49-3-178-55-52-106-138-14-144-21-7-164-39-165-185-40-119-90-81-196-31-56-113-175-171-16-78-145-179-57-92-129-44-120-2-75-101-1-152-97-26-100-86-53-158"
112,74160,100,23892,98052,202,"101-86-100-26-97-1-152-124-94-122-79-133-63-121-53-180-154-135-70-127-112-4-177-54-48-34-103-146-22-195-159-18-108-139-46-115-193-41-5-42-181-160-184-43-105-116-65-47-131-149-123-162-151-59-118-109-51-80-176-137-0-117-143-183-89-148-62-144-14-49-3-178-106-185-40-165-39-164-27-90-81-196-52-55-57-92-145-78-31-56-113-175-171-16-25-44-120-129-2-75"
113,74842,100,22267,97109,190,"116-105-43-42-5-96-41-193-159-163-108-69-18-199-20-22-146-195-181-34-160-48-54-177-10-4-112-84-184-35-131-149-123-127-162-151-133-135-70-154-180-53-101-1-97-152-120-44-16-171-175-113-31-78-145-92-57-179-196-81-90-27-165-119-40-185-55-52-106-178-49-14-144-62-9-148-94-63-79-80-176-137-23-89-183-143-0-117-93-140-68-139-115-198-46-51-118-59-65-47"
114,73885,100,24691,98576,221,"78-145-179-185-40-165-39-90-27-164-7-21-14-138-106-178-3-49-102-144-62-9-15-114-186-23-89-183-143-0-117-93-108-18-193-159-22-146-181-42-43-5-41-139-198-68-46-115-116-65-149-184-160-34-54-177-10-4-112-123-127-135-154-180-53-100-86-75-101-1-2-152-97-26-124-94-63-79-80-133-151-162-59-118-51-176-137-148-167-52-55-57-92-129-120-44-16-171-175-113"
115,73318,100,24137,97455,215,"145-78-31-113-175-171-16-25-44-120-2-152-97-1-101-75-86-26-53-180-154-70-135-194-127-123-112-84-184-177-54-160-34-181-41-193-159-22-18-108-139-68-46-0-93-117-143-183-89-186-23-137-176-51-118-59-115-5-42-43-116-65-47-131-149-162-151-133-79-63-122-80-12-94-124-148-15-144-14-49-102-62-9-167-129-92-57-55-52-178-3-106-185-40-165-39-164-27-90-81"
116,74135,100,23928,98063,219,"86-101-75-120-44-145-78-16-171-175-113-31-157-196-81-90-165-40-185-14-144-102-49-3-178-106-52-55-57-179-92-129-2-1-97-152-189-121-182-63-122-79-133-80-94-124-148-37-9-62-15-186-23-89-183-143-117-93-68-139-41-193-159-18-22-146-34-160-54-177-10-184-35-131-149-47-65-116-43-42-115-46-0-137-176-51-59-151-162-123-112-127-70-135-154-180-158-53-100-26"
117,72801,100,22739,95540,273,"10-190-84-184-42-43-116-65-47-131-149-123-127-70-135-154-180-53-63-94-152-97-26-86-75-101-1-2-120-44-25-129-57-92-145-78-16-171-175-113-56-31-157-179-196-81-90-27-58-164-7-95-39-165-119-40-185-55-52-106-178-3-49-102-14-144-62-9-148-186-89-183-23-137-51-176-80-79-133-151-162-59-118-115-46-68-139-108-18-193-41-159-22-146-181-34-160-48-54-177"
118,73201,100,22962,96163,260,"14-49-102-62-9-15-114-186-89-183-23-137-148-124-94-189-121-63-122-79-80-176-51-118-59-72-151-133-162-149-131-47-65-116-43-42-5-115-46-0-143-139-41-193-159-69-108-18-22-146-34-160-54-177-184-84-112-123-127-70-135-154-180-158-53-100-26-97-152-1-101-86-75-2-129-120-44-25-16-171-175-113-31-78-145-92-57-55-52-106-178-3-185-40-165-90-27-164-21-144"
119,73419,100,23718,97137,217,"171-175-113-31-78-145-92-57-55-52-178-106-185-196-157-81-40-165-39-90-27-164-7-21-144-14-49-102-62-9-15-148-167-124-94-63-122-79-133-162-151-51-80-176-137-23-89-183-143-0-117-108-69-18-22-34-30-54-177-48-160-181-42-5-41-193-159-139-115-59-65-47-116-43-184-84-4-112-35-131-149-123-127-70-135-154-180-158-53-26-86-75-101-1-97-152-2-120-44-16"
120,75754,100,23519,99273,194,"1-101-75-86-53-180-154-135-127-123-112-4-177-54-48-34-160-184-35-131-149-59-65-116-43-42-5-96-115-198-139-110-191-193-41-181-146-22-159-199-20-18-69-108-36-140-93-117-143-183-89-137-0-68-46-118-51-176-80-151-133-63-94-148-9-62-144-102-49-14-178-106-185-40-119-165-39-164-27-90-81-196-52-55-57-129-92-145-78-31-113-175-171-16-25-44-120-2-152-97"
121,74016,100,22417,96433,216,"151-133-135-154-180-53-63-79-80-176-137-94-152-2-101-1-97-26-100-86-75-120-44-25-145-78-16-171-175-113-56-31-196-81-40-119-185-165-39-90-27-95-164-7-21-144-102-49-14-138-3-178-106-52-55-57-92-129-167-148-37-9-62-15-186-23-89-183-143-0-117-93-140-68-46-139-41-193-159-22-146-34-160-54-184-42-115-118-109-51-59-65-47-116-43-77-131-149-123-162"
122,74691,100,25813,100504,191,"109-198-46-0-117-170-143-183-89-186-15-9-62-102-144-14-165-39-164-27-90-40-185-52-106-178-49-148-137-176-80-151-162-133-79-63-94-26-97-1-152-2-129-55-57-92-145-196-81-56-113-175-171-16-31-78-25-44-120-75-101-86-53-180-154-135-127-123-112-4-10-177-54-184-84-35-131-149-43-160-48-34-181-42-41-193-159-146-22-18-69-108-68-139-115-116-65-59-118-51"
123,73495,100,24024,97519,233,"180-154-70-135-194-127-123-149-131-112-4-10-177-54-34-146-22-18-108-69-159-193-41-181-160-184-42-43-116-65-59-118-115-139-68-46-51-72-151-162-133-79-63-122-80-176-137-0-117-143-183-89-23-186-15-9-62-144-102-49-14-138-32-3-178-106-52-55-185-40-119-165-90-81-196-31-113-175-171-16-78-145-179-57-92-129-25-44-120-75-2-167-148-94-152-97-1-101-86-53"
124,74690,100,22641,97331,250,"139-42-41-193-159-22-146-181-34-160-54-177-10-190-4-112-84-35-184-43-116-65-47-131-149-24-123-162-151-176-80-122-63-79-133-194-127-70-135-154-180-158-53-136-121-100-26-86-101-75-120-44-16-171-175-113-56-31-78-145-196-81-90-27-165-119-40-185-106-178-52-55-57-92-129-2-1-97-152-189-94-124-148-62-49-14-144-89-183-143-117-0-23-137-51-109-118-59-115-46"
125,72848,100,23722,96570,284,"183-51-109-118-59-115-139-68-46-0-143-117-93-108-69-18-199-22-146-159-193-41-42-181-34-160-48-54-177-10-184-43-116-65-131-149-123-127-70-135-154-180-158-53-121-189-100-26-97-1-101-86-75-2-120-44-16-171-175-113-31-78-145-179-185-165-40-196-81-90-164-7-21-14-144-62-9-148-49-178-106-52-55-57-92-129-152-124-94-63-122-79-133-162-151-80-176-137-23-89"
126,74492,100,23764,98256,204,"102-49-144-14-138-39-27-90-81-40-165-185-106-178-52-55-57-92-179-196-31-113-175-171-16-78-145-25-44-120-2-75-86-26-101-1-97-152-94-121-53-158-180-154-135-123-162-133-79-63-80-151-72-59-149-131-65-116-43-42-184-84-112-4-10-177-54-160-34-181-195-146-22-159-18-69-108-36-140-93-117-143-170-0-68-46-198-139-193-41-115-118-51-176-137-183-89-148-9-62"
127,75858,100,23334,99192,178,"1-97-152-94-124-148-37-102-49-14-178-106-52-55-57-179-92-129-2-82-120-44-25-16-88-171-175-113-56-31-78-145-38-157-81-196-169-185-40-119-165-90-164-21-144-62-9-15-186-89-183-23-137-51-176-80-63-79-133-151-162-123-149-131-47-77-43-42-116-65-59-118-115-46-68-93-140-108-18-139-41-193-159-22-146-34-160-184-177-4-112-127-70-135-154-180-53-86-75-101"
128,73893,100,21781,95674,210,"159-193-41-139-115-46-68-117-0-143-183-89-114-186-23-137-176-80-151-133-79-122-63-182-121-100-26-97-1-152-94-124-148-15-9-62-102-49-144-14-165-40-185-106-178-52-55-57-92-78-145-196-31-56-113-175-171-16-25-44-120-82-129-2-75-101-86-53-180-154-135-70-127-123-162-72-51-109-118-59-65-47-116-42-181-160-184-43-77-131-149-112-4-10-177-30-54-48-34-22"
129,73980,100,22499,96479,219,"84-112-127-123-131-149-162-135-70-154-180-158-53-121-100-26-97-152-1-101-86-75-2-129-92-145-78-120-44-25-16-171-175-113-56-31-157-196-81-90-27-39-165-119-40-185-55-52-106-178-3-14-49-102-144-62-9-148-15-186-89-183-23-137-176-80-122-124-94-63-79-133-151-72-51-46-118-59-65-47-116-43-42-115-139-41-193-159-18-22-146-181-34-30-10-177-54-48-160-184"
130,73303,100,23731,97034,203,"178-106-185-40-119-8-165-39-164-27-90-81-196-31-56-113-175-171-16-78-145-25-44-120-2-129-92-57-55-52-167-152-97-1-101-75-86-26-100-53-180-154-135-127-123-112-4-84-190-10-177-54-160-184-35-43-42-5-115-139-41-193-181-34-22-18-108-68-46-0-117-143-153-183-89-137-51-118-59-116-65-149-162-151-133-79-80-176-122-63-94-124-148-9-62-144-14-102-49-3"
131,73578,100,23646,97224,189,"133-80-176-137-23-89-183-143-117-0-46-115-59-118-51-151-162-65-116-43-42-139-41-193-159-199-69-108-18-20-22-146-181-34-160-54-177-184-131-149-123-127-70-135-154-158-53-100-26-97-152-1-101-86-75-2-129-120-44-25-16-171-175-113-78-145-179-92-57-55-52-106-178-3-165-119-40-185-196-81-90-164-7-21-144-14-49-102-62-9-15-148-167-124-94-189-121-180-63-79"
132,73916,100,22832,96748,293,"31-78-145-92-129-57-55-52-178-106-185-40-81-90-165-138-14-144-102-49-167-148-9-62-89-183-137-176-80-122-63-79-133-162-151-51-118-59-115-116-65-149-43-42-5-96-181-159-193-41-139-198-46-68-0-153-143-170-117-93-140-108-69-18-22-146-103-34-160-48-54-177-184-84-112-123-135-154-180-53-121-189-94-124-152-1-97-26-100-86-101-75-2-120-44-25-16-171-175-113"
133,73073,100,23739,96812,211,"123-127-112-184-10-177-54-160-34-181-146-22-18-108-93-117-0-143-183-89-137-176-80-122-63-94-124-148-15-9-62-144-14-138-185-40-119-165-39-27-90-81-196-179-145-78-31-113-175-171-16-44-120-75-2-129-92-57-55-52-106-178-49-102-167-152-1-97-26-101-86-53-180-154-70-135-79-133-162-151-72-51-109-118-59-115-46-68-139-159-193-41-5-42-43-116-65-47-131-149"
134,73398,100,22629,96027,202,"53-86-75-101-1-152-97-26-100-63-79-133-162-151-118-51-176-80-122-94-124-167-52-55-57-92-129-2-120-44-25-145-78-16-171-175-113-56-31-90-165-119-40-185-106-178-3-138-14-144-49-102-62-9-148-15-186-137-23-89-183-143-0-117-93-68-46-198-139-115-59-65-116-43-42-181-41-193-22-146-34-160-48-54-184-177-10-190-4-112-131-149-123-127-194-135-70-154-180-158"
135,72830,100,23234,96064,222,"146-159-193-41-5-42-181-34-160-184-177-10-4-112-84-35-131-149-77-43-47-65-116-115-46-118-59-151-176-80-122-79-133-162-123-127-70-135-154-180-53-86-101-75-2-152-1-97-26-100-121-63-94-148-9-62-102-49-178-106-52-55-57-92-129-120-44-25-16-171-175-113-31-78-145-196-81-90-27-39-165-40-185-138-14-144-15-137-89-183-143-0-117-93-140-68-139-108-18-22"
136,74892,100,25217,100109,193,"185-106-3-178-52-55-57-92-145-78-44-120-129-2-75-101-86-26-53-180-154-135-70-127-123-112-4-190-10-177-54-48-34-103-146-22-195-159-18-108-140-68-46-198-115-139-193-41-5-42-181-160-184-84-35-131-149-47-43-116-65-59-162-151-176-80-79-63-94-97-1-152-148-137-0-143-183-89-23-186-9-62-49-14-144-21-7-164-90-165-40-81-196-56-113-175-171-16-31-179"
137,73829,100,22716,96545,200,"119-40-185-92-129-57-55-52-106-178-3-138-14-144-49-102-62-9-148-15-114-186-83-89-183-143-170-0-117-93-140-68-46-115-139-41-193-159-18-22-34-160-54-177-184-42-43-116-65-59-118-109-51-23-137-176-80-79-133-151-162-123-127-70-135-154-180-63-94-124-189-121-53-100-26-86-101-1-97-152-2-75-120-44-16-171-175-113-31-78-145-179-196-81-90-27-164-95-39-165"
138,75572,100,24276,99848,223,"119-40-185-106-178-3-32-49-14-138-21-144-102-62-9-15-148-2-152-124-94-63-122-176-80-79-133-162-151-51-109-118-59-149-131-47-65-116-115-139-46-137-23-89-183-143-0-117-93-140-108-18-22-146-159-193-41-96-5-42-181-34-160-43-184-54-177-4-112-123-135-154-180-53-121-100-26-86-97-1-101-75-120-44-25-82-129-55-52-57-92-145-78-31-16-171-175-113-90-165"
139,73754,100,22912,96666,296,"193-41-139-46-115-5-42-43-105-116-65-47-131-149-59-118-151-162-133-79-63-122-80-176-51-137-0-143-183-89-148-9-62-102-144-14-49-178-106-185-40-165-90-81-196-157-31-113-175-171-16-78-145-44-120-129-92-57-55-52-167-124-94-152-74-2-1-97-101-75-86-26-100-121-53-158-180-154-135-70-127-123-112-4-84-35-184-10-177-54-48-160-34-181-195-146-22-18-108-159"
140,74613,100,23665,98278,210,"106-178-3-49-148-137-23-89-183-9-62-144-14-185-40-165-27-90-81-196-56-113-175-171-16-31-145-78-25-44-120-75-101-53-180-154-135-70-127-162-133-151-72-59-115-198-139-41-193-159-181-42-5-43-105-116-65-47-131-149-123-112-84-35-184-177-54-48-160-34-103-146-22-18-69-108-93-117-143-170-0-68-46-118-51-176-80-79-122-63-94-152-97-1-2-129-92-57-55-52"
141,72715,100,23129,95844,191,"63-180-162-151-133-80-176-137-23-89-183-143-0-117-93-68-139-41-193-159-22-181-42-160-34-54-177-10-190-4-112-84-35-184-43-116-115-46-118-59-65-131-149-123-127-70-135-154-53-86-100-26-97-152-1-101-75-2-120-44-25-78-16-171-175-113-56-31-196-145-92-129-57-55-52-106-178-3-185-40-119-165-90-164-7-21-14-49-102-144-62-9-15-148-37-167-124-94-122-79"
142,72243,100,23568,95811,227,"159-22-18-108-93-117-0-143-183-89-23-137-15-9-62-102-144-21-164-90-165-40-185-55-52-106-178-14-49-167-148-124-94-80-176-51-151-162-133-79-63-182-121-100-26-97-1-152-2-129-57-92-145-78-31-113-175-171-16-25-44-120-75-101-86-53-158-180-154-70-135-194-127-123-112-4-84-35-184-10-177-54-48-160-34-181-42-43-116-65-131-149-59-118-115-46-68-139-41-193"
143,72086,100,23057,95143,204,"97-26-100-121-63-94-148-102-49-14-3-178-106-52-55-57-92-129-82-120-44-25-16-171-175-113-56-31-78-145-179-196-185-40-165-90-27-95-58-164-7-21-144-62-9-15-137-23-89-183-143-0-117-93-108-18-22-159-193-181-34-160-48-54-177-184-84-4-112-131-149-65-116-43-42-41-139-68-46-115-59-118-51-176-80-79-133-151-162-123-135-154-180-53-86-101-75-2-152-1"
144,74285,100,24345,98630,217,"69-18-22-146-103-34-160-184-177-10-4-112-123-127-70-135-154-180-63-79-133-80-176-94-124-148-167-152-97-53-86-101-1-2-129-92-179-145-78-120-44-16-171-175-113-56-31-157-196-81-90-27-164-95-39-165-119-40-185-57-55-52-106-178-14-49-102-144-62-9-15-186-89-183-143-0-137-51-151-162-149-59-118-115-116-65-43-5-42-181-159-193-41-139-198-46-68-93-140-108"
145,72542,100,23596,96138,226,"51-118-59-115-46-139-159-193-41-5-116-65-149-43-42-181-160-184-10-177-54-34-146-22-18-69-108-68-140-93-117-143-170-0-153-183-89-186-144-14-185-40-119-165-90-81-196-179-145-78-31-56-113-175-171-16-25-44-120-2-129-92-57-55-52-106-178-3-49-102-62-9-148-137-176-80-133-79-122-63-94-124-152-1-101-75-86-97-26-100-53-180-154-135-70-127-112-123-162-151"
146,73022,100,24656,97678,325,"112-4-190-10-177-54-48-160-34-181-42-43-47-116-115-41-193-159-146-22-18-108-117-143-183-89-23-148-9-62-102-49-178-3-14-144-21-164-90-81-196-40-165-185-106-52-55-57-92-145-78-31-56-113-175-171-16-25-44-120-2-152-97-1-101-75-86-26-94-122-79-133-63-121-53-158-180-154-135-70-127-123-162-151-51-80-176-137-0-68-139-46-118-59-65-149-131-35-184-84"
147,72923,100,23230,96153,221,"160-34-181-159-146-22-18-108-117-0-143-183-89-23-137-186-114-15-148-9-62-102-49-14-144-21-164-27-90-165-40-185-106-3-178-52-55-179-145-31-113-175-171-16-78-92-57-129-44-120-2-152-124-94-189-121-100-26-97-1-101-75-86-53-158-180-154-135-162-151-133-79-63-122-80-176-51-118-59-115-46-68-139-193-41-96-5-42-43-116-65-131-149-123-112-84-184-10-177-54"
148,72784,100,23655,96439,228,"27-95-164-7-21-14-144-62-9-148-167-152-97-94-63-79-80-176-133-162-151-51-137-23-89-183-143-0-117-93-68-46-115-139-41-193-159-199-69-108-18-22-146-34-54-177-184-160-181-42-43-116-47-65-118-59-149-123-127-70-135-154-180-158-53-121-100-26-86-75-101-1-2-120-44-25-129-92-57-55-52-106-178-3-49-138-165-119-40-185-179-145-78-31-16-171-175-113-81-90"
149,72620,100,23764,96384,215,"49-144-21-7-164-95-138-14-178-106-165-27-90-81-196-40-185-52-55-57-129-92-145-78-157-31-56-113-175-171-16-25-44-120-2-75-86-101-1-97-152-124-94-26-100-121-53-180-154-135-70-127-123-162-151-133-79-63-122-80-176-51-118-59-65-116-43-5-42-181-160-184-35-84-112-4-10-177-54-34-146-22-195-41-193-159-18-108-139-115-46-0-143-183-89-137-148-9-62-102"
150,74638,100,25531,100169,206,"78-31-113-175-171-16-44-120-129-2-75-86-101-1-152-97-26-100-121-94-124-12-122-63-53-158-180-154-135-127-112-4-177-184-43-115-139-41-193-159-42-160-48-54-34-181-146-22-18-108-93-117-143-0-68-46-118-59-116-65-123-162-151-51-133-79-80-176-137-23-89-183-144-21-7-164-95-27-90-81-196-40-119-165-185-106-178-3-14-49-102-62-9-148-167-52-55-57-92-145"
151,74174,100,21985,96159,225,"17-38-78-145-179-196-81-90-27-39-165-119-40-185-55-52-106-178-3-49-14-144-102-62-9-15-148-167-124-94-63-79-80-176-137-89-183-143-117-0-46-139-115-116-43-42-181-41-193-159-22-146-34-160-184-54-177-10-4-112-127-123-149-65-59-51-151-133-162-135-70-154-180-158-53-121-100-26-86-75-101-1-97-152-2-129-57-92-82-120-44-25-16-171-175-113-56-85-31-157"
152,74160,100,24909,99069,191,"63-79-133-80-176-94-124-148-49-178-106-52-57-92-129-120-44-25-16-171-175-113-31-78-145-179-196-81-40-185-165-90-27-164-14-144-62-9-137-183-143-0-117-108-18-69-139-68-46-51-118-59-115-96-5-42-41-193-159-22-146-195-181-34-160-54-30-177-10-190-4-112-84-184-43-116-65-47-131-149-123-127-162-151-135-70-154-180-53-100-26-97-1-101-86-75-2-152-189-121"
153,74681,100,23161,97842,215,"93-68-198-46-0-117-143-183-89-137-94-148-9-62-144-102-49-14-178-106-52-57-92-78-145-185-40-165-39-164-27-90-81-31-113-175-171-16-44-120-2-152-97-1-101-75-86-26-100-53-180-154-135-133-79-63-122-80-176-51-118-59-72-151-162-123-149-131-47-65-116-105-77-43-184-35-84-112-4-190-10-177-54-34-160-42-5-96-115-139-41-193-181-195-146-22-159-18-108-140"
154,73990,100,22393,96383,278,"162-123-127-70-135-154-180-53-121-100-86-75-120-44-25-16-171-175-113-31-78-145-92-40-165-185-106-178-49-14-144-62-9-15-148-57-129-2-152-97-1-101-26-94-63-79-80-176-137-23-186-89-183-143-0-117-93-140-108-18-69-139-68-46-115-41-193-159-22-146-103-34-54-177-10-190-4-112-84-35-184-160-181-96-5-42-43-105-116-47-131-149-65-59-118-109-51-72-151-133"
155,72940,100,22578,95518,209,"56-31-78-145-92-129-57-52-178-106-185-40-165-90-27-164-7-21-144-14-49-102-62-9-148-137-23-186-89-183-143-170-0-117-93-108-18-22-159-193-139-68-46-115-59-118-109-51-176-80-94-63-79-133-151-162-123-35-131-149-47-65-116-105-77-43-42-5-41-181-34-160-48-54-30-177-10-190-184-84-112-127-70-135-154-180-53-86-75-101-1-97-152-2-120-44-16-171-175-113"
156,73043,100,22673,95716,207,"46-115-42-160-181-195-22-146-103-34-54-177-184-43-116-65-47-131-149-123-127-70-135-162-59-51-151-133-79-63-136-180-154-158-53-121-100-86-26-189-152-97-1-101-75-2-120-44-25-82-129-92-57-55-52-179-145-78-16-171-175-113-56-31-196-81-90-27-165-40-185-106-178-3-49-14-144-102-62-9-148-167-124-94-80-176-137-23-186-89-183-143-0-117-108-18-159-193-41-139"
157,74401,100,23952,98353,225,"2-129-92-145-57-55-52-167-148-124-94-152-97-26-100-121-53-158-154-180-63-79-80-176-137-51-118-59-72-151-133-162-135-70-127-123-149-131-65-116-43-35-84-112-4-177-54-184-160-34-181-42-41-193-159-146-22-18-108-140-68-139-115-46-117-143-0-153-183-89-76-23-186-114-15-9-62-102-144-14-49-178-106-185-40-119-165-90-31-113-175-171-16-78-44-120-75-86-101-1"
158,76950,100,23625,100575,220,"106-178-52-55-57-94-124-148-102-49-14-144-62-9-15-137-23-89-183-143-0-46-115-139-68-140-108-18-22-146-34-54-48-160-181-195-159-193-41-5-42-43-116-65-47-149-131-35-184-177-10-190-4-112-127-123-72-59-118-109-51-176-80-122-63-79-133-151-162-161-194-135-70-154-180-53-100-26-97-152-1-101-86-75-2-120-44-129-92-179-145-78-16-171-90-27-39-165-40-185"
159,72680,100,24071,96751,333,"18-108-93-117-0-143-183-89-23-137-176-80-79-122-63-94-124-167-148-186-114-15-9-62-144-102-49-14-138-165-27-90-81-196-40-119-185-3-178-106-52-55-57-129-92-145-78-31-113-175-171-16-25-44-120-2-152-97-1-101-75-86-26-53-180-154-70-135-162-133-151-51-118-46-68-139-198-115-59-149-123-127-112-35-65-116-43-5-42-181-160-184-177-54-34-146-22-159-41-193"
160,73401,100,22744,96145,224,"176-80-122-94-124-148-9-62-49-178-106-52-55-57-92-129-2-152-97-1-101-86-75-120-44-25-16-171-175-113-31-78-145-179-185-40-165-14-144-186-23-89-183-153-0-143-117-93-68-46-115-139-41-193-159-69-108-18-22-146-195-181-34-30-54-10-177-48-160-42-5-43-184-84-4-112-35-47-116-65-131-149-24-123-127-70-135-154-180-53-121-63-79-133-151-162-59-118-51-137"
161,73305,100,23819,97124,203,"152-129-78-145-92-57-55-52-106-178-3-49-102-62-9-148-15-144-14-138-165-90-40-185-196-31-113-175-171-16-25-44-120-2-75-86-101-1-97-26-100-53-158-180-154-135-162-151-51-109-118-59-46-68-139-198-115-41-42-181-160-43-116-65-149-123-127-112-4-84-35-184-10-177-54-48-34-22-159-193-18-108-140-93-117-0-143-183-89-114-186-23-137-176-80-133-79-122-63-94"
162,72864,100,23805,96669,209,"183-143-0-117-93-108-18-69-139-68-46-198-115-41-193-159-22-146-34-48-54-177-10-184-160-181-42-5-43-116-65-59-149-35-84-4-112-127-123-162-151-133-135-154-180-158-53-121-100-26-86-75-101-1-97-152-2-120-44-129-57-92-145-78-25-16-171-175-113-31-196-81-40-185-55-52-106-178-3-14-165-90-164-7-21-144-49-102-62-9-148-124-94-63-122-79-80-176-137-89"
163,72665,100,23556,96221,236,"78-145-179-196-81-31-113-175-171-16-44-120-2-152-97-1-101-75-86-53-180-154-135-70-127-123-112-177-54-48-160-184-43-42-5-116-65-149-59-118-51-46-115-139-41-193-159-195-181-34-103-146-22-18-108-140-93-117-0-143-183-89-186-23-137-176-80-151-133-79-63-94-124-148-15-9-62-144-102-49-178-106-14-21-7-164-95-27-90-39-165-8-119-40-185-52-55-57-129-92"
164,74012,100,21804,95816,229,"16-44-120-92-129-2-75-86-101-1-97-152-124-94-189-26-100-121-53-158-180-154-70-135-194-127-123-149-131-35-184-177-54-48-160-34-103-146-195-22-18-108-69-199-159-193-41-181-42-5-43-105-116-65-47-162-151-133-79-63-80-176-51-118-59-115-139-46-0-143-183-89-23-137-148-9-62-144-14-49-3-178-106-52-55-57-185-40-119-165-39-27-90-81-145-78-31-113-175-171"
165,74462,100,23569,98031,252,"116-43-112-84-184-54-160-34-146-22-159-181-42-5-41-193-139-115-198-46-68-163-69-18-108-140-93-117-0-170-143-183-89-23-137-176-51-118-59-162-151-133-80-148-9-62-144-49-14-138-21-7-164-27-90-165-119-40-185-3-178-106-52-55-57-92-145-78-31-113-175-171-16-25-44-120-75-101-86-100-26-97-1-152-2-129-167-124-94-189-122-79-63-53-180-154-135-123-149-65"
166,73611,100,22817,96428,202,"43-116-47-65-59-118-51-149-131-35-84-4-112-127-70-135-194-123-162-151-133-79-63-136-180-154-158-53-100-26-97-152-1-101-86-75-2-120-44-25-82-129-57-92-78-16-171-175-113-56-31-145-179-196-40-90-165-185-55-52-106-178-3-14-144-49-102-62-9-148-167-124-94-122-80-176-137-183-143-0-117-68-46-198-115-139-41-193-159-18-22-146-181-34-160-48-54-177-184-42"
167,73191,100,22703,95894,198,"46-139-115-96-5-41-193-159-69-108-18-22-146-181-34-160-48-54-177-184-42-43-116-65-47-149-131-112-127-123-162-133-151-72-59-118-109-51-176-80-79-63-135-70-154-180-53-94-124-152-1-97-26-100-86-101-75-2-120-44-16-171-175-113-56-31-78-145-92-57-55-52-196-81-90-165-40-185-106-178-49-14-144-62-9-148-15-186-137-23-89-183-153-0-143-117-93-140-36-68"
168,73568,100,23275,96843,273,"162-135-70-127-123-149-131-47-65-116-105-77-43-184-84-112-4-177-54-48-160-34-181-42-5-96-115-59-72-118-46-68-139-41-193-159-146-22-18-108-140-93-117-0-143-183-89-186-144-14-49-102-62-9-148-137-176-51-151-80-94-124-152-2-92-57-55-52-106-178-3-185-40-119-165-90-81-196-145-78-31-113-175-171-16-44-120-75-86-101-1-97-26-100-53-154-180-63-79-133"
169,74256,100,24993,99249,214,"115-5-41-193-139-68-46-0-89-183-143-117-93-108-69-18-22-146-159-181-34-160-48-54-177-10-190-84-184-42-43-116-65-149-131-112-123-162-194-127-70-135-154-180-158-53-121-100-26-86-75-101-1-97-152-2-120-44-129-92-78-16-171-175-113-31-145-179-185-40-119-165-90-27-164-14-49-102-144-62-9-148-178-106-52-55-57-124-94-63-122-79-133-151-80-176-137-51-118-59"
170,74912,100,23290,98202,212,"92-57-129-78-31-113-175-171-16-25-44-120-2-74-152-97-1-101-75-86-26-100-121-189-94-80-176-151-133-79-63-53-158-180-154-135-70-127-123-149-65-116-43-42-184-177-54-160-34-181-195-103-146-22-18-159-193-41-139-115-59-118-46-0-117-143-183-89-23-137-186-114-15-144-49-102-62-9-37-148-124-167-55-52-106-178-3-14-138-185-40-165-39-95-7-164-27-90-81-145"
171,74602,100,23907,98509,191,"63-79-133-151-162-135-70-127-123-112-149-131-43-160-184-177-54-34-146-22-199-18-69-108-163-139-68-140-93-117-143-170-0-46-115-41-193-159-181-42-116-65-59-118-51-80-176-137-23-183-89-186-15-62-9-37-148-124-94-189-152-167-55-52-106-178-3-49-102-144-14-165-90-40-185-145-78-31-113-175-171-16-44-120-129-92-57-2-75-86-101-1-97-26-100-121-53-158-154-180"
172,75566,100,24343,99909,180,"44-25-78-16-88-171-175-113-56-31-196-81-90-165-119-40-185-14-144-15-9-62-102-49-178-106-52-55-57-179-145-92-129-82-2-167-37-148-12-80-176-51-137-89-183-143-0-117-68-46-115-116-65-47-43-42-159-193-41-139-108-18-22-146-34-160-54-177-184-84-112-123-149-59-151-162-127-70-135-154-180-158-53-136-63-133-79-122-94-124-152-97-1-101-26-100-121-86-75-120"
173,74309,100,23357,97666,204,"183-137-80-176-66-51-109-118-59-72-151-133-79-63-94-124-148-9-62-49-55-52-106-178-14-144-21-164-27-90-165-40-185-196-31-56-113-175-171-16-44-120-78-145-92-57-129-2-152-97-1-101-75-86-26-100-53-180-154-70-135-194-127-123-162-149-131-47-65-116-43-35-84-112-4-190-10-177-184-54-30-48-160-34-103-146-22-18-108-159-181-42-5-41-193-139-115-46-0-143"
174,74647,100,22122,96769,193,"179-52-55-57-129-92-145-78-31-113-175-171-16-44-120-75-86-101-2-152-1-97-26-100-121-189-94-124-12-80-176-51-151-162-133-79-122-63-182-136-53-180-154-135-70-127-123-149-131-35-184-84-112-4-190-10-177-54-48-160-34-22-193-41-181-42-43-47-65-116-59-115-139-46-0-143-183-89-137-15-62-9-37-148-167-106-178-3-49-102-144-14-138-185-40-119-165-90-81-196"
175,73836,100,22672,96508,201,"101-97-26-100-86-75-120-44-25-16-171-175-113-31-157-81-90-27-165-40-185-196-91-179-145-78-92-57-55-52-106-178-14-144-49-102-62-9-137-89-183-143-0-117-93-140-68-46-198-139-108-18-22-159-193-41-181-34-160-54-177-184-35-131-149-47-65-116-43-42-5-96-115-59-118-109-51-151-133-162-123-127-135-154-180-158-53-63-79-80-176-94-124-148-37-167-129-2-152-1"
176,73297,100,23528,96825,281,"162-133-79-63-80-176-137-23-183-89-186-15-9-62-102-49-144-14-3-178-106-185-40-119-165-39-95-7-164-27-90-81-196-157-31-56-113-175-171-16-25-44-120-78-145-179-92-82-129-57-55-52-148-124-94-152-97-1-101-2-75-86-26-100-121-53-158-180-154-135-127-123-112-4-177-54-34-160-184-131-149-65-116-43-42-41-193-159-146-22-18-139-143-0-46-115-59-118-51-151"
177,75513,100,21422,96935,202,"42-41-193-139-46-115-118-59-72-109-51-151-133-162-123-127-135-154-180-158-53-121-189-100-26-97-152-1-101-86-75-2-129-120-44-25-16-171-175-113-56-31-78-145-157-81-90-165-119-40-185-196-91-179-92-57-55-52-106-178-3-32-138-14-144-155-49-102-62-9-148-167-124-94-63-122-79-80-176-137-23-186-114-89-183-143-117-93-108-18-159-22-34-160-184-131-149-65-116-43"
178,71755,100,22128,93883,210,"135-154-180-158-53-121-100-26-97-152-1-101-86-75-2-129-57-92-145-78-120-44-25-16-171-175-113-56-31-157-179-196-81-90-27-164-7-95-39-165-119-40-185-55-52-106-178-3-49-14-144-62-9-148-124-94-63-79-133-80-176-137-89-183-143-0-117-68-46-139-41-193-159-18-22-146-34-160-48-54-177-184-131-149-47-65-116-43-42-181-5-115-59-118-51-151-162-123-127-70"
179,74156,100,21662,95818,224,"184-42-43-116-65-131-149-123-127-70-135-154-180-158-53-136-121-189-26-100-86-101-1-97-152-2-75-120-44-25-82-129-92-145-78-16-171-175-113-56-31-81-90-27-39-165-119-40-185-169-196-179-57-55-52-106-178-3-138-14-49-144-62-9-148-124-94-63-122-80-79-133-162-151-72-59-115-118-51-176-137-23-186-89-183-143-0-117-93-68-46-198-139-41-193-159-18-22-34-160"
180,74070,100,22457,96527,214,"54-48-160-34-146-22-18-159-193-41-139-68-140-93-117-170-143-183-0-46-115-59-118-51-151-133-79-63-122-80-176-137-23-186-148-9-62-102-49-144-14-138-165-90-119-40-185-106-178-52-55-57-179-196-81-157-38-31-56-113-175-171-16-25-78-145-92-129-82-44-120-2-75-101-86-100-26-97-1-152-167-111-124-94-121-53-180-154-135-127-123-149-65-116-43-42-184-190-10-177"
181,73177,100,23458,96635,205,"121-136-53-180-154-158-86-75-101-1-2-82-120-44-25-16-171-175-113-56-31-78-145-92-129-57-55-52-185-40-119-165-90-27-164-7-21-144-102-49-14-3-178-106-167-148-9-62-15-137-89-183-143-117-0-46-115-139-41-193-159-18-22-146-181-34-54-177-10-190-84-184-160-42-43-116-65-149-131-112-123-127-70-135-162-133-151-59-51-176-80-79-122-63-94-124-152-97-26-100"
182,73247,100,23594,96841,202,"106-178-3-138-14-144-102-49-167-148-9-62-186-89-183-23-137-94-63-79-133-162-72-151-80-176-66-51-109-118-59-115-46-0-143-117-108-18-22-146-159-193-41-139-42-181-34-160-48-54-177-10-4-112-84-184-43-116-65-131-149-123-127-70-135-154-180-53-86-101-1-97-152-2-75-120-44-25-16-171-175-113-56-31-157-78-145-92-129-57-179-196-81-90-165-119-40-185-55-52"
183,73665,100,24120,97785,226,"1-101-75-86-97-26-100-121-136-53-158-180-154-135-70-127-123-112-4-84-35-184-190-10-177-30-54-48-160-34-146-22-159-199-18-69-108-140-93-117-143-0-46-68-139-41-193-181-42-43-116-115-59-65-149-162-151-133-80-176-51-137-183-144-14-178-106-185-40-165-90-81-145-78-31-113-175-171-16-25-44-120-2-129-92-57-55-52-49-102-62-9-148-167-124-94-79-63-189-152"
184,77047,100,24270,101317,239,"94-63-26-97-1-152-2-75-101-86-53-180-154-135-79-80-133-151-162-123-112-184-10-177-54-48-43-65-116-42-181-160-34-146-22-18-108-140-93-117-143-0-68-46-198-139-159-193-41-115-59-51-176-137-183-89-144-14-138-179-91-196-169-185-40-119-165-27-90-81-157-85-56-113-175-171-16-31-38-168-145-78-25-44-120-82-129-92-57-55-52-106-178-3-49-102-62-9-148-124"
185,74617,100,23827,98444,207,"129-57-167-148-137-66-176-80-79-122-63-180-158-154-135-70-127-123-112-84-184-177-54-160-34-181-42-43-116-65-47-105-77-131-149-162-133-151-72-51-109-118-59-115-139-41-193-159-22-18-108-68-46-0-117-143-183-89-23-186-15-9-62-102-144-14-138-49-178-106-52-55-185-40-165-27-90-81-196-179-92-145-78-31-113-175-171-16-44-120-75-101-86-26-53-94-152-97-1-2"
186,72239,100,23475,95714,207,"63-79-133-151-162-123-127-70-135-154-180-158-53-86-75-101-26-97-1-152-2-120-44-25-82-129-57-92-145-78-16-171-175-113-31-196-81-40-119-185-165-39-90-27-95-164-7-21-14-106-52-55-178-49-102-144-62-9-148-167-124-94-137-23-89-183-143-0-46-139-41-193-159-18-22-146-181-34-48-54-30-177-10-190-4-112-84-184-160-42-5-43-149-65-116-115-59-51-176-80"
187,72761,100,23884,96645,201,"152-124-94-80-176-51-79-63-53-180-154-135-133-151-162-123-112-177-54-48-184-160-34-103-146-181-159-22-18-108-69-193-41-42-43-116-65-59-118-115-139-198-46-68-93-117-0-143-183-89-186-23-137-148-9-62-144-102-49-178-106-138-14-21-7-164-27-90-39-165-185-119-40-81-196-157-31-56-113-175-171-16-44-120-25-78-145-52-55-57-92-129-2-75-86-101-1-100-26-97"
188,73241,100,23605,96846,211,"52-55-57-92-129-44-120-2-75-101-86-53-100-26-97-1-152-124-94-63-79-80-176-151-59-116-65-131-149-123-162-133-180-154-135-70-127-112-84-184-43-42-160-34-181-195-146-22-18-108-69-159-193-41-139-115-46-68-117-0-143-183-89-23-137-186-114-15-148-37-9-62-102-49-144-14-138-21-7-164-95-27-90-165-40-81-196-31-56-113-175-171-16-78-145-179-185-106-3-178"
189,73993,100,23156,97149,218,"182-136-53-180-154-135-123-149-131-47-43-184-84-112-4-177-54-160-34-181-42-116-65-59-118-115-46-139-41-193-22-18-69-108-140-93-117-0-143-183-89-23-137-176-80-151-162-133-79-122-63-94-124-148-37-15-144-14-178-106-185-40-165-39-27-90-81-196-56-113-175-171-16-31-78-145-179-92-25-44-120-129-57-55-52-49-102-62-9-167-152-97-1-101-2-75-86-26-100-121"
190,74769,100,22599,97368,299,"116-59-118-115-41-193-159-181-42-43-184-160-34-146-22-18-108-139-46-68-117-0-170-143-183-89-23-137-176-51-151-162-133-79-63-122-80-12-94-124-167-148-9-62-144-49-178-14-21-7-164-58-95-71-27-90-39-165-40-185-106-52-55-57-145-78-31-113-175-171-16-25-44-120-82-92-129-2-75-101-86-100-26-97-1-152-189-121-53-180-154-135-70-127-123-149-131-77-47-65"
191,73561,100,24337,97898,213,"51-59-65-116-115-46-137-23-186-148-94-152-97-1-101-86-75-2-120-44-16-171-175-113-56-31-78-145-92-129-57-55-52-185-40-165-90-27-164-21-144-14-106-178-49-102-62-9-15-114-89-183-153-0-170-143-117-93-140-108-18-69-139-41-193-159-22-146-103-34-160-181-42-43-184-48-54-30-177-10-4-112-149-162-123-127-70-135-154-180-53-100-26-121-63-79-80-176-133-151"
192,74432,100,22962,97394,180,"86-75-120-44-129-57-92-145-78-31-16-171-175-113-56-196-81-90-27-164-39-165-119-40-185-55-52-106-178-3-138-14-49-144-62-148-94-63-79-133-80-176-137-23-186-89-183-153-143-117-0-46-68-108-18-22-146-181-34-160-54-177-184-84-112-131-149-47-65-116-105-43-42-5-96-41-193-159-139-115-59-118-109-51-151-162-24-123-127-194-135-70-154-180-53-26-97-152-1-101"
193,73731,100,23095,96826,203,"159-146-22-18-108-68-46-0-117-143-183-89-186-15-148-37-9-62-102-144-14-49-178-106-165-90-40-185-52-55-57-129-92-179-145-78-31-113-175-171-16-25-44-120-75-101-1-2-152-97-26-100-86-158-154-70-135-180-53-121-94-124-137-51-176-80-122-63-79-133-151-162-123-112-184-190-10-177-54-48-160-34-181-96-5-42-43-105-116-65-47-131-149-72-59-118-115-139-41-193"
194,73411,100,24448,97859,195,"181-41-193-159-195-146-22-18-108-117-143-0-46-68-139-115-118-51-176-80-133-79-63-94-152-74-2-129-92-57-55-52-179-145-78-196-40-119-165-185-106-178-3-49-102-62-9-148-137-23-183-89-186-114-15-144-14-138-21-164-90-81-157-31-113-175-171-16-25-44-120-75-86-101-1-97-26-100-53-180-154-135-70-127-123-162-151-59-116-5-42-43-65-149-184-177-54-48-160-34"
195,74420,100,25381,99801,184,"181-42-160-48-54-177-10-4-112-84-184-131-149-123-127-70-135-154-180-63-53-100-26-97-1-101-86-75-120-44-16-171-175-113-56-31-78-145-92-179-185-119-40-196-81-90-164-7-21-144-14-138-39-165-106-178-3-49-102-62-9-15-148-167-52-55-57-129-2-152-94-124-137-176-80-79-133-162-151-51-59-65-116-43-115-139-0-183-143-170-117-93-108-18-193-41-159-22-146-34"
196,73075,100,24436,97511,190,"55-52-178-3-106-165-90-164-21-144-14-49-102-62-9-15-114-186-89-183-23-137-148-167-152-2-1-97-94-63-122-79-133-162-151-80-176-51-109-118-59-65-47-116-43-42-115-139-46-0-143-117-93-108-18-22-159-193-41-181-34-160-54-177-10-190-4-112-84-184-35-131-149-123-127-70-135-154-180-53-100-26-86-101-75-120-44-129-92-145-78-16-171-175-113-31-196-40-185-57"
197,73261,100,23354,96615,209,"146-103-34-181-160-48-54-177-10-184-84-4-112-123-127-70-135-154-180-133-151-162-59-118-109-51-176-80-79-122-63-53-86-101-75-2-120-44-25-16-171-175-113-56-31-78-145-196-81-185-40-90-27-39-165-14-144-62-9-49-178-106-52-57-92-129-152-1-97-26-100-121-94-124-148-137-89-183-143-0-117-68-46-139-115-116-65-149-131-43-42-41-193-159-199-69-108-18-22-195"
198,72365,100,22382,94747,231,"75-101-1-97-26-100-121-63-79-122-94-152-2-120-44-16-171-175-113-31-78-145-92-57-55-52-179-196-81-90-27-39-165-119-40-185-106-178-3-138-14-49-144-62-9-148-137-23-186-89-183-143-0-117-68-46-139-41-193-159-108-18-22-146-103-195-181-5-42-160-34-48-54-177-10-190-184-43-131-149-47-65-116-115-59-118-51-176-80-133-151-162-123-127-70-135-154-180-53-86"
199,72992,100,23653,96645,241,"152-129-78-145-92-57-55-52-148-15-9-62-102-144-14-49-3-178-106-185-40-165-39-95-7-164-27-90-81-31-113-175-171-16-25-44-120-2-75-86-101-1-97-26-100-121-53-158-180-154-70-135-162-133-151-51-118-59-116-65-47-131-149-123-112-4-177-54-48-184-43-42-5-115-41-193-159-181-160-34-146-22-18-108-69-139-46-68-117-0-143-183-89-137-176-80-79-122-63-94"
200,74169,100,23164,97333,216,"177-54-48-160-34-181-146-22-159-18-108-117-143-170-0-46-139-193-41-42-115-59-118-51-151-162-133-79-63-122-80-176-137-23-183-89-186-144-14-138-165-39-164-27-90-40-185-55-52-106-178-49-62-9-148-124-94-189-97-1-152-2-129-92-57-179-145-78-31-113-175-171-16-25-44-120-75-101-86-26-100-121-136-53-158-180-154-135-123-149-131-47-65-116-105-43-184-84-112-4"
