SolutionID,TotalCost,NumNodes,TotalDistance,ObjectiveFunction,Cycle
1,270425,100,174115,444540,"61-99-97-14-101-120-154-20-147-94-160-155-113-78-63-128-141-75-199-28-118-80-33-5-105-66-196-64-40-162-122-47-23-187-34-6-31-149-87-132-188-125-90-32-150-112-102-136-53-110-12-76-161-195-174-11-21-52-179-126-60-117-138-62-35-49-42-106-131-157-4-130-143-88-108-71-54-163-115-104-178-114-29-151-180-140-183-56-16-39-181-95-51-22-111-57-18-7-152-164"
2,253572,100,164169,417741,"69-47-142-190-23-81-156-16-105-84-199-195-27-55-9-90-54-183-52-59-104-24-184-60-91-193-137-0-53-77-7-5-172-152-126-43-167-75-93-25-79-151-40-178-82-164-17-121-44-14-124-171-175-65-153-62-83-18-146-141-157-96-179-1-21-138-64-70-35-185-29-74-120-2-89-48-160-57-180-13-107-114-161-163-150-143-192-148-139-67-111-103-169-131-86-149-101-50-118-108"
3,264912,100,163470,428382,"88-55-41-179-157-104-181-191-123-184-112-189-60-24-110-117-92-152-66-87-182-120-172-4-196-54-16-183-13-187-155-1-198-111-139-126-138-33-29-167-38-153-98-6-137-76-78-2-122-31-53-18-95-96-58-52-56-113-125-44-119-77-169-101-174-154-192-177-144-12-79-89-84-159-28-132-11-25-70-185-36-49-57-26-35-163-14-97-108-32-37-67-71-107-168-74-129-62-161-8"
4,278905,100,178482,457387,"148-105-56-117-127-126-192-59-109-143-80-186-93-2-191-5-55-129-107-28-25-128-139-160-168-70-164-119-110-156-76-79-85-103-196-101-51-118-41-52-140-116-13-35-185-17-86-197-112-199-3-61-179-195-150-24-1-165-67-134-83-111-124-29-54-180-123-47-36-145-108-21-172-122-96-89-113-66-14-46-98-48-38-45-22-114-63-153-95-18-42-125-198-9-6-10-97-11-57-19"
5,259290,100,169307,428597,"18-156-177-145-11-118-86-106-64-82-5-22-189-92-36-53-180-139-137-153-122-116-47-61-44-89-138-42-35-172-102-59-94-57-34-186-166-103-65-9-121-148-93-43-199-134-120-71-13-109-26-56-7-84-58-41-195-98-20-194-63-179-130-184-160-191-105-175-164-197-68-72-190-73-75-83-81-127-159-31-33-178-119-97-23-155-152-55-167-27-100-3-147-67-157-4-187-46-1-185"
6,274688,100,176023,450711,"6-164-18-17-180-99-58-86-29-102-139-104-62-40-156-43-106-66-192-188-85-136-37-94-8-68-82-10-9-166-172-32-54-76-88-23-113-177-135-150-174-45-143-182-179-155-92-123-185-78-111-184-161-153-145-159-71-33-121-157-72-151-112-60-74-97-11-124-122-129-186-50-197-144-55-42-59-140-95-131-63-77-130-142-89-175-120-51-146-22-2-31-24-107-56-14-158-70-103-114"
7,258247,100,158254,416501,"119-164-18-118-28-155-114-198-54-104-134-19-174-173-60-140-85-100-97-7-45-152-123-4-182-92-15-50-20-17-49-128-133-91-22-191-89-103-44-25-95-160-72-131-143-29-124-162-26-64-169-161-48-41-94-79-176-23-142-156-144-82-98-145-135-185-179-8-6-39-121-77-63-52-166-33-11-51-34-113-31-175-159-81-10-59-93-62-125-84-47-197-141-138-13-168-110-102-90-68"
8,279991,100,182962,462953,"13-150-193-45-148-178-195-138-89-91-132-110-129-42-68-179-40-118-82-177-17-121-67-14-55-80-116-198-188-6-83-144-58-173-126-12-50-174-139-136-169-104-78-135-19-73-102-97-131-52-185-48-81-33-18-141-157-113-21-147-60-92-105-183-84-165-119-184-9-66-71-30-76-167-133-145-65-123-3-154-49-164-79-114-36-161-98-15-180-10-72-90-199-162-7-155-4-29-143-152"
9,275694,100,178004,453698,"143-8-190-82-177-62-164-77-32-34-7-65-146-85-148-30-144-66-168-156-163-170-179-47-97-150-152-109-128-104-22-15-87-160-35-5-158-59-111-14-161-49-155-106-166-71-54-186-99-182-175-20-192-157-38-63-140-132-70-75-79-183-102-120-194-17-3-147-135-178-181-149-172-115-174-124-131-68-89-91-116-45-92-142-11-184-123-37-78-48-73-112-19-162-121-122-24-196-137-110"
10,291123,100,185965,477088,"83-190-19-55-24-132-154-136-102-53-64-146-194-98-150-99-159-196-187-6-57-188-54-44-8-90-69-141-7-42-163-46-92-22-97-162-29-145-181-27-11-77-105-1-183-147-128-33-165-68-149-15-49-156-48-133-38-100-4-61-32-14-30-52-185-47-131-168-58-28-112-164-114-134-82-104-60-79-70-10-174-5-88-148-127-103-13-23-67-66-81-166-173-94-124-20-91-16-41-144"
11,267980,100,174433,442413,"23-182-7-96-147-64-18-69-90-1-105-55-68-160-162-67-145-110-14-15-132-3-10-187-62-33-137-113-24-93-101-81-135-70-185-48-156-109-77-196-159-74-179-56-102-84-123-60-112-111-5-163-120-175-190-140-9-54-58-99-28-22-139-79-45-119-131-27-178-154-51-176-63-30-21-186-152-34-153-172-42-87-76-61-78-141-197-25-86-170-104-43-66-193-57-4-150-72-88-114"
12,275530,100,173149,448679,"143-1-23-155-31-196-175-108-30-16-165-27-197-128-89-123-79-87-96-85-124-13-119-188-167-95-6-88-189-59-45-17-28-140-10-50-29-97-118-158-103-129-18-75-90-52-154-73-5-98-186-60-172-146-53-173-32-65-120-38-64-160-106-166-102-56-183-133-115-112-136-179-44-109-20-33-150-104-174-11-24-3-4-99-40-185-14-82-43-34-105-51-19-72-130-142-61-139-67-178"
13,253551,100,161336,414887,"42-90-139-122-125-166-191-140-172-31-47-193-55-186-15-79-1-35-71-41-155-32-68-151-170-100-102-129-0-145-176-154-175-115-114-96-93-81-101-111-30-142-84-159-61-161-53-124-126-98-4-78-57-189-146-27-157-150-180-112-54-153-29-16-97-184-185-107-138-147-160-44-123-120-82-5-105-70-162-38-92-37-7-103-91-119-17-66-192-131-34-12-118-167-110-22-28-195-136-128"
14,264464,100,169315,433779,"192-84-13-90-18-64-70-21-31-34-171-122-83-146-68-99-137-173-73-46-26-6-193-38-149-55-168-111-150-10-175-42-11-177-130-20-61-169-117-106-107-144-176-127-156-87-199-185-9-147-154-136-183-19-59-37-126-145-89-77-54-125-44-188-109-112-49-94-28-152-194-186-39-76-166-63-187-116-53-182-159-7-92-160-51-151-1-12-14-178-4-41-91-86-197-135-33-29-163-184"
15,272415,100,173830,446245,"158-162-172-15-6-65-194-111-133-82-193-88-70-71-182-58-99-89-196-24-139-31-14-1-152-149-185-20-187-179-46-167-119-13-19-47-27-43-102-140-109-112-157-124-169-192-126-51-49-53-77-184-40-63-75-79-68-30-41-98-117-36-101-80-66-67-141-127-121-154-178-135-5-143-35-128-44-171-170-161-39-125-76-4-150-173-156-7-12-175-87-16-96-163-32-177-113-104-188-94"
16,261816,100,169986,431802,"96-99-136-20-54-184-180-183-55-35-65-170-50-126-42-75-74-115-197-198-94-90-24-178-25-40-3-9-160-110-79-10-124-164-139-196-195-112-125-37-81-13-175-192-53-121-71-181-189-104-12-85-97-191-88-93-154-103-48-23-92-187-7-173-152-147-116-39-18-5-82-114-89-150-199-84-21-158-1-148-51-163-78-137-91-142-59-2-151-49-168-56-165-135-162-44-166-107-186-179"
17,274073,100,177678,451751,"191-86-66-16-185-199-77-113-143-61-67-166-88-53-72-196-83-189-23-22-132-194-98-37-5-187-134-104-106-65-175-38-48-115-103-70-15-108-107-51-101-110-109-0-91-162-116-142-135-64-94-93-129-102-198-1-87-151-40-111-123-24-82-34-68-112-193-28-161-138-145-192-30-80-49-27-57-120-59-6-183-163-178-100-13-76-117-56-190-85-62-169-9-147-12-43-42-10-159-168"
18,252407,100,154628,407035,"159-116-108-157-1-125-23-169-59-184-90-126-0-45-35-175-81-55-54-177-111-8-46-88-11-68-64-4-188-86-91-168-174-71-58-154-32-191-122-24-128-158-185-149-63-143-89-61-164-78-56-42-20-36-182-34-167-171-139-9-150-17-102-163-65-165-172-121-120-145-147-134-70-72-118-16-69-84-21-137-151-31-100-186-107-144-106-74-156-99-19-187-62-37-194-12-152-80-110-109"
19,259040,100,159902,418942,"42-197-93-88-6-144-132-80-135-96-17-157-66-114-97-22-184-199-81-72-41-179-73-90-155-85-102-8-171-37-70-168-62-113-43-64-173-121-77-185-53-18-125-183-68-108-187-83-86-147-14-172-112-109-106-143-182-13-71-178-190-30-28-38-36-12-156-92-124-0-45-115-139-116-33-75-95-34-148-162-11-166-111-160-103-191-57-150-59-120-46-181-129-192-194-118-60-99-130-146"
20,252396,100,151501,403897,"158-97-169-102-124-93-129-165-1-101-136-126-4-82-142-175-162-21-170-114-46-176-144-5-118-167-59-77-111-196-121-14-17-141-132-190-199-13-133-154-163-3-7-15-194-197-96-73-24-128-16-198-0-115-56-69-137-48-147-123-138-25-187-95-161-2-40-178-75-135-89-29-113-30-45-168-191-149-103-84-159-11-192-100-87-71-88-26-36-49-145-72-181-67-143-76-183-20-60-130"
21,261496,100,158933,420429,"96-94-51-75-97-164-122-98-165-50-132-134-34-162-175-103-179-60-115-19-83-123-56-70-32-151-9-61-69-187-167-33-118-100-155-57-93-74-133-146-139-195-173-181-65-5-125-196-64-42-6-149-104-48-99-24-3-152-156-158-0-198-40-140-184-17-148-77-82-102-126-112-190-7-14-108-43-110-109-67-142-141-143-136-21-186-86-25-174-20-113-26-107-105-44-52-46-47-189-4"
22,256483,100,166171,422654,"92-8-139-116-55-54-90-103-197-83-158-180-172-63-12-122-51-32-187-152-2-140-45-164-18-169-195-23-114-3-59-123-179-100-42-124-119-47-84-190-102-167-145-77-161-46-69-107-36-87-95-16-194-138-188-192-184-52-154-60-175-162-151-33-189-74-165-134-177-171-41-186-191-62-135-148-133-82-31-44-19-156-143-198-17-34-199-68-97-130-57-49-79-146-157-129-142-115-53-170"
23,280602,100,185064,465666,"165-153-10-115-106-62-54-52-166-55-184-22-12-168-86-46-63-196-29-23-26-192-79-56-28-120-170-175-37-0-185-138-93-198-25-69-58-44-119-143-134-19-51-163-132-60-136-195-129-187-61-53-14-70-13-76-77-164-118-199-176-4-109-7-155-83-98-11-101-80-146-172-139-91-90-174-85-99-36-194-128-81-159-40-140-17-21-88-151-89-9-8-97-78-94-154-41-173-117-131"
24,262321,100,161600,423921,"176-10-101-16-115-157-81-165-114-59-76-61-111-17-143-168-62-8-158-7-195-97-77-60-99-110-78-40-28-35-32-192-91-181-67-72-128-117-191-149-27-23-5-53-93-152-19-46-180-161-141-160-190-137-138-113-169-56-150-194-39-26-68-142-103-33-85-175-108-74-127-155-50-29-116-63-186-58-179-112-119-24-31-102-187-86-65-126-84-153-148-100-3-54-122-37-196-64-4-139"
25,250925,100,155428,406353,"166-68-135-65-13-133-183-64-14-163-0-67-92-158-86-150-89-37-186-19-179-114-41-128-44-104-62-129-110-190-31-105-149-39-113-21-79-22-156-76-8-178-50-154-32-169-73-164-196-168-40-81-33-36-54-184-188-10-49-194-83-118-153-152-12-177-198-138-80-63-6-185-28-112-151-157-61-189-42-145-7-170-142-181-47-187-160-155-85-119-165-101-75-9-176-95-23-48-98-127"
26,277640,100,186357,463997,"152-71-23-197-119-4-168-102-133-160-175-101-79-145-163-139-2-190-89-135-59-58-75-15-127-54-41-107-76-98-166-192-82-146-153-18-65-3-21-1-43-144-24-84-31-193-81-80-90-50-27-20-188-40-0-123-171-9-149-29-64-110-103-70-136-78-26-93-25-108-159-74-28-140-88-199-46-5-122-10-47-22-151-157-170-118-45-38-44-111-172-11-185-86-53-34-61-91-37-134"
27,256299,100,156419,412718,"147-161-61-180-44-7-15-159-119-150-54-12-22-100-163-121-99-114-107-76-109-51-192-68-46-197-48-133-144-14-27-137-41-89-132-102-101-42-31-169-13-112-183-106-172-185-157-190-62-30-10-126-110-134-162-67-75-193-28-47-9-167-174-80-21-81-176-8-40-160-18-155-74-177-148-38-173-186-188-128-66-152-199-72-77-95-45-90-64-136-33-65-182-151-178-143-69-23-85-36"
28,260902,100,158793,419695,"112-116-172-127-80-41-151-100-94-132-164-135-161-46-190-115-76-71-138-155-72-105-113-79-104-39-140-152-180-56-108-92-150-88-5-15-49-97-134-199-34-110-3-129-99-74-159-25-109-6-114-168-166-186-176-70-8-57-187-124-61-107-19-98-40-121-130-16-93-120-147-63-128-144-14-58-54-81-185-123-101-47-37-173-111-156-188-157-32-83-169-122-10-154-33-68-17-69-103-143"
29,267144,100,171622,438766,"143-129-42-2-199-189-94-7-18-52-12-108-25-54-101-123-21-49-67-111-43-190-117-95-168-3-102-60-107-57-145-70-29-53-65-179-85-191-24-39-100-46-112-6-78-156-98-80-151-118-161-162-122-120-157-109-178-115-33-160-62-34-26-147-47-128-192-5-9-82-4-133-141-196-132-113-38-86-184-177-79-125-165-136-58-140-139-41-188-17-0-87-169-134-72-30-50-194-81-170"
30,284648,100,175810,460458,"146-140-58-73-197-8-36-170-17-169-42-167-60-141-138-97-148-81-172-80-88-55-112-4-67-132-68-93-91-137-147-199-87-156-70-13-100-105-128-180-15-187-110-12-33-143-109-24-165-22-119-118-83-182-193-103-77-195-10-85-21-65-124-152-151-25-163-44-188-30-31-198-82-29-157-34-32-86-150-120-41-95-59-26-164-35-5-134-52-168-145-38-72-158-20-130-74-136-126-89"
31,256479,100,158794,415273,"26-55-27-179-112-192-168-123-173-176-159-37-90-68-36-136-106-108-23-195-73-13-146-75-44-7-82-40-151-181-115-107-166-47-45-116-133-61-17-145-167-88-172-132-38-30-162-84-86-182-67-94-89-53-21-199-113-131-3-93-79-122-121-71-180-193-188-127-74-10-62-96-15-157-144-0-143-63-99-149-105-103-49-183-58-153-156-24-11-184-9-170-33-141-197-77-171-19-135-189"
32,266418,100,175814,442232,"78-58-124-180-93-131-165-109-29-89-143-8-28-70-156-113-74-168-18-12-182-102-85-72-23-189-1-128-112-53-179-27-99-49-35-118-149-138-175-153-41-127-96-170-185-159-45-79-25-130-57-48-164-33-183-97-176-157-69-136-167-192-106-44-146-47-92-84-5-162-122-2-126-178-198-148-123-31-186-151-21-174-195-129-163-187-59-196-110-10-34-169-36-43-66-152-137-54-37-64"
33,262555,100,162764,425319,"103-69-58-32-36-6-17-21-29-161-156-89-70-174-53-115-111-85-199-31-71-25-147-59-107-62-142-123-100-83-33-49-101-112-55-27-95-191-48-192-134-26-138-127-175-12-57-0-102-128-16-177-183-126-74-186-173-51-182-64-163-80-40-198-152-28-171-2-72-116-153-3-87-47-86-99-124-1-81-43-42-67-8-45-178-168-10-143-46-154-121-22-190-44-84-195-122-63-97-66"
34,257587,100,168543,426130,"157-95-65-46-197-53-1-147-99-165-74-127-187-190-75-177-68-100-90-71-50-67-96-103-134-117-94-37-172-194-41-42-164-168-49-63-116-82-44-139-48-138-142-149-86-180-128-102-170-8-188-16-47-111-73-40-69-62-123-70-119-143-176-193-58-11-171-144-108-15-83-156-173-57-118-80-26-78-178-183-159-88-195-54-185-129-84-17-101-122-25-140-34-148-161-155-160-152-76-93"
35,263960,100,171560,435520,"131-2-123-133-3-187-39-50-7-77-22-118-63-139-152-19-197-70-87-196-56-0-91-136-75-84-54-148-198-120-146-97-137-182-192-52-167-48-149-9-178-23-114-104-189-107-144-186-92-130-36-94-184-14-165-29-185-62-30-90-147-17-18-143-190-129-74-155-57-108-71-1-140-199-41-194-24-53-65-55-103-161-177-128-20-173-35-145-25-34-110-58-106-83-98-126-115-179-150-142"
36,270258,100,167068,437326,"143-105-139-20-148-196-24-130-7-104-157-179-95-10-172-60-189-76-38-198-77-62-73-88-177-155-49-97-191-171-193-98-119-27-91-107-112-19-166-71-138-23-25-136-137-89-34-141-134-87-21-114-150-126-159-14-125-182-115-164-149-79-128-31-51-169-151-75-28-120-187-197-43-11-153-116-122-180-194-69-96-94-145-117-142-6-57-186-163-44-92-63-158-82-13-147-195-78-165-58"
37,273518,100,178480,451998,"169-70-198-21-122-81-146-15-174-176-0-63-78-165-80-187-19-125-60-173-92-137-11-181-109-50-185-186-100-75-61-161-56-151-136-41-133-154-95-138-6-145-4-9-67-139-111-195-188-131-171-155-117-23-38-110-163-88-121-164-167-66-48-34-193-134-49-87-144-22-37-7-94-128-91-84-123-129-106-29-113-45-118-184-58-77-189-20-44-143-30-39-69-43-85-97-54-51-162-199"
38,264676,100,175662,440338,"28-126-61-54-175-23-25-188-182-21-59-14-1-46-89-117-47-80-42-196-193-113-165-109-0-90-41-157-145-70-40-159-121-173-27-100-24-73-5-56-78-190-13-120-143-184-199-112-111-12-81-19-107-123-45-154-33-179-189-18-52-161-149-150-177-7-124-151-148-114-144-128-170-15-108-172-160-129-92-164-197-50-138-174-162-84-65-49-176-77-91-103-88-194-79-158-2-166-51-116"
39,253172,100,149248,402420,"25-110-188-124-11-23-5-58-36-38-64-122-15-156-179-178-121-165-63-115-102-73-50-101-191-8-86-186-168-59-159-49-12-87-128-93-146-16-157-181-170-108-139-43-85-187-72-70-44-83-9-14-55-52-137-37-33-39-169-2-53-24-158-31-32-99-88-92-96-147-45-126-154-145-17-134-10-74-4-89-182-112-57-69-198-65-130-77-144-155-71-111-175-161-109-127-42-105-193-197"
40,253775,100,163408,417183,"90-11-120-20-158-94-40-153-89-190-199-13-103-69-42-97-9-185-174-111-19-186-196-32-85-178-27-41-77-160-51-104-46-142-145-6-131-123-133-52-115-191-62-105-34-144-63-29-26-106-149-88-30-44-18-96-143-113-171-79-25-61-168-21-86-180-122-138-31-156-87-172-151-2-163-127-136-124-55-137-108-56-134-35-93-58-154-130-132-139-92-169-17-0-107-118-184-64-165-57"
41,258100,100,156895,414995,"185-163-168-64-130-125-166-76-1-172-161-122-109-7-48-25-139-20-153-78-49-148-194-129-105-74-31-98-123-135-22-89-157-180-107-27-66-188-80-151-92-187-110-102-119-160-193-179-47-99-182-175-183-56-93-60-46-143-137-32-30-162-112-199-132-39-144-26-12-114-2-97-23-45-68-43-6-197-50-8-178-156-77-111-13-24-138-117-158-69-133-19-167-155-152-73-75-184-170-62"
42,258183,100,163708,421891,"120-98-82-81-136-22-89-181-1-118-54-123-139-36-10-18-124-164-140-103-27-65-16-146-17-149-83-75-52-106-44-182-6-95-33-188-70-88-162-80-42-93-154-58-165-145-74-183-91-68-128-67-151-122-66-104-153-73-15-28-56-137-63-167-187-169-23-31-40-157-195-155-144-158-131-175-0-107-100-20-35-197-94-166-53-142-176-180-45-129-2-174-185-64-147-130-8-7-132-4"
43,269597,100,174985,444582,"63-43-130-35-44-109-193-27-140-49-84-1-54-166-162-112-50-66-59-78-83-98-123-12-104-131-77-101-103-138-82-191-146-17-42-153-60-68-9-155-113-126-129-171-64-196-34-23-90-173-92-199-28-86-128-94-127-25-52-136-142-100-115-51-149-135-106-143-24-45-105-150-134-58-144-176-14-10-57-160-71-99-47-184-148-186-145-161-179-154-30-189-181-36-11-141-107-73-21-151"
44,268422,100,162233,430655,"17-156-89-31-121-104-187-61-33-127-102-7-101-185-94-88-4-161-109-99-76-130-144-100-20-12-50-190-149-91-65-147-1-136-188-23-98-169-124-15-40-83-165-11-118-68-81-123-80-189-137-115-66-105-43-70-87-26-172-197-116-35-171-195-67-73-164-151-77-8-148-37-27-122-32-74-181-152-119-10-64-38-62-168-117-75-142-49-53-176-125-132-41-58-29-184-90-19-44-13"
45,282764,100,179791,462555,"164-129-43-9-110-78-50-195-74-135-5-196-160-82-142-177-88-166-138-132-190-161-173-134-10-107-96-187-163-91-128-34-140-150-189-56-59-0-186-144-14-139-101-45-32-145-123-55-157-185-21-44-48-125-158-100-115-42-23-41-167-198-113-159-102-188-98-170-47-181-119-52-71-85-67-130-27-111-26-4-194-15-168-39-117-95-109-127-80-11-30-122-104-38-3-118-154-51-33-137"
46,253999,100,158749,412748,"195-86-9-52-197-10-21-187-114-153-26-177-23-194-179-103-38-131-189-136-58-81-156-122-39-145-125-111-4-109-76-29-130-64-175-188-143-185-51-79-49-40-151-34-30-152-155-80-140-123-19-69-116-106-62-57-170-37-121-11-43-163-91-7-16-73-165-115-159-161-55-162-99-14-0-139-102-15-87-196-164-98-105-154-191-66-68-8-157-137-24-48-47-107-22-95-32-75-135-25"
47,260580,100,162727,423307,"152-101-107-142-34-70-129-9-127-171-180-109-47-188-51-86-4-49-145-178-23-98-170-119-25-103-113-0-95-115-156-179-50-33-102-165-194-155-64-21-134-79-15-175-144-1-157-150-176-151-78-118-11-158-5-195-45-105-97-110-54-39-55-189-192-46-16-168-82-172-19-85-37-63-7-62-159-84-74-20-77-90-87-122-163-94-93-130-22-108-121-185-83-173-73-132-80-104-71-148"
48,251510,100,155487,406997,"53-86-145-90-31-120-44-154-32-42-33-189-39-26-122-117-5-88-36-121-130-21-191-180-126-173-0-18-194-34-20-110-28-118-196-159-161-14-109-45-119-23-61-111-98-17-91-71-177-186-92-68-78-81-182-112-80-94-175-183-155-153-133-4-114-163-97-147-158-162-7-11-54-67-169-115-170-29-79-99-62-105-190-66-83-38-89-1-75-25-58-106-43-138-193-144-47-60-49-174"
49,232222,100,140761,372983,"102-95-171-78-128-44-75-188-169-105-108-146-160-118-199-180-161-65-175-170-100-43-134-193-22-158-5-51-92-133-198-194-13-150-12-14-41-173-25-153-106-35-129-138-89-152-190-125-114-85-88-94-111-121-24-162-123-139-149-140-184-104-47-148-112-197-50-157-80-53-29-3-71-115-168-26-113-196-179-39-97-191-164-70-126-159-1-98-110-143-93-23-185-27-186-176-155-52-84-37"
50,279801,100,181134,460935,"176-96-101-155-63-123-48-154-97-116-38-10-33-156-181-151-145-30-137-164-27-133-117-109-32-84-67-187-125-86-49-40-102-158-95-50-162-99-142-17-29-54-140-53-197-152-7-35-88-24-66-175-134-180-126-143-185-45-153-77-135-192-60-21-72-91-115-11-92-159-121-113-46-114-131-169-51-0-188-44-157-177-163-6-68-89-141-196-28-190-37-94-110-39-124-5-26-129-9-199"
51,264801,100,167523,432324,"102-9-51-47-177-89-141-171-26-107-86-191-175-74-109-63-114-6-179-1-101-168-150-169-5-62-103-106-65-71-195-167-180-54-145-30-10-186-70-165-140-184-17-61-156-27-72-80-138-198-123-100-134-0-44-2-176-48-59-153-149-4-199-142-7-11-126-33-189-125-31-8-163-116-154-25-128-127-160-113-122-157-136-118-130-60-35-49-161-139-120-37-15-83-3-79-13-41-45-56"
52,265848,100,167822,433670,"160-51-61-56-116-161-137-29-134-139-184-75-4-79-152-187-123-128-91-40-95-112-105-36-81-66-87-103-18-82-34-43-106-111-118-90-76-172-133-165-10-39-83-65-86-145-136-132-151-178-68-22-21-67-63-62-122-104-142-74-54-155-55-163-143-96-77-70-11-49-138-92-93-25-64-9-167-150-17-23-135-7-186-47-30-109-88-27-0-97-147-131-69-127-170-98-195-190-197-60"
53,279428,100,181609,461037,"56-186-130-47-143-171-115-2-43-142-127-42-21-12-31-10-183-27-59-64-197-58-149-62-117-52-6-111-11-165-29-90-39-63-125-81-113-172-100-199-122-93-188-82-40-160-193-68-128-65-35-136-48-55-169-41-33-146-78-107-23-196-159-80-24-180-108-61-157-73-124-139-89-156-161-32-13-30-168-95-18-94-138-103-155-19-50-101-121-3-44-46-99-66-133-60-72-1-179-67"
54,262253,100,166946,429199,"196-38-71-182-48-70-5-17-80-41-185-56-113-22-28-193-79-54-163-133-36-198-82-52-101-39-188-91-97-115-186-96-83-171-150-7-124-10-117-174-77-116-162-151-23-4-177-95-143-27-164-181-128-109-119-137-50-102-149-184-125-147-47-30-19-32-18-8-167-180-175-88-67-136-183-105-16-20-63-21-57-2-29-110-173-159-176-179-87-86-69-127-25-153-118-168-66-92-154-13"
55,246399,100,150025,396424,"5-93-59-2-174-106-197-97-111-81-51-116-158-150-67-13-179-33-21-29-110-23-163-138-189-73-35-133-64-172-171-140-109-43-92-88-182-184-114-118-196-75-123-3-119-159-162-36-130-131-134-135-53-190-175-113-112-142-11-160-25-99-55-58-155-1-149-78-72-52-156-188-84-164-95-141-63-195-9-15-83-102-90-152-79-37-129-173-57-128-169-40-98-49-145-86-154-71-7-165"
56,261522,100,165909,427431,"27-167-76-82-97-118-163-195-152-187-48-126-92-106-42-177-4-71-58-183-73-22-8-171-103-94-194-170-191-46-40-159-160-154-64-108-101-44-9-181-18-98-142-174-1-85-12-148-157-100-38-131-123-140-134-32-23-114-179-11-186-33-29-188-7-158-199-28-155-121-54-78-17-30-150-192-84-189-2-153-112-117-14-165-24-95-185-138-3-120-86-66-68-83-196-180-122-145-151-178"
57,282691,100,181297,463988,"90-149-55-25-183-138-72-155-186-11-191-38-41-187-137-146-31-27-39-113-34-81-127-133-160-99-101-64-165-100-80-87-118-115-198-194-122-16-190-180-126-166-42-21-142-18-2-139-43-33-59-69-12-74-86-163-173-84-6-175-147-98-60-112-131-68-37-164-182-91-128-36-153-134-174-177-196-104-45-145-197-171-162-10-8-79-73-32-77-189-150-192-136-13-117-158-92-97-103-157"
58,279840,100,175249,455089,"190-165-195-17-71-92-76-2-89-62-51-70-196-38-117-189-183-58-187-146-6-3-112-147-138-101-178-179-40-116-33-64-153-11-164-31-166-118-191-175-137-132-61-72-159-90-163-193-103-13-87-59-157-83-52-39-192-139-50-99-100-66-168-105-107-36-149-37-156-129-125-97-9-0-26-98-45-150-57-29-7-46-186-10-14-91-74-96-104-140-144-143-130-173-198-49-16-135-23-53"
59,255476,100,169623,425099,"37-97-66-128-156-35-198-42-20-82-135-31-163-132-120-158-16-115-176-112-57-56-67-87-93-124-159-179-136-52-166-78-79-44-153-122-77-63-54-68-89-14-181-70-65-180-3-183-126-5-90-84-145-8-190-24-2-165-7-140-188-101-147-62-123-60-64-81-106-32-168-95-98-21-146-10-91-114-43-15-155-55-47-53-59-0-182-29-1-72-40-139-116-160-107-36-133-144-129-137"
60,282496,100,182171,464667,"132-65-1-21-61-126-168-133-102-154-39-151-181-159-174-30-112-111-69-101-46-94-172-131-88-24-153-152-144-8-35-55-107-9-161-146-113-141-194-190-134-62-67-110-51-179-185-130-100-81-47-139-148-53-58-77-72-84-74-180-86-114-99-123-187-13-177-170-43-52-27-120-115-18-11-23-147-60-175-156-167-33-7-150-5-91-155-90-193-20-56-36-38-192-128-171-10-89-57-75"
61,264335,100,167593,431928,"125-98-115-23-163-13-160-28-44-166-65-105-140-149-84-31-174-188-147-137-19-49-52-102-148-51-144-95-17-26-91-194-29-157-108-59-54-150-106-73-173-48-112-151-8-162-40-21-67-127-110-131-101-141-12-196-126-183-158-164-182-190-0-60-154-132-146-120-94-107-165-197-178-96-82-2-11-39-80-136-58-15-56-55-62-37-4-90-123-36-78-70-6-79-114-118-25-134-113-155"
62,265473,100,168051,433524,"46-131-159-89-128-41-192-25-145-195-49-60-62-155-194-7-118-56-162-28-148-140-27-113-174-109-157-15-173-8-179-111-98-40-130-175-55-116-186-11-83-88-16-85-142-87-122-171-181-103-152-114-79-58-180-185-57-9-72-146-101-121-54-100-147-188-52-120-125-90-196-94-76-102-161-139-134-96-84-153-164-50-190-193-172-37-199-21-95-93-44-4-68-168-191-14-26-31-144-133"
63,233933,100,145636,379569,"80-15-65-109-70-4-45-104-118-144-102-82-158-139-52-105-195-37-46-126-146-108-111-185-8-152-18-183-148-165-182-190-91-196-180-106-2-3-72-137-194-130-7-134-79-41-28-129-116-36-84-47-60-101-127-69-96-97-120-25-31-153-115-90-14-173-75-0-172-164-34-27-81-40-154-121-99-128-138-142-114-110-55-157-48-147-174-122-53-198-167-68-189-94-78-145-197-20-170-160"
64,260638,100,164348,424986,"96-11-184-23-122-41-9-163-27-43-187-55-87-180-18-134-83-118-115-76-53-20-132-88-29-189-155-113-8-170-42-185-177-127-175-198-90-178-106-3-62-190-57-86-72-183-63-5-139-108-168-4-152-37-141-99-21-167-191-181-81-58-123-107-156-25-33-174-153-79-149-89-54-192-44-173-162-2-138-75-142-110-19-193-74-157-46-97-80-22-84-26-161-101-130-6-13-64-78-52"
65,269823,100,173788,443611,"5-35-188-184-48-154-107-131-197-60-182-119-23-99-68-21-128-126-185-176-73-199-38-151-179-169-39-12-0-17-65-118-165-113-196-46-145-198-63-30-183-80-177-3-22-136-19-102-15-56-190-125-171-194-55-58-137-69-140-146-181-191-111-129-33-32-143-138-163-104-40-27-62-101-166-173-74-139-170-31-186-13-86-105-115-112-26-180-178-67-78-10-109-4-37-149-147-95-77-164"
66,259045,100,163736,422781,"17-188-178-128-114-26-115-120-71-75-113-13-55-70-95-160-41-104-155-11-101-88-86-159-169-63-29-27-181-143-49-33-14-54-0-39-108-127-198-179-80-64-28-116-22-74-89-193-31-154-139-99-73-60-199-72-144-194-146-158-93-102-121-79-9-42-141-156-112-16-78-52-140-145-185-135-107-45-24-83-126-82-124-172-106-91-123-105-36-62-87-50-1-98-131-61-51-12-67-53"
67,246052,100,153145,399197,"105-103-193-75-61-50-199-115-24-20-142-72-99-49-25-152-28-169-111-43-21-82-192-162-1-144-106-92-113-135-145-63-44-37-45-130-109-176-170-32-159-166-180-112-10-114-188-9-124-186-108-30-148-171-122-138-110-59-151-189-0-95-27-85-55-118-101-76-153-22-62-196-29-132-23-57-6-3-167-139-174-86-64-98-70-15-179-158-177-94-181-54-58-150-184-7-39-123-18-191"
68,261312,100,165852,427164,"110-62-58-198-9-118-46-101-86-134-137-127-124-92-152-130-194-180-82-39-117-138-90-149-153-171-131-89-11-68-123-18-174-193-103-165-37-161-102-33-51-197-44-151-143-96-172-119-6-140-38-112-35-146-30-170-139-42-164-109-148-154-61-108-100-12-88-21-52-71-3-97-111-26-87-190-169-63-72-147-177-179-104-50-91-120-4-133-98-181-56-132-83-145-10-175-74-67-115-160"
69,282310,100,191665,473975,"127-64-92-68-95-85-36-154-166-34-197-109-13-199-164-22-33-56-63-179-115-50-123-81-87-145-116-139-175-105-0-171-146-174-15-16-183-121-97-23-184-125-78-194-182-162-188-4-106-173-160-7-75-61-181-112-82-143-42-29-104-39-128-37-9-58-176-177-55-135-149-113-43-120-79-102-86-195-132-169-57-27-5-20-89-91-96-103-90-74-158-191-180-155-167-140-144-30-93-134"
70,256490,100,165491,421981,"34-161-25-41-189-70-197-144-108-118-7-52-154-22-146-29-6-136-155-18-46-140-157-122-193-141-17-55-95-171-199-72-111-85-59-50-158-74-130-68-126-83-175-53-62-87-110-132-13-107-164-44-10-152-78-38-113-86-183-109-58-151-80-88-47-2-162-174-166-14-119-96-115-63-116-39-112-89-49-99-92-84-24-176-185-180-65-57-167-43-159-192-20-188-0-75-105-198-81-160"
71,270398,100,173602,444000,"189-103-180-171-37-48-153-168-99-186-124-156-73-82-76-86-16-115-40-60-170-133-13-130-38-7-39-5-104-14-50-84-144-175-33-108-59-19-159-149-23-95-191-194-165-137-15-114-46-92-41-173-105-128-72-79-83-116-57-118-110-129-42-91-154-146-81-155-183-184-96-111-199-121-102-152-174-3-157-172-187-54-49-67-21-161-55-151-181-198-127-12-62-44-4-94-117-36-185-58"
72,260240,100,159049,419289,"44-69-19-72-197-81-33-13-98-79-24-29-56-159-111-59-18-38-177-151-162-183-166-199-193-109-87-74-182-25-102-149-152-194-115-0-90-174-77-27-153-58-132-145-155-89-122-176-76-83-114-86-142-185-195-34-51-57-43-84-171-179-9-141-156-188-26-198-143-73-134-164-154-31-118-103-104-163-15-66-54-23-117-121-88-150-180-8-175-3-144-46-135-184-130-147-119-172-52-11"
73,261011,100,167051,428062,"62-122-112-157-181-130-9-1-191-49-148-163-131-88-141-91-57-180-110-63-56-51-145-175-164-165-33-19-126-193-113-108-23-58-184-185-92-155-4-109-83-6-128-94-171-152-87-158-102-89-144-22-136-66-173-176-25-93-39-127-149-8-28-96-44-81-198-190-147-177-197-0-125-50-150-54-12-159-186-34-120-160-84-133-167-115-98-139-17-85-162-52-169-64-47-118-129-70-79-67"
74,260501,100,165933,426434,"91-163-186-190-136-139-68-110-152-100-81-122-15-20-194-72-177-175-21-34-154-173-125-192-54-78-182-61-117-144-197-40-165-105-2-108-111-41-143-64-66-9-8-24-106-0-114-124-5-90-149-75-12-181-174-178-99-19-195-162-87-84-129-95-121-62-3-130-83-79-193-86-126-168-159-179-46-172-56-119-153-48-101-25-146-52-80-26-38-157-85-31-73-88-185-158-160-53-55-151"
75,260833,100,165822,426655,"22-192-78-152-129-175-158-92-108-142-172-139-137-106-33-197-176-185-156-27-138-63-1-19-7-37-128-35-157-174-105-199-165-121-124-70-51-32-100-58-125-189-104-184-132-48-2-59-190-66-196-149-161-130-134-95-169-126-43-97-182-183-25-61-186-81-147-16-30-26-90-191-76-113-131-10-75-112-135-18-45-160-195-40-107-39-127-154-148-94-93-65-99-31-88-91-77-68-56-117"
76,254941,100,160263,415204,"1-5-34-68-166-101-134-192-13-57-169-173-141-92-152-67-108-104-194-3-44-180-9-182-195-184-183-153-95-179-16-96-47-85-53-160-185-109-39-37-88-0-12-129-102-55-90-191-155-26-83-40-28-113-124-73-150-112-144-56-106-132-74-66-199-42-50-123-122-94-71-60-14-176-120-154-41-125-151-78-165-135-197-146-33-52-69-157-143-163-167-6-72-97-70-138-27-189-175-17"
77,259867,100,163614,423481,"36-86-102-196-108-174-15-54-20-161-64-37-129-128-90-179-181-48-46-98-99-16-162-113-156-152-114-33-18-111-24-72-8-68-124-11-165-115-146-73-0-116-176-88-34-19-155-23-199-93-29-141-91-80-66-60-143-117-21-95-59-71-41-31-106-180-159-197-166-118-77-142-158-109-70-120-149-104-160-169-30-133-182-83-65-94-43-110-123-2-79-195-35-84-171-126-62-147-53-191"
78,273148,100,172448,445596,"176-126-147-49-89-20-76-70-130-167-102-116-148-175-34-65-15-168-0-142-73-39-83-27-186-197-5-35-82-67-31-46-161-51-173-128-71-32-87-180-106-140-111-25-55-68-88-8-16-48-121-38-26-166-159-190-131-17-124-95-110-152-78-30-172-99-107-127-115-21-1-133-151-164-170-179-24-14-105-195-187-160-153-13-44-149-22-64-146-185-53-154-181-118-188-52-45-28-29-129"
79,254074,100,156934,411008,"66-24-114-37-33-100-1-22-96-113-68-173-116-107-144-155-75-45-102-125-44-108-84-131-7-67-6-53-174-171-0-61-167-179-89-2-115-198-197-16-73-122-187-120-132-88-23-163-123-143-196-25-185-43-69-146-55-162-83-121-19-189-35-27-184-193-166-180-192-38-87-42-118-161-65-56-74-169-110-147-41-119-129-46-97-175-8-101-82-10-151-135-99-111-85-128-18-90-182-145"
80,269143,100,165920,435063,"72-61-3-9-0-117-148-182-130-54-85-60-69-70-87-92-4-37-159-1-26-77-113-51-20-160-120-50-106-171-93-56-173-42-151-169-64-36-170-23-74-101-189-176-11-122-21-153-71-10-132-34-24-41-27-57-81-139-195-115-199-126-44-7-133-29-91-100-33-137-45-13-6-144-78-167-136-83-187-65-58-157-180-192-142-127-48-166-86-88-125-172-110-107-105-67-164-53-116-179"
81,265159,100,159621,424780,"189-92-103-2-153-170-38-114-86-89-151-155-40-102-41-171-20-96-105-7-195-51-24-14-119-127-110-70-52-182-98-111-142-108-113-19-94-12-16-164-179-6-162-191-167-49-104-134-197-69-45-67-154-91-132-109-77-168-130-79-177-166-55-173-81-23-64-36-160-133-157-152-106-32-8-21-25-101-122-99-150-0-158-39-61-190-129-65-17-85-140-50-13-143-187-199-83-135-63-180"
82,250091,100,157408,407499,"0-177-18-129-179-94-184-192-156-41-1-70-105-76-33-31-37-46-89-162-104-191-22-55-23-195-139-63-17-127-27-87-152-40-166-171-88-137-95-185-81-3-199-14-125-180-128-150-135-115-144-165-126-164-172-121-188-169-48-173-62-61-159-141-90-84-10-59-114-117-65-50-111-138-66-69-83-118-73-12-163-123-106-8-142-54-9-168-58-24-175-6-21-49-193-149-176-119-160-42"
83,270654,100,171858,442512,"172-22-92-168-153-112-2-57-8-182-171-83-142-110-20-198-167-34-196-151-195-161-116-86-32-51-6-136-68-23-98-21-49-4-50-169-134-138-3-163-27-39-14-117-123-118-158-192-18-52-99-53-15-177-71-121-7-28-180-191-97-197-43-145-102-175-87-38-5-44-103-78-176-11-173-114-26-187-126-1-96-119-59-137-40-190-109-25-155-130-47-194-174-152-9-91-75-41-146-105"
84,280325,100,178110,458435,"28-0-191-128-70-160-40-47-199-56-36-110-55-41-94-71-72-115-111-136-10-22-65-58-29-194-79-11-158-45-57-137-141-198-14-147-140-193-49-62-151-17-108-192-73-76-122-83-174-149-165-99-15-64-178-184-182-101-125-187-129-181-44-131-188-170-196-112-155-24-173-85-127-146-126-109-32-77-195-54-50-96-93-197-119-33-84-4-12-34-157-135-37-75-118-185-186-43-145-139"
85,265191,100,166328,431519,"9-105-128-61-113-79-10-27-186-107-68-170-11-28-35-7-91-165-63-89-137-189-54-152-175-0-187-145-84-45-121-190-82-6-139-130-76-74-51-171-102-24-155-192-185-85-8-71-36-133-109-25-58-179-1-168-114-17-158-151-86-50-135-40-78-194-60-80-47-88-112-44-101-161-62-120-117-34-73-166-95-134-197-32-198-122-48-127-148-46-12-153-160-38-143-124-178-136-70-53"
86,264197,100,166544,430741,"151-121-171-170-6-181-90-23-65-193-19-89-66-95-50-134-36-195-123-93-88-96-106-179-20-177-147-146-108-130-159-10-5-109-183-143-79-69-145-120-172-38-114-163-128-60-22-92-33-78-28-127-87-119-184-21-24-53-30-9-188-100-3-144-196-105-0-156-17-113-48-165-7-62-63-13-157-86-174-44-168-75-61-187-178-18-15-189-68-91-173-117-82-46-81-150-26-132-103-59"
87,264897,100,166521,431418,"157-79-78-170-23-75-104-71-16-91-29-100-108-18-50-144-52-59-125-186-119-48-63-190-77-49-116-92-177-142-28-198-136-62-14-166-93-85-182-163-38-11-140-15-8-97-176-20-12-32-149-19-121-76-143-83-74-153-183-193-151-126-192-87-115-135-53-191-173-199-187-172-120-69-56-109-64-55-132-17-94-169-139-22-2-164-181-112-156-99-106-103-65-51-42-150-178-133-24-60"
88,265555,100,166709,432264,"51-85-156-116-2-110-143-96-105-135-3-199-4-15-69-148-71-45-54-192-6-52-146-167-97-117-165-28-84-65-164-130-187-64-92-197-198-137-106-14-107-133-100-16-90-138-140-102-22-115-74-82-93-89-108-87-8-127-173-38-158-129-144-186-101-17-155-20-36-168-190-57-39-118-12-67-183-23-13-47-70-162-185-120-62-131-81-58-25-123-48-195-95-126-83-128-181-99-172-29"
89,259808,100,169015,428823,"123-131-192-88-69-151-1-113-104-169-31-50-153-43-196-154-182-122-144-95-16-34-119-117-37-163-145-87-127-38-133-66-178-90-171-6-164-15-184-22-29-197-191-149-173-35-62-61-36-161-139-116-100-74-12-59-8-114-179-18-21-160-183-4-137-156-193-181-91-19-72-188-102-85-189-143-185-135-150-57-44-142-162-92-134-55-68-136-155-45-86-175-170-152-79-138-51-41-65-165"
90,288762,100,183623,472385,"197-47-4-175-137-194-134-183-191-149-46-82-166-83-73-164-84-13-127-111-58-91-69-100-148-52-108-81-188-163-61-66-56-77-25-104-97-113-72-103-37-168-85-130-57-110-115-38-35-120-98-165-17-11-171-144-60-27-53-196-123-174-105-8-16-31-176-95-147-139-192-172-187-41-109-26-68-141-87-129-30-150-143-80-44-93-186-195-15-12-138-102-40-181-145-122-114-189-107-128"
91,254514,100,156390,410904,"41-191-59-144-162-68-63-135-146-34-2-169-119-95-45-190-16-106-49-61-189-10-67-55-159-150-39-176-20-89-46-24-179-161-155-93-102-83-177-121-158-165-147-21-73-134-173-19-125-157-37-84-76-64-148-185-137-138-94-79-99-54-195-140-154-8-111-60-3-128-40-4-186-43-110-112-188-143-136-182-23-198-183-81-69-167-15-35-160-9-133-17-51-36-88-91-1-123-168-65"
92,271964,100,170879,442843,"9-31-164-29-53-147-125-71-177-129-112-8-186-156-63-55-175-189-87-5-133-45-154-195-103-57-139-113-61-78-135-52-81-75-77-180-140-47-165-73-89-124-168-149-142-157-11-138-163-199-17-49-42-172-66-115-146-132-116-109-86-85-121-27-84-123-74-126-128-111-173-191-19-2-136-76-184-62-176-93-38-43-64-162-181-110-198-32-48-194-141-188-25-106-183-91-10-153-13-14"
93,265532,100,164779,430311,"0-117-195-53-134-184-73-67-96-59-144-194-81-169-190-123-168-69-164-61-174-105-38-51-40-2-199-28-111-82-76-192-166-27-183-68-180-160-88-8-152-62-30-196-35-125-21-163-75-101-138-26-55-90-50-155-120-197-158-5-72-84-91-79-29-124-100-137-33-189-12-191-18-130-129-167-78-4-77-186-65-161-19-122-118-115-159-17-13-34-39-147-11-102-142-149-139-154-148-71"
94,251687,100,150515,402202,"6-10-43-47-155-105-34-196-113-51-77-101-159-66-192-152-28-135-145-30-126-191-2-161-197-17-188-132-14-137-59-41-121-37-157-169-12-189-162-128-103-23-82-176-173-190-78-134-65-72-33-98-44-40-5-138-52-131-18-24-140-76-20-149-70-198-178-167-73-36-118-141-164-42-160-147-31-129-114-49-166-184-1-182-136-123-35-195-117-174-109-124-154-142-58-85-187-116-38-29"
95,261830,100,170687,432517,"139-37-81-75-47-87-171-104-5-161-199-191-85-198-148-1-92-43-54-113-62-34-84-144-93-23-3-185-59-24-46-51-48-56-159-136-126-178-118-89-8-176-52-88-25-63-74-132-175-115-179-61-39-60-36-12-101-156-67-45-33-69-68-17-164-116-55-105-16-31-78-186-154-190-80-100-188-44-194-166-57-2-134-106-117-174-4-76-184-160-145-65-153-180-96-66-181-108-27-142"
96,263106,100,165113,428219,"15-187-60-99-91-127-8-40-69-170-133-180-45-78-21-38-172-138-151-4-5-148-161-53-135-166-22-97-48-140-95-126-14-86-16-158-37-153-139-19-159-59-174-34-122-27-183-44-189-103-63-143-76-176-9-156-1-88-50-106-124-43-18-105-114-120-141-83-196-110-11-90-73-13-100-51-58-146-123-62-36-130-117-169-125-64-136-193-155-150-25-112-101-71-92-199-57-128-142-20"
97,243513,100,146387,389900,"109-1-158-105-104-138-50-171-47-17-0-170-161-32-13-125-61-133-11-166-15-21-153-40-63-183-114-54-36-136-168-9-162-117-194-53-31-120-55-72-137-82-173-4-84-20-115-42-34-111-87-24-35-68-189-165-41-177-49-71-179-193-185-167-118-154-62-187-64-46-45-57-12-113-130-98-199-23-66-116-140-186-132-191-33-58-81-22-14-7-73-124-155-127-144-175-78-156-5-69"
98,258678,100,163526,422204,"110-3-167-181-122-14-188-37-51-151-17-145-94-158-98-179-105-0-25-117-23-72-86-19-79-93-9-12-67-136-89-182-141-57-140-193-164-24-192-50-48-180-49-118-104-55-116-43-134-172-63-178-83-82-137-112-11-115-75-138-7-131-154-108-103-171-77-199-142-97-166-58-15-170-133-81-144-152-8-60-163-21-62-127-53-59-149-13-1-195-34-183-125-102-107-187-153-185-5-174"
99,248269,100,152913,401182,"21-157-179-174-123-137-149-81-8-199-184-47-64-161-125-172-99-107-131-106-148-111-13-78-1-162-122-84-182-9-139-138-43-74-19-26-177-169-40-121-77-136-90-31-165-22-65-56-85-160-69-24-35-180-50-92-191-68-25-36-186-183-175-79-163-178-95-155-4-133-112-118-146-114-181-59-6-55-44-109-11-113-42-119-147-28-194-158-86-188-187-176-110-100-145-62-16-156-91-33"
100,274330,100,173772,448102,"175-183-14-187-119-122-32-192-139-158-153-46-104-25-34-22-58-137-60-196-31-145-181-161-9-118-132-17-129-73-182-18-92-189-178-66-166-11-2-53-90-33-43-186-74-156-191-52-173-199-15-167-42-151-38-123-50-36-71-72-49-114-40-101-65-88-164-69-162-29-154-63-148-198-197-195-13-48-117-128-35-169-5-163-41-146-125-45-4-84-81-99-102-95-159-87-142-98-149-56"
