SolutionID,TotalCost,NumNodes,TotalDistance,ObjectiveFunction,TotalRunningTime,Cycle
1,72081,100,24305,96386,22,"139-68-46-115-118-59-51-0-117-143-183-89-186-23-137-176-80-79-63-94-124-152-97-1-101-2-120-129-55-49-102-148-9-62-144-14-178-106-165-90-81-196-40-119-185-52-57-92-179-145-78-31-56-113-175-171-16-25-44-75-86-26-100-53-154-180-70-135-133-151-162-127-123-149-131-65-116-43-184-84-112-4-190-10-177-54-48-160-34-146-22-18-108-69-159-181-42-5-41-193"
2,72712,100,25041,97753,9,"48-34-160-181-42-43-116-41-193-159-146-22-18-108-69-139-68-46-115-118-59-65-131-149-151-51-0-117-143-183-89-186-23-137-176-80-79-63-94-124-152-97-1-101-2-120-129-55-49-102-148-9-62-144-14-178-106-165-90-81-196-40-119-185-52-57-92-179-145-78-31-56-113-175-171-16-25-44-75-86-26-100-53-154-180-70-135-133-162-123-127-112-4-84-35-184-190-10-177-54"
3,73351,100,24725,98076,8,"147-177-10-190-4-112-84-184-43-65-131-149-123-127-162-151-133-135-70-180-154-53-100-26-86-75-44-25-16-171-175-113-56-31-78-145-179-92-57-52-185-119-40-196-81-90-165-106-178-14-144-62-9-148-102-49-55-129-120-2-101-1-97-152-124-94-63-79-80-176-137-23-186-89-183-143-117-0-51-59-118-115-46-68-139-69-108-18-22-146-159-193-41-116-42-181-160-34-48-54"
4,72326,100,23848,96174,6,"52-55-49-102-148-9-62-144-14-3-178-106-165-90-81-196-40-119-185-179-145-78-31-56-113-175-171-16-25-44-120-2-75-86-26-94-63-79-80-137-23-89-183-143-0-176-133-151-51-118-59-115-46-68-139-193-41-5-42-181-159-69-108-18-22-146-34-160-48-54-30-177-10-190-4-112-84-35-184-43-116-65-131-149-162-123-127-70-135-154-180-53-100-101-1-97-152-129-92-57"
5,72081,100,24305,96386,8,"139-68-46-115-118-59-51-0-117-143-183-89-186-23-137-176-80-79-63-94-124-152-97-1-101-2-120-129-55-49-102-148-9-62-144-14-178-106-165-90-81-196-40-119-185-52-57-92-179-145-78-31-56-113-175-171-16-25-44-75-86-26-100-53-154-180-70-135-133-151-162-127-123-149-131-65-116-43-184-84-112-4-190-10-177-54-48-160-34-146-22-18-108-69-159-181-42-5-41-193"
6,73477,100,23444,96921,8,"87-2-120-129-57-92-179-145-78-31-56-113-175-171-16-25-44-75-86-53-154-70-135-180-63-79-133-51-118-59-115-46-68-139-193-41-5-42-181-159-69-108-18-22-146-34-160-48-54-177-10-190-4-112-84-184-43-116-65-131-149-123-127-162-151-80-176-137-23-183-89-186-15-9-62-144-14-138-165-90-81-196-40-119-185-55-52-106-178-49-102-148-124-94-100-26-1-101-97-152"
7,72834,100,24621,97455,10,"194-180-133-151-162-149-131-65-116-43-184-84-112-190-10-177-54-48-160-34-146-22-18-108-69-159-181-42-5-41-193-139-68-46-115-59-118-51-0-117-143-183-89-186-23-137-176-80-79-63-94-124-152-97-1-101-2-120-129-55-49-102-148-9-62-144-14-178-106-165-90-81-196-40-119-185-52-57-92-179-145-78-31-56-113-175-171-16-25-44-75-86-26-100-53-154-135-70-127-123"
8,73249,100,23629,96878,8,"174-119-40-185-179-145-78-31-56-113-175-171-16-25-44-120-2-75-86-26-94-63-79-80-137-23-89-183-143-176-133-151-51-118-59-115-46-68-139-193-41-5-42-181-159-69-108-18-22-146-34-160-48-54-30-177-10-190-4-112-84-35-184-43-116-65-131-149-162-123-127-70-135-154-180-53-100-101-1-97-152-129-92-57-55-52-106-178-49-102-148-9-62-144-14-138-165-90-81-196"
9,71926,100,24150,96076,8,"18-22-146-159-193-41-5-42-181-34-160-48-54-177-10-190-4-112-84-184-43-116-65-131-149-123-127-162-151-133-135-70-180-154-53-100-26-86-75-44-25-16-171-175-113-56-31-78-145-179-92-57-52-185-119-40-196-81-90-165-106-178-14-144-62-9-148-102-49-55-129-120-2-101-1-97-152-124-94-63-79-80-176-137-23-186-89-183-143-117-0-51-59-118-115-46-68-139-69-108"
10,72350,100,24104,96454,3,"198-46-115-118-59-51-0-117-143-183-89-186-23-137-176-80-79-63-94-124-152-97-1-101-2-120-129-55-49-102-148-9-62-144-14-178-106-165-90-81-196-40-119-185-52-57-92-179-145-78-31-56-113-175-171-16-25-44-75-86-26-100-53-154-180-70-135-133-151-162-127-123-149-131-65-116-43-184-84-112-4-190-10-177-54-48-160-34-146-22-18-108-69-159-181-42-5-41-193-139"
11,71761,100,23851,95612,3,"35-84-4-112-127-123-162-151-133-135-70-180-154-53-100-26-86-75-44-25-16-171-175-113-56-31-78-145-179-92-57-52-185-119-40-196-81-90-165-106-178-14-144-62-9-148-102-49-55-129-120-2-101-1-97-152-124-94-63-79-80-176-137-23-186-89-183-143-117-0-51-118-59-65-116-43-42-5-115-46-68-139-41-193-159-69-108-18-22-146-181-34-160-48-54-30-177-10-190-184"
12,73539,100,22759,96298,2,"71-164-7-95-39-165-138-14-144-62-9-148-102-49-178-106-52-55-57-92-129-152-97-1-101-100-53-180-154-135-70-127-123-162-149-131-65-116-43-184-35-84-112-4-190-10-177-54-48-160-34-146-22-18-108-69-159-181-42-5-41-193-139-68-46-115-59-118-51-151-133-176-137-80-79-63-94-26-86-75-2-120-44-25-16-171-175-113-56-31-78-145-179-185-119-40-196-81-90-27"
13,71761,100,23851,95612,3,"35-84-4-112-127-123-162-151-133-135-70-180-154-53-100-26-86-75-44-25-16-171-175-113-56-31-78-145-179-92-57-52-185-119-40-196-81-90-165-106-178-14-144-62-9-148-102-49-55-129-120-2-101-1-97-152-124-94-63-79-80-176-137-23-186-89-183-143-117-0-51-118-59-65-116-43-42-5-115-46-68-139-41-193-159-69-108-18-22-146-181-34-160-48-54-30-177-10-190-184"
14,72022,100,24246,96268,3,"131-149-123-127-162-151-133-135-70-180-154-53-100-26-86-75-44-25-16-171-175-113-56-31-78-145-179-92-57-52-185-119-40-196-81-90-165-106-178-14-144-62-9-148-102-49-55-129-120-2-101-1-97-152-124-94-63-79-80-176-137-23-186-89-183-143-117-0-51-118-59-115-46-68-139-193-41-5-42-181-159-69-108-18-22-146-34-160-48-54-177-10-190-4-112-84-184-43-116-65"
15,73327,100,24033,97360,3,"73-62-9-148-102-49-178-106-52-55-57-92-129-152-97-1-101-100-53-180-154-135-70-127-123-162-149-131-65-116-43-184-35-84-112-4-190-10-177-30-54-48-160-34-146-22-18-108-69-159-181-42-5-41-193-139-68-46-115-59-118-51-151-133-176-143-183-89-23-137-80-79-63-94-26-86-75-2-120-44-25-16-171-175-113-56-31-78-145-179-185-119-40-196-81-90-165-138-14-144"
16,72484,100,24033,96517,3,"109-118-46-115-139-193-41-5-42-181-159-69-108-18-22-146-34-160-48-54-30-177-10-190-4-112-84-35-184-43-65-116-59-151-133-162-123-127-70-135-180-154-53-100-26-86-75-44-25-16-171-175-113-56-31-78-145-179-92-57-52-185-119-40-196-81-90-165-106-178-14-144-62-9-148-102-49-55-129-120-2-101-1-97-152-124-94-63-79-80-176-137-23-186-89-183-143-117-0-51"
17,71948,100,23548,95496,2,"90-81-196-40-119-185-179-145-78-31-56-113-175-171-16-25-44-120-2-75-86-26-94-63-79-80-137-23-89-183-143-0-176-133-151-51-118-59-115-46-68-139-193-41-5-42-181-159-69-108-18-22-146-34-160-48-54-30-177-10-190-4-112-84-35-184-43-116-65-131-149-162-123-127-70-135-154-180-53-100-101-1-97-152-129-92-57-55-52-106-178-49-102-148-9-62-144-14-138-165"
18,72326,100,23848,96174,3,"52-55-49-102-148-9-62-144-14-3-178-106-165-90-81-196-40-119-185-179-145-78-31-56-113-175-171-16-25-44-120-2-75-86-26-94-63-79-80-137-23-89-183-143-0-176-133-151-51-118-59-115-46-68-139-193-41-5-42-181-159-69-108-18-22-146-34-160-48-54-30-177-10-190-4-112-84-35-184-43-116-65-131-149-162-123-127-70-135-154-180-53-100-101-1-97-152-129-92-57"
19,72584,100,24340,96924,3,"20-22-146-159-41-193-5-42-181-34-160-48-54-177-10-190-112-84-184-43-116-65-131-149-123-127-162-151-133-135-70-180-154-53-100-26-86-75-44-25-16-171-175-113-56-31-78-145-179-92-57-52-185-119-40-196-81-90-165-106-178-14-144-62-9-148-102-49-55-129-120-2-101-1-97-152-124-94-63-79-80-176-137-23-186-89-183-143-117-0-51-59-118-115-46-68-139-69-108-18"
20,72858,100,23770,96628,2,"157-196-81-90-40-119-165-185-106-178-3-14-144-62-9-148-102-49-52-55-179-145-78-92-57-129-152-97-1-101-100-53-180-154-135-70-127-123-162-149-131-65-116-43-184-35-84-112-4-190-10-177-30-54-48-160-34-146-22-18-108-69-159-181-42-5-41-193-139-68-46-115-59-118-51-151-133-176-143-183-89-23-137-80-79-63-94-26-86-75-2-120-44-25-16-171-175-113-56-31"
21,72801,100,24420,97221,3,"110-193-41-5-42-181-159-69-108-18-22-146-34-160-48-54-177-10-190-112-84-184-43-116-65-131-149-123-127-162-151-133-135-70-180-154-53-100-26-86-75-44-25-16-171-175-113-56-31-78-145-179-92-57-52-185-119-40-196-81-90-165-106-178-14-144-62-9-148-102-49-55-129-120-2-101-1-97-152-124-94-63-79-80-176-137-23-186-89-183-143-117-0-51-59-118-115-46-68-139"
22,72712,100,25041,97753,3,"54-48-34-160-181-42-43-116-41-193-159-146-22-18-108-69-139-68-46-115-118-59-65-131-149-151-51-0-117-143-183-89-186-23-137-176-80-79-63-94-124-152-97-1-101-2-120-129-55-49-102-148-9-62-144-14-178-106-165-90-81-196-40-119-185-52-57-92-179-145-78-31-56-113-175-171-16-25-44-75-86-26-100-53-154-180-70-135-133-162-123-127-112-4-84-35-184-190-10-177"
23,72087,100,24311,96398,3,"154-53-100-26-86-75-44-25-16-171-175-113-56-31-78-145-179-92-57-52-185-119-40-196-81-90-165-106-178-14-144-62-9-148-102-49-55-129-120-2-101-1-97-152-124-94-63-79-80-176-137-23-186-89-183-143-117-0-51-118-59-115-46-68-139-193-41-5-42-181-159-69-108-18-22-146-34-160-48-54-177-10-190-4-112-84-184-43-116-65-131-149-123-127-162-151-133-180-135-70"
24,73131,100,23642,96773,3,"32-14-144-62-9-148-102-49-178-106-52-55-57-92-129-152-97-1-101-100-53-180-154-135-70-127-123-162-149-131-65-116-43-184-35-84-112-4-190-10-177-30-54-48-160-34-146-22-18-108-69-159-181-42-5-41-193-139-68-46-115-59-118-51-151-133-176-143-183-89-23-137-80-79-63-94-26-86-75-2-120-44-25-16-171-175-113-56-31-78-145-179-185-119-40-196-81-90-165-138"
25,72211,100,24435,96646,2,"162-133-123-127-70-135-180-154-53-100-26-86-75-44-25-16-171-175-113-56-31-78-145-179-92-57-52-185-119-40-196-81-90-165-106-178-14-144-62-9-148-102-49-55-129-120-2-101-1-97-152-124-94-63-79-80-176-137-23-186-89-183-143-117-0-51-118-59-115-46-68-139-193-41-5-42-181-159-69-108-18-22-146-34-160-48-54-177-10-190-4-112-84-184-43-116-65-131-149-151"
26,72462,100,24250,96712,3,"89-23-137-186-15-9-62-144-14-138-165-90-81-196-40-119-185-55-52-106-178-49-102-148-124-94-152-97-1-101-2-120-129-57-92-179-145-78-31-56-113-175-171-16-25-44-75-86-26-100-53-154-70-135-180-63-79-133-51-118-59-115-46-68-139-193-41-5-42-181-159-69-108-18-22-146-34-160-48-54-177-10-190-84-184-43-116-65-131-149-123-127-162-151-80-176-0-117-143-183"
27,71948,100,23548,95496,3,"178-49-102-148-9-62-144-14-138-165-90-81-196-40-119-185-179-145-78-31-56-113-175-171-16-25-44-120-2-75-86-26-94-63-79-80-137-23-89-183-143-0-176-133-151-51-118-59-115-46-68-139-193-41-5-42-181-159-69-108-18-22-146-34-160-48-54-30-177-10-190-4-112-84-35-184-43-116-65-131-149-162-123-127-70-135-154-180-53-100-101-1-97-152-129-92-57-55-52-106"
28,71948,100,23548,95496,3,"40-196-81-90-165-138-14-144-62-9-148-102-49-178-106-52-55-57-92-129-152-97-1-101-100-53-180-154-135-70-127-123-162-149-131-65-116-43-184-35-84-112-4-190-10-177-30-54-48-160-34-146-22-18-108-69-159-181-42-5-41-193-139-68-46-115-59-118-51-151-133-176-0-143-183-89-23-137-80-79-63-94-26-86-75-2-120-44-25-16-171-175-113-56-31-78-145-179-185-119"
29,72812,100,24150,96962,2,"136-121-100-26-86-75-44-25-16-171-175-113-56-31-78-145-179-92-57-52-185-119-40-196-81-90-165-106-178-14-144-62-9-148-102-49-55-129-120-2-101-1-97-152-124-94-63-79-80-176-137-23-186-89-183-143-117-0-51-118-59-115-46-68-139-193-41-5-42-181-159-69-108-18-22-146-34-160-48-54-177-10-190-84-184-43-116-65-131-149-123-127-162-151-133-180-135-70-154-53"
30,72639,100,24161,96800,3,"120-2-75-86-26-94-63-79-80-137-23-89-183-143-0-176-133-151-51-118-59-115-46-68-139-193-41-5-42-181-159-69-108-18-22-146-34-160-48-54-30-177-10-190-4-112-84-35-184-43-116-65-131-149-162-123-127-70-135-154-180-53-100-101-1-97-152-129-55-49-102-148-9-62-144-14-3-178-106-165-90-81-196-40-119-185-52-57-92-179-145-78-31-56-113-175-171-16-25-44"
31,71948,100,23548,95496,3,"90-81-196-40-119-185-179-145-78-31-56-113-175-171-16-25-44-120-2-75-86-26-94-63-79-80-137-23-89-183-143-0-176-133-151-51-118-59-115-46-68-139-193-41-5-42-181-159-69-108-18-22-146-34-160-48-54-30-177-10-190-4-112-84-35-184-43-116-65-131-149-162-123-127-70-135-154-180-53-100-101-1-97-152-129-92-57-55-52-106-178-49-102-148-9-62-144-14-138-165"
32,71958,100,24060,96018,3,"103-34-181-160-48-54-177-10-190-4-112-84-184-42-43-116-65-131-149-123-127-162-151-133-135-70-180-154-53-100-26-86-75-44-25-16-171-175-113-56-31-78-145-179-92-57-52-185-119-40-196-81-90-165-106-178-14-144-62-9-148-102-49-55-129-120-2-101-1-97-152-124-94-63-79-80-176-137-23-186-89-183-143-117-0-51-59-118-115-46-68-139-41-193-159-69-108-18-22-146"
33,72602,100,23435,96037,2,"137-23-183-89-186-15-9-62-144-14-138-165-90-81-196-40-119-185-55-52-106-178-49-102-148-124-94-152-97-1-101-2-120-129-57-92-179-145-78-31-56-113-175-171-16-25-44-75-86-26-100-53-154-70-135-180-63-79-133-51-118-59-115-46-68-139-193-41-5-42-181-159-69-108-18-22-146-34-160-48-54-177-10-190-4-112-84-35-184-43-116-65-131-149-123-127-162-151-80-176"
34,72276,100,23766,96042,2,"156-127-123-162-151-133-135-70-180-154-53-100-26-86-75-44-25-16-171-175-113-56-31-78-145-179-92-57-52-185-119-40-196-81-90-165-106-178-14-144-62-9-148-102-49-55-129-120-2-101-1-97-152-124-94-63-79-80-176-137-23-186-89-183-143-117-0-51-118-59-65-116-43-42-5-115-46-68-139-41-193-159-69-108-18-22-146-181-34-160-48-54-177-10-190-184-35-84-4-112"
35,72772,100,24326,97098,1,"191-193-41-5-42-181-159-69-108-18-22-146-34-160-48-54-177-10-190-112-84-184-43-116-65-131-149-123-127-162-151-133-135-70-180-154-53-100-26-86-75-44-25-16-171-175-113-56-31-78-145-179-92-57-52-185-119-40-196-81-90-165-106-178-14-144-62-9-148-102-49-55-129-120-2-101-1-97-152-124-94-63-79-80-176-137-23-186-89-183-143-117-0-51-59-118-115-46-68-139"
36,72276,100,23766,96042,2,"156-127-123-162-151-133-135-70-180-154-53-100-26-86-75-44-25-16-171-175-113-56-31-78-145-179-92-57-52-185-119-40-196-81-90-165-106-178-14-144-62-9-148-102-49-55-129-120-2-101-1-97-152-124-94-63-79-80-176-137-23-186-89-183-143-117-0-51-118-59-65-116-43-42-5-115-46-68-139-41-193-159-69-108-18-22-146-181-34-160-48-54-177-10-190-184-35-84-4-112"
37,73249,100,23629,96878,2,"174-119-40-185-179-145-78-31-56-113-175-171-16-25-44-120-2-75-86-26-94-63-79-80-137-23-89-183-143-176-133-151-51-118-59-115-46-68-139-193-41-5-42-181-159-69-108-18-22-146-34-160-48-54-30-177-10-190-4-112-84-35-184-43-116-65-131-149-162-123-127-70-135-154-180-53-100-101-1-97-152-129-92-57-55-52-106-178-49-102-148-9-62-144-14-138-165-90-81-196"
38,71926,100,24150,96076,3,"69-108-18-22-146-159-193-41-5-42-181-34-160-48-54-177-10-190-4-112-84-184-43-116-65-131-149-123-127-162-151-133-135-70-180-154-53-100-26-86-75-44-25-16-171-175-113-56-31-78-145-179-92-57-52-185-119-40-196-81-90-165-106-178-14-144-62-9-148-102-49-55-129-120-2-101-1-97-152-124-94-63-79-80-176-137-23-186-89-183-143-117-0-51-59-118-115-46-68-139"
39,73194,100,23503,96697,1,"19-152-1-101-100-26-97-2-120-129-57-92-179-145-78-31-56-113-175-171-16-25-44-75-86-53-154-70-135-180-63-79-133-51-118-59-115-46-68-139-193-41-5-42-181-159-69-108-18-22-146-34-160-48-54-177-10-190-4-112-84-184-43-116-65-131-149-123-127-162-151-80-176-137-23-183-89-186-15-9-62-144-14-138-165-90-81-196-40-119-185-55-52-106-178-49-102-148-124-94"
40,71948,100,23548,95496,2,"106-52-55-57-92-129-152-97-1-101-100-53-180-154-135-70-127-123-162-149-131-65-116-43-184-35-84-112-4-190-10-177-30-54-48-160-34-146-22-18-108-69-159-181-42-5-41-193-139-68-46-115-59-118-51-151-133-176-0-143-183-89-23-137-80-79-63-94-26-86-75-2-120-44-25-16-171-175-113-56-31-78-145-179-185-119-40-196-81-90-165-138-14-144-62-9-148-102-49-178"
41,72350,100,24104,96454,2,"198-46-115-118-59-51-0-117-143-183-89-186-23-137-176-80-79-63-94-124-152-97-1-101-2-120-129-55-49-102-148-9-62-144-14-178-106-165-90-81-196-40-119-185-52-57-92-179-145-78-31-56-113-175-171-16-25-44-75-86-26-100-53-154-180-70-135-133-151-162-127-123-149-131-65-116-43-184-84-112-4-190-10-177-54-48-160-34-146-22-18-108-69-159-181-42-5-41-193-139"
42,73307,100,24957,98264,2,"104-54-48-34-160-181-42-43-116-41-193-159-146-22-18-108-69-139-68-46-115-118-59-65-131-149-151-51-0-117-143-183-89-186-23-137-176-80-79-63-94-124-152-97-1-101-2-120-129-55-49-102-148-9-62-144-14-178-106-165-90-81-196-40-119-185-52-57-92-179-145-78-31-56-113-175-171-16-25-44-75-86-26-100-53-154-180-70-135-133-162-123-127-112-4-84-184-190-10-177"
43,72211,100,24435,96646,2,"162-133-123-127-70-135-180-154-53-100-26-86-75-44-25-16-171-175-113-56-31-78-145-179-92-57-52-185-119-40-196-81-90-165-106-178-14-144-62-9-148-102-49-55-129-120-2-101-1-97-152-124-94-63-79-80-176-137-23-186-89-183-143-117-0-51-118-59-115-46-68-139-193-41-5-42-181-159-69-108-18-22-146-34-160-48-54-177-10-190-4-112-84-184-43-116-65-131-149-151"
44,72815,100,24337,97152,2,"175-113-56-31-145-78-179-92-57-52-185-119-40-196-81-90-165-106-178-3-14-144-62-9-148-102-49-55-129-152-97-1-101-100-53-180-154-135-70-127-123-162-149-131-65-116-43-184-35-84-112-4-190-10-177-30-54-48-160-34-146-22-18-108-69-159-181-42-5-41-193-139-68-46-115-59-118-51-151-133-176-0-143-183-89-23-137-80-79-63-94-26-86-75-2-120-44-25-16-171"
45,72858,100,23770,96628,1,"157-196-81-90-40-119-165-185-106-178-3-14-144-62-9-148-102-49-52-55-179-145-78-92-57-129-152-97-1-101-100-53-180-154-135-70-127-123-162-149-131-65-116-43-184-35-84-112-4-190-10-177-30-54-48-160-34-146-22-18-108-69-159-181-42-5-41-193-139-68-46-115-59-118-51-151-133-176-143-183-89-23-137-80-79-63-94-26-86-75-2-120-44-25-16-171-175-113-56-31"
46,73351,100,24725,98076,2,"147-177-10-190-4-112-84-184-43-65-131-149-123-127-162-151-133-135-70-180-154-53-100-26-86-75-44-25-16-171-175-113-56-31-78-145-179-92-57-52-185-119-40-196-81-90-165-106-178-14-144-62-9-148-102-49-55-129-120-2-101-1-97-152-124-94-63-79-80-176-137-23-186-89-183-143-117-0-51-59-118-115-46-68-139-69-108-18-22-146-159-193-41-116-42-181-160-34-48-54"
47,72894,100,24416,97310,2,"75-44-25-16-171-175-113-56-31-78-145-179-92-57-52-185-119-40-196-81-90-165-106-178-3-14-144-62-9-148-102-49-55-129-120-2-1-152-97-101-100-53-180-154-135-70-127-123-162-149-131-65-116-43-184-35-84-112-4-190-10-177-30-54-48-160-34-146-22-18-108-69-159-181-42-5-41-193-139-68-46-115-59-118-51-151-133-176-0-143-183-89-23-137-80-79-63-94-26-86"
48,72815,100,24337,97152,1,"31-145-78-179-92-57-52-185-119-40-196-81-90-165-106-178-3-14-144-62-9-148-102-49-55-129-152-97-1-101-100-53-180-154-135-70-127-123-162-149-131-65-116-43-184-35-84-112-4-190-10-177-30-54-48-160-34-146-22-18-108-69-159-181-42-5-41-193-139-68-46-115-59-118-51-151-133-176-0-143-183-89-23-137-80-79-63-94-26-86-75-2-120-44-25-16-171-175-113-56"
49,73408,100,24816,98224,2,"161-133-135-70-180-154-53-100-26-86-75-44-25-16-171-175-113-56-31-78-145-179-92-57-52-185-119-40-196-81-90-165-106-178-14-144-62-9-148-102-49-55-129-120-2-101-1-97-152-124-94-63-79-80-176-137-23-186-89-183-143-117-0-51-118-59-115-46-68-139-193-41-5-42-181-159-69-108-18-22-146-34-160-48-54-177-10-190-112-84-184-43-116-65-131-149-151-162-123-127"
50,72087,100,24311,96398,3,"154-53-100-26-86-75-44-25-16-171-175-113-56-31-78-145-179-92-57-52-185-119-40-196-81-90-165-106-178-14-144-62-9-148-102-49-55-129-120-2-101-1-97-152-124-94-63-79-80-176-137-23-186-89-183-143-117-0-51-118-59-115-46-68-139-193-41-5-42-181-159-69-108-18-22-146-34-160-48-54-177-10-190-4-112-84-184-43-116-65-131-149-123-127-162-151-133-180-135-70"
51,72081,100,24305,96386,1,"65-131-149-123-127-162-151-133-135-70-180-154-53-100-26-86-75-44-25-16-171-175-113-56-31-78-145-179-92-57-52-185-119-40-196-81-90-165-106-178-14-144-62-9-148-102-49-55-129-120-2-101-1-97-152-124-94-63-79-80-176-137-23-186-89-183-143-117-0-51-59-118-115-46-68-139-193-41-5-42-181-159-69-108-18-22-146-34-160-48-54-177-10-190-4-112-84-184-43-116"
52,72432,100,24193,96625,2,"153-0-117-143-183-89-23-137-186-15-9-62-144-14-138-165-90-81-196-40-119-185-55-52-106-178-49-102-148-124-94-152-97-1-101-2-120-129-57-92-179-145-78-31-56-113-175-171-16-25-44-75-86-26-100-53-154-70-135-180-63-79-133-127-123-162-151-80-176-51-118-59-65-116-43-184-84-112-190-10-177-54-48-160-34-146-22-18-108-69-159-181-42-5-115-41-193-139-68-46"
53,72022,100,24246,96268,2,"149-123-127-162-151-133-135-70-180-154-53-100-26-86-75-44-25-16-171-175-113-56-31-78-145-179-92-57-52-185-119-40-196-81-90-165-106-178-14-144-62-9-148-102-49-55-129-120-2-101-1-97-152-124-94-63-79-80-176-137-23-186-89-183-143-117-0-51-118-59-115-46-68-139-193-41-5-42-181-159-69-108-18-22-146-34-160-48-54-177-10-190-4-112-84-184-43-116-65-131"
54,73406,100,24226,97632,1,"83-89-183-143-117-0-176-80-151-162-127-123-149-131-65-116-43-184-190-10-177-54-48-160-34-146-22-18-108-69-159-181-42-5-41-193-139-68-46-115-59-118-51-133-79-63-180-135-70-154-53-100-26-86-75-44-25-16-171-175-113-56-31-78-145-179-92-57-129-120-2-101-1-97-152-94-124-148-102-49-178-106-52-55-185-119-40-196-81-90-165-138-14-144-62-9-15-137-23-186"
55,73031,100,23503,96534,3,"155-14-138-165-90-81-196-40-119-185-179-145-78-31-56-113-175-171-16-25-44-120-2-75-86-26-94-63-79-80-137-23-89-183-143-176-133-151-51-118-59-115-46-68-139-193-41-5-42-181-159-69-108-18-22-146-34-160-48-54-30-177-10-190-4-112-84-35-184-43-116-65-131-149-162-123-127-70-135-154-180-53-100-101-1-97-152-129-92-57-55-52-106-178-49-102-148-9-62-144"
56,71948,100,23548,95496,2,"106-52-55-57-92-129-152-97-1-101-100-53-180-154-135-70-127-123-162-149-131-65-116-43-184-35-84-112-4-190-10-177-30-54-48-160-34-146-22-18-108-69-159-181-42-5-41-193-139-68-46-115-59-118-51-151-133-176-0-143-183-89-23-137-80-79-63-94-26-86-75-2-120-44-25-16-171-175-113-56-31-78-145-179-185-119-40-196-81-90-165-138-14-144-62-9-148-102-49-178"
57,72894,100,24416,97310,1,"75-44-25-16-171-175-113-56-31-78-145-179-92-57-52-185-119-40-196-81-90-165-106-178-3-14-144-62-9-148-102-49-55-129-120-2-1-152-97-101-100-53-180-154-135-70-127-123-162-149-131-65-116-43-184-35-84-112-4-190-10-177-30-54-48-160-34-146-22-18-108-69-159-181-42-5-41-193-139-68-46-115-59-118-51-151-133-176-0-143-183-89-23-137-80-79-63-94-26-86"
58,73406,100,24226,97632,2,"83-89-183-143-117-0-176-80-151-162-127-123-149-131-65-116-43-184-190-10-177-54-48-160-34-146-22-18-108-69-159-181-42-5-41-193-139-68-46-115-59-118-51-133-79-63-180-135-70-154-53-100-26-86-75-44-25-16-171-175-113-56-31-78-145-179-92-57-129-120-2-101-1-97-152-94-124-148-102-49-178-106-52-55-185-119-40-196-81-90-165-138-14-144-62-9-15-137-23-186"
59,71948,100,23548,95496,3,"81-196-40-119-185-179-145-78-31-56-113-175-171-16-25-44-120-2-75-86-26-94-63-79-80-137-23-89-183-143-0-176-133-151-51-118-59-115-46-68-139-193-41-5-42-181-159-69-108-18-22-146-34-160-48-54-30-177-10-190-4-112-84-35-184-43-116-65-131-149-162-123-127-70-135-154-180-53-100-101-1-97-152-129-92-57-55-52-106-178-49-102-148-9-62-144-14-138-165-90"
60,73679,100,24065,97744,1,"127-70-135-154-53-180-121-100-26-86-75-44-25-16-171-175-113-56-31-78-145-179-92-57-52-185-119-40-196-81-90-165-106-178-3-14-144-62-9-148-102-49-55-129-120-2-101-1-97-152-124-94-63-79-80-137-23-89-183-176-133-151-51-118-59-115-46-68-139-193-41-5-42-181-159-69-108-18-22-146-34-160-48-54-30-177-10-190-4-112-84-35-184-43-116-65-131-149-162-123"
61,73373,100,22852,96225,3,"164-27-90-81-196-40-119-185-179-145-78-31-56-113-175-171-16-25-44-120-2-75-86-26-94-63-79-80-137-176-133-151-51-118-59-115-46-68-139-193-41-5-42-181-159-69-108-18-22-146-34-160-48-54-30-177-10-190-4-112-84-35-184-43-116-65-131-149-162-123-127-70-135-154-180-53-100-101-1-97-152-129-92-57-55-52-106-178-49-102-148-9-62-144-14-138-165-39-95-7"
62,72834,100,24621,97455,2,"194-180-133-151-162-149-131-65-116-43-184-84-112-190-10-177-54-48-160-34-146-22-18-108-69-159-181-42-5-41-193-139-68-46-115-59-118-51-0-117-143-183-89-186-23-137-176-80-79-63-94-124-152-97-1-101-2-120-129-55-49-102-148-9-62-144-14-178-106-165-90-81-196-40-119-185-52-57-92-179-145-78-31-56-113-175-171-16-25-44-75-86-26-100-53-154-135-70-127-123"
63,73679,100,24065,97744,1,"127-70-135-154-53-180-121-100-26-86-75-44-25-16-171-175-113-56-31-78-145-179-92-57-52-185-119-40-196-81-90-165-106-178-3-14-144-62-9-148-102-49-55-129-120-2-101-1-97-152-124-94-63-79-80-137-23-89-183-176-133-151-51-118-59-115-46-68-139-193-41-5-42-181-159-69-108-18-22-146-34-160-48-54-30-177-10-190-4-112-84-35-184-43-116-65-131-149-162-123"
64,72265,100,23749,96014,2,"126-127-123-162-151-133-135-70-180-154-53-100-26-86-75-44-25-16-171-175-113-56-31-78-145-179-92-57-52-185-119-40-196-81-90-165-106-178-14-144-62-9-148-102-49-55-129-120-2-101-1-97-152-124-94-63-79-80-176-137-23-186-89-183-143-117-0-51-118-59-65-116-43-42-5-115-46-68-139-41-193-159-69-108-18-22-146-181-34-160-48-54-177-10-190-184-35-84-4-112"
65,73415,100,25081,98496,2,"11-35-84-4-112-127-123-162-133-135-70-180-154-53-100-26-86-75-44-25-16-171-175-113-56-31-78-145-179-92-57-52-185-40-196-81-90-165-106-178-14-144-62-9-148-102-49-55-129-120-2-101-1-97-152-124-94-63-79-80-176-137-23-186-89-183-143-117-0-51-151-149-131-65-59-118-115-46-68-139-193-41-116-43-42-181-159-69-108-18-22-146-34-160-48-54-177-10-190-184"
66,72713,100,23885,96598,2,"67-108-69-18-22-146-159-193-41-5-42-181-34-160-48-54-177-10-190-184-43-116-65-131-149-123-127-162-151-133-135-70-180-154-53-100-26-86-75-44-25-16-171-175-113-56-31-78-145-179-92-57-52-185-119-40-196-81-90-165-106-178-14-144-62-9-148-102-49-55-129-120-2-101-1-97-152-124-94-63-79-80-176-137-23-186-89-183-143-117-0-51-59-118-115-46-139-68-93-140"
67,72276,100,23766,96042,1,"156-127-123-162-151-133-135-70-180-154-53-100-26-86-75-44-25-16-171-175-113-56-31-78-145-179-92-57-52-185-119-40-196-81-90-165-106-178-14-144-62-9-148-102-49-55-129-120-2-101-1-97-152-124-94-63-79-80-176-137-23-186-89-183-143-117-0-51-118-59-65-116-43-42-5-115-46-68-139-41-193-159-69-108-18-22-146-181-34-160-48-54-177-10-190-184-35-84-4-112"
68,73613,100,23917,97530,2,"132-14-138-165-90-81-196-40-119-185-179-145-78-31-56-113-175-171-16-25-44-120-2-75-86-26-94-63-79-80-137-23-89-183-143-176-133-151-51-118-59-115-46-68-139-193-41-5-42-181-159-69-108-18-22-146-34-160-48-54-30-177-10-190-4-112-84-35-184-43-116-65-131-149-162-123-127-70-135-154-180-53-100-101-1-97-152-129-92-57-55-52-106-178-49-102-148-9-62-144"
69,72815,100,24337,97152,3,"16-25-44-120-2-75-86-26-94-63-79-80-137-23-89-183-143-0-176-133-151-51-118-59-115-46-68-139-193-41-5-42-181-159-69-108-18-22-146-34-160-48-54-30-177-10-190-4-112-84-35-184-43-116-65-131-149-162-123-127-70-135-154-180-53-100-101-1-97-152-129-55-49-102-148-9-62-144-14-3-178-106-165-90-81-196-40-119-185-52-57-92-179-78-145-31-56-113-175-171"
70,72326,100,23848,96174,2,"52-55-49-102-148-9-62-144-14-3-178-106-165-90-81-196-40-119-185-179-145-78-31-56-113-175-171-16-25-44-120-2-75-86-26-94-63-79-80-137-23-89-183-143-0-176-133-151-51-118-59-115-46-68-139-193-41-5-42-181-159-69-108-18-22-146-34-160-48-54-30-177-10-190-4-112-84-35-184-43-116-65-131-149-162-123-127-70-135-154-180-53-100-101-1-97-152-129-92-57"
71,71955,100,23555,95510,2,"119-196-81-90-165-138-14-144-62-9-148-102-49-178-106-52-55-57-92-129-152-97-1-101-100-53-180-154-135-70-127-123-162-149-131-65-116-43-184-35-84-112-4-190-10-177-30-54-48-160-34-146-22-18-108-69-159-181-42-5-41-193-139-68-46-115-59-118-51-151-133-176-0-143-183-89-23-137-80-79-63-94-26-86-75-2-120-44-25-16-171-175-113-56-31-78-145-179-185-40"
72,72752,100,23585,96337,1,"152-1-101-2-120-129-57-92-179-145-78-31-56-113-175-171-16-25-44-75-86-53-154-70-135-180-63-79-133-51-118-59-115-46-68-139-193-41-5-42-181-159-69-108-18-22-146-34-160-48-54-177-10-190-4-112-84-35-184-43-116-65-131-149-123-127-162-151-80-176-137-23-183-89-186-15-9-62-144-14-138-165-90-81-196-40-119-185-55-52-106-178-49-102-148-124-94-100-26-97"
73,72022,100,24246,96268,2,"149-123-127-162-151-133-135-70-180-154-53-100-26-86-75-44-25-16-171-175-113-56-31-78-145-179-92-57-52-185-119-40-196-81-90-165-106-178-14-144-62-9-148-102-49-55-129-120-2-101-1-97-152-124-94-63-79-80-176-137-23-186-89-183-143-117-0-51-118-59-115-46-68-139-193-41-5-42-181-159-69-108-18-22-146-34-160-48-54-177-10-190-4-112-84-184-43-116-65-131"
74,73613,100,23917,97530,2,"132-14-138-165-90-81-196-40-119-185-179-145-78-31-56-113-175-171-16-25-44-120-2-75-86-26-94-63-79-80-137-23-89-183-143-176-133-151-51-118-59-115-46-68-139-193-41-5-42-181-159-69-108-18-22-146-34-160-48-54-30-177-10-190-4-112-84-35-184-43-116-65-131-149-162-123-127-70-135-154-180-53-100-101-1-97-152-129-92-57-55-52-106-178-49-102-148-9-62-144"
75,72426,100,24275,96701,2,"96-43-116-65-131-149-123-127-162-151-133-135-70-180-154-53-100-26-86-75-44-25-16-171-175-113-56-31-78-145-179-92-57-52-185-119-40-196-81-90-165-106-178-14-144-62-9-148-102-49-55-129-120-2-101-1-97-152-124-94-63-79-80-176-137-23-186-89-183-143-117-0-51-59-118-115-46-68-139-41-193-159-69-108-18-22-146-181-34-160-48-54-177-10-190-112-84-184-42-5"
76,72639,100,24161,96800,2,"2-75-86-26-94-63-79-80-137-23-89-183-143-0-176-133-151-51-118-59-115-46-68-139-193-41-5-42-181-159-69-108-18-22-146-34-160-48-54-30-177-10-190-4-112-84-35-184-43-116-65-131-149-162-123-127-70-135-154-180-53-100-101-1-97-152-129-55-49-102-148-9-62-144-14-3-178-106-165-90-81-196-40-119-185-52-57-92-179-145-78-31-56-113-175-171-16-25-44-120"
77,72637,100,24381,97018,2,"105-116-43-184-84-112-190-10-177-54-48-160-34-146-22-18-108-69-159-181-42-5-41-193-139-68-46-115-118-59-51-0-117-143-183-89-186-23-137-176-80-79-63-94-124-152-97-1-101-2-120-129-55-49-102-148-9-62-144-14-178-106-165-90-81-196-40-119-185-52-57-92-179-145-78-31-56-113-175-171-16-25-44-75-86-26-100-53-154-180-70-135-133-151-162-127-123-149-131-65"
78,72752,100,23585,96337,1,"1-101-2-120-129-57-92-179-145-78-31-56-113-175-171-16-25-44-75-86-53-154-70-135-180-63-79-133-51-118-59-115-46-68-139-193-41-5-42-181-159-69-108-18-22-146-34-160-48-54-177-10-190-4-112-84-35-184-43-116-65-131-149-123-127-162-151-80-176-137-23-183-89-186-15-9-62-144-14-138-165-90-81-196-40-119-185-55-52-106-178-49-102-148-124-94-100-26-97-152"
79,72081,100,24305,96386,2,"41-5-42-181-159-69-108-18-22-146-34-160-48-54-177-10-190-4-112-84-184-43-116-65-131-149-123-127-162-151-133-135-70-180-154-53-100-26-86-75-44-25-16-171-175-113-56-31-78-145-179-92-57-52-185-119-40-196-81-90-165-106-178-14-144-62-9-148-102-49-55-129-120-2-101-1-97-152-124-94-63-79-80-176-137-23-186-89-183-143-117-0-51-59-118-115-46-68-139-193"
80,71761,100,23851,95612,2,"112-4-84-35-184-190-10-177-30-54-48-160-34-181-146-22-18-108-69-159-193-41-139-68-46-115-5-42-43-116-65-59-118-51-0-117-143-183-89-186-23-137-176-80-79-63-94-124-152-97-1-101-2-120-129-55-49-102-148-9-62-144-14-178-106-165-90-81-196-40-119-185-52-57-92-179-145-78-31-56-113-175-171-16-25-44-75-86-26-100-53-154-180-70-135-133-151-162-123-127"
81,72081,100,24305,96386,1,"139-68-46-115-118-59-51-0-117-143-183-89-186-23-137-176-80-79-63-94-124-152-97-1-101-2-120-129-55-49-102-148-9-62-144-14-178-106-165-90-81-196-40-119-185-52-57-92-179-145-78-31-56-113-175-171-16-25-44-75-86-26-100-53-154-180-70-135-133-151-162-127-123-149-131-65-116-43-184-84-112-4-190-10-177-54-48-160-34-146-22-18-108-69-159-181-42-5-41-193"
82,72639,100,24161,96800,2,"120-2-75-86-26-94-63-79-80-137-23-89-183-143-0-176-133-151-51-118-59-115-46-68-139-193-41-5-42-181-159-69-108-18-22-146-34-160-48-54-30-177-10-190-4-112-84-35-184-43-116-65-131-149-162-123-127-70-135-154-180-53-100-101-1-97-152-129-55-49-102-148-9-62-144-14-3-178-106-165-90-81-196-40-119-185-52-57-92-179-145-78-31-56-113-175-171-16-25-44"
83,72087,100,24311,96398,2,"180-133-151-162-127-123-149-131-65-116-43-184-84-112-4-190-10-177-54-48-160-34-146-22-18-108-69-159-181-42-5-41-193-139-68-46-115-59-118-51-0-117-143-183-89-186-23-137-176-80-79-63-94-124-152-97-1-101-2-120-129-55-49-102-148-9-62-144-14-178-106-165-90-81-196-40-119-185-52-57-92-179-145-78-31-56-113-175-171-16-25-44-75-86-26-100-53-154-70-135"
84,72752,100,23585,96337,2,"1-101-2-120-129-57-92-179-145-78-31-56-113-175-171-16-25-44-75-86-53-154-70-135-180-63-79-133-51-118-59-115-46-68-139-193-41-5-42-181-159-69-108-18-22-146-34-160-48-54-177-10-190-4-112-84-35-184-43-116-65-131-149-123-127-162-151-80-176-137-23-183-89-186-15-9-62-144-14-138-165-90-81-196-40-119-185-55-52-106-178-49-102-148-124-94-100-26-97-152"
85,72772,100,24326,97098,2,"191-193-41-5-42-181-159-69-108-18-22-146-34-160-48-54-177-10-190-112-84-184-43-116-65-131-149-123-127-162-151-133-135-70-180-154-53-100-26-86-75-44-25-16-171-175-113-56-31-78-145-179-92-57-52-185-119-40-196-81-90-165-106-178-14-144-62-9-148-102-49-55-129-120-2-101-1-97-152-124-94-63-79-80-176-137-23-186-89-183-143-117-0-51-59-118-115-46-68-139"
86,72772,100,24326,97098,2,"191-193-41-5-42-181-159-69-108-18-22-146-34-160-48-54-177-10-190-112-84-184-43-116-65-131-149-123-127-162-151-133-135-70-180-154-53-100-26-86-75-44-25-16-171-175-113-56-31-78-145-179-92-57-52-185-119-40-196-81-90-165-106-178-14-144-62-9-148-102-49-55-129-120-2-101-1-97-152-124-94-63-79-80-176-137-23-186-89-183-143-117-0-51-59-118-115-46-68-139"
87,72087,100,24311,96398,2,"135-180-133-151-162-127-123-149-131-65-116-43-184-84-112-4-190-10-177-54-48-160-34-146-22-18-108-69-159-181-42-5-41-193-139-68-46-115-59-118-51-0-117-143-183-89-186-23-137-176-80-79-63-94-124-152-97-1-101-2-120-129-55-49-102-148-9-62-144-14-178-106-165-90-81-196-40-119-185-52-57-92-179-145-78-31-56-113-175-171-16-25-44-75-86-26-100-53-154-70"
88,72087,100,24311,96398,2,"79-80-176-137-23-186-89-183-143-117-0-51-118-59-115-46-68-139-193-41-5-42-181-159-69-108-18-22-146-34-160-48-54-177-10-190-4-112-84-184-43-116-65-131-149-123-127-162-151-133-180-135-70-154-53-100-26-86-75-44-25-16-171-175-113-56-31-78-145-179-92-57-52-185-119-40-196-81-90-165-106-178-14-144-62-9-148-102-49-55-129-120-2-101-1-97-152-124-94-63"
89,72602,100,23435,96037,2,"137-23-183-89-186-15-9-62-144-14-138-165-90-81-196-40-119-185-55-52-106-178-49-102-148-124-94-152-97-1-101-2-120-129-57-92-179-145-78-31-56-113-175-171-16-25-44-75-86-26-100-53-154-70-135-180-63-79-133-51-118-59-115-46-68-139-193-41-5-42-181-159-69-108-18-22-146-34-160-48-54-177-10-190-4-112-84-35-184-43-116-65-131-149-123-127-162-151-80-176"
90,72326,100,23848,96174,2,"52-55-49-102-148-9-62-144-14-3-178-106-165-90-81-196-40-119-185-179-145-78-31-56-113-175-171-16-25-44-120-2-75-86-26-94-63-79-80-137-23-89-183-143-0-176-133-151-51-118-59-115-46-68-139-193-41-5-42-181-159-69-108-18-22-146-34-160-48-54-30-177-10-190-4-112-84-35-184-43-116-65-131-149-162-123-127-70-135-154-180-53-100-101-1-97-152-129-92-57"
91,72022,100,24246,96268,1,"149-123-127-162-151-133-135-70-180-154-53-100-26-86-75-44-25-16-171-175-113-56-31-78-145-179-92-57-52-185-119-40-196-81-90-165-106-178-14-144-62-9-148-102-49-55-129-120-2-101-1-97-152-124-94-63-79-80-176-137-23-186-89-183-143-117-0-51-118-59-115-46-68-139-193-41-5-42-181-159-69-108-18-22-146-34-160-48-54-177-10-190-4-112-84-184-43-116-65-131"
92,72535,100,24864,97399,2,"184-43-65-131-149-123-127-162-151-133-135-70-180-154-53-100-26-86-75-44-25-16-171-175-113-56-31-78-145-179-92-57-52-185-119-40-196-81-90-165-106-178-14-144-62-9-148-102-49-55-129-120-2-101-1-97-152-124-94-63-79-80-176-137-23-186-89-183-143-117-0-51-59-118-115-46-68-139-193-41-116-42-181-159-69-108-18-22-146-34-160-48-54-177-10-190-4-112-84-35"
93,71951,100,24175,96126,2,"176-137-23-186-89-183-143-117-0-51-118-59-115-46-68-139-193-41-5-42-181-159-69-108-18-22-146-34-160-48-54-177-10-190-4-112-84-184-43-116-65-131-149-151-133-162-123-127-70-135-180-154-53-100-26-86-75-44-25-16-171-175-113-56-31-78-145-179-92-57-52-185-119-40-196-81-90-165-106-178-14-144-62-9-148-102-49-55-129-120-2-101-1-97-152-124-94-63-79-80"
94,71958,100,24060,96018,2,"103-34-181-160-48-54-177-10-190-4-112-84-184-42-43-116-65-131-149-123-127-162-151-133-135-70-180-154-53-100-26-86-75-44-25-16-171-175-113-56-31-78-145-179-92-57-52-185-119-40-196-81-90-165-106-178-14-144-62-9-148-102-49-55-129-120-2-101-1-97-152-124-94-63-79-80-176-137-23-186-89-183-143-117-0-51-59-118-115-46-68-139-41-193-159-69-108-18-22-146"
95,72639,100,24161,96800,2,"92-57-52-185-119-40-196-81-90-165-106-178-3-14-144-62-9-148-102-49-55-129-152-97-1-101-100-53-180-154-135-70-127-123-162-149-131-65-116-43-184-35-84-112-4-190-10-177-30-54-48-160-34-146-22-18-108-69-159-181-42-5-41-193-139-68-46-115-59-118-51-151-133-176-0-143-183-89-23-137-80-79-63-94-26-86-75-2-120-44-25-16-171-175-113-56-31-78-145-179"
96,72507,100,24123,96630,2,"192-181-146-22-18-108-69-159-193-41-139-68-46-115-118-59-51-0-117-143-183-89-186-23-137-176-80-79-63-94-124-152-97-1-101-2-120-129-55-49-102-148-9-62-144-14-178-106-165-90-81-196-40-119-185-52-57-92-179-145-78-31-56-113-175-171-16-25-44-75-86-26-100-53-154-180-70-135-133-151-162-127-123-149-131-65-116-43-42-184-84-112-4-190-10-177-54-48-160-34"
97,71948,100,23548,95496,2,"62-144-14-138-165-90-81-196-40-119-185-179-145-78-31-56-113-175-171-16-25-44-120-2-75-86-26-94-63-79-80-137-23-89-183-143-0-176-133-151-51-118-59-115-46-68-139-193-41-5-42-181-159-69-108-18-22-146-34-160-48-54-30-177-10-190-4-112-84-35-184-43-116-65-131-149-162-123-127-70-135-154-180-53-100-101-1-97-152-129-92-57-55-52-106-178-49-102-148-9"
98,72702,100,24348,97050,3,"24-149-131-116-65-43-184-84-112-190-10-177-54-48-160-34-146-22-18-108-69-159-181-42-5-41-193-139-68-46-115-59-118-51-0-117-143-183-89-186-23-137-176-80-79-63-94-124-152-97-1-101-2-120-129-55-49-102-148-9-62-144-14-178-106-165-90-81-196-40-119-185-52-57-92-179-145-78-31-56-113-175-171-16-25-44-75-86-26-100-53-154-180-70-135-133-151-162-127-123"
99,72713,100,23546,96259,1,"124-152-97-1-101-2-120-129-57-92-179-145-78-31-56-113-175-171-16-25-44-75-86-26-100-53-154-70-135-180-63-79-133-51-118-59-115-46-68-139-193-41-5-42-181-159-69-108-18-22-146-34-160-48-54-177-10-190-4-112-84-35-184-43-116-65-131-149-123-127-162-151-80-176-137-23-183-89-186-15-9-62-144-14-138-165-90-81-196-40-119-185-55-52-106-178-49-102-148-94"
100,72637,100,24381,97018,2,"105-116-43-184-84-112-190-10-177-54-48-160-34-146-22-18-108-69-159-181-42-5-41-193-139-68-46-115-118-59-51-0-117-143-183-89-186-23-137-176-80-79-63-94-124-152-97-1-101-2-120-129-55-49-102-148-9-62-144-14-178-106-165-90-81-196-40-119-185-52-57-92-179-145-78-31-56-113-175-171-16-25-44-75-86-26-100-53-154-180-70-135-133-151-162-127-123-149-131-65"
101,72561,100,24404,96965,2,"72-51-0-117-143-183-89-186-23-137-176-80-79-63-94-124-152-97-1-101-2-120-129-55-49-102-148-9-62-144-14-178-106-165-90-81-196-40-119-185-52-57-92-179-145-78-31-56-113-175-171-16-25-44-75-86-26-100-53-154-180-70-135-133-151-162-127-123-149-131-65-116-43-184-84-112-190-10-177-54-48-160-34-146-22-18-108-69-159-181-42-5-41-193-139-68-46-115-118-59"
102,72639,100,24161,96800,2,"129-55-49-102-148-9-62-144-14-3-178-106-165-90-81-196-40-119-185-52-57-92-179-145-78-31-56-113-175-171-16-25-44-120-2-75-86-26-94-63-79-80-137-23-89-183-143-0-176-133-151-51-118-59-115-46-68-139-193-41-5-42-181-159-69-108-18-22-146-34-160-48-54-30-177-10-190-4-112-84-35-184-43-116-65-131-149-162-123-127-70-135-154-180-53-100-101-1-97-152"
103,71761,100,23851,95612,1,"84-4-112-127-123-162-151-133-135-70-180-154-53-100-26-86-75-44-25-16-171-175-113-56-31-78-145-179-92-57-52-185-119-40-196-81-90-165-106-178-14-144-62-9-148-102-49-55-129-120-2-101-1-97-152-124-94-63-79-80-176-137-23-186-89-183-143-117-0-51-118-59-65-116-43-42-5-115-46-68-139-41-193-159-69-108-18-22-146-181-34-160-48-54-30-177-10-190-184-35"
104,71773,100,24102,95875,2,"146-181-34-160-48-54-177-10-190-4-112-84-35-184-42-43-116-65-131-149-123-127-162-151-133-135-70-180-154-53-100-26-86-75-44-25-16-171-175-113-56-31-78-145-179-92-57-52-185-119-40-196-81-90-165-106-178-14-144-62-9-148-102-49-55-129-120-2-101-1-97-152-124-94-63-79-80-176-137-23-186-89-183-143-117-0-51-59-118-115-46-68-139-41-193-159-69-108-18-22"
105,72639,100,24161,96800,2,"92-57-52-185-119-40-196-81-90-165-106-178-3-14-144-62-9-148-102-49-55-129-152-97-1-101-100-53-180-154-135-70-127-123-162-149-131-65-116-43-184-35-84-112-4-190-10-177-30-54-48-160-34-146-22-18-108-69-159-181-42-5-41-193-139-68-46-115-59-118-51-151-133-176-0-143-183-89-23-137-80-79-63-94-26-86-75-2-120-44-25-16-171-175-113-56-31-78-145-179"
106,72845,100,24799,97644,2,"77-43-184-84-112-4-190-10-177-54-48-160-34-146-22-18-108-69-159-181-42-116-41-193-139-68-46-115-118-59-51-0-117-143-183-89-186-23-137-176-80-79-63-94-124-152-97-1-101-2-120-129-55-49-102-148-9-62-144-14-178-106-165-90-81-196-40-119-185-52-57-92-179-145-78-31-56-113-175-171-16-25-44-75-86-26-100-53-154-180-70-135-133-151-162-127-123-149-131-65"
107,71488,100,23578,95066,2,"117-0-46-68-139-193-41-115-5-42-181-159-69-108-18-22-146-34-160-48-54-30-177-10-190-4-112-84-35-184-43-116-65-59-118-51-151-133-162-123-127-70-135-180-154-53-100-26-86-75-44-25-16-171-175-113-56-31-78-145-179-92-57-52-185-119-40-196-81-90-165-106-178-14-144-62-9-148-102-49-55-129-120-2-101-1-97-152-124-94-63-79-80-176-137-23-186-89-183-143"
108,72179,100,23701,95880,1,"179-196-81-40-119-90-165-185-106-178-3-14-144-62-9-148-102-49-52-55-57-92-129-152-97-1-101-100-53-180-154-135-70-127-123-162-149-131-65-116-43-184-35-84-112-4-190-10-177-30-54-48-160-34-146-22-18-108-69-159-181-42-5-41-193-139-68-46-115-59-118-51-151-133-176-0-143-183-89-23-137-80-79-63-94-26-86-75-2-120-44-25-16-171-175-113-56-31-78-145"
109,72712,100,25041,97753,3,"177-54-48-34-160-181-42-43-116-41-193-159-146-22-18-108-69-139-68-46-115-118-59-65-131-149-151-51-0-117-143-183-89-186-23-137-176-80-79-63-94-124-152-97-1-101-2-120-129-55-49-102-148-9-62-144-14-178-106-165-90-81-196-40-119-185-52-57-92-179-145-78-31-56-113-175-171-16-25-44-75-86-26-100-53-154-180-70-135-133-162-123-127-112-4-84-35-184-190-10"
110,72674,100,23389,96063,2,"121-100-26-86-75-44-25-16-171-175-113-56-31-78-145-179-92-57-129-120-2-101-1-97-152-94-124-148-102-49-178-106-52-55-185-119-40-196-81-90-165-138-14-144-62-9-15-186-89-183-23-137-176-80-151-162-127-123-149-131-65-116-43-184-84-112-4-190-10-177-54-48-160-34-146-22-18-108-69-159-181-42-5-41-193-139-68-46-115-59-118-51-133-79-63-180-135-70-154-53"
111,71773,100,24102,95875,1,"160-48-54-177-10-190-4-112-84-35-184-42-43-116-65-131-149-123-127-162-151-133-135-70-180-154-53-100-26-86-75-44-25-16-171-175-113-56-31-78-145-179-92-57-52-185-119-40-196-81-90-165-106-178-14-144-62-9-148-102-49-55-129-120-2-101-1-97-152-124-94-63-79-80-176-137-23-186-89-183-143-117-0-51-59-118-115-46-68-139-41-193-159-69-108-18-22-146-181-34"
112,72639,100,24161,96800,2,"2-75-86-26-94-63-79-80-137-23-89-183-143-0-176-133-151-51-118-59-115-46-68-139-193-41-5-42-181-159-69-108-18-22-146-34-160-48-54-30-177-10-190-4-112-84-35-184-43-116-65-131-149-162-123-127-70-135-154-180-53-100-101-1-97-152-129-55-49-102-148-9-62-144-14-3-178-106-165-90-81-196-40-119-185-52-57-92-179-145-78-31-56-113-175-171-16-25-44-120"
113,72475,100,24804,97279,2,"190-4-112-84-35-184-43-65-131-149-123-127-162-151-133-135-70-180-154-53-100-26-86-75-44-25-16-171-175-113-56-31-78-145-179-92-57-52-185-119-40-196-81-90-165-106-178-14-144-62-9-148-102-49-55-129-120-2-101-1-97-152-124-94-63-79-80-176-137-23-186-89-183-143-117-0-51-59-118-115-46-68-139-69-108-18-22-146-159-193-41-116-42-181-160-34-48-54-177-10"
114,73918,100,24318,98236,2,"85-31-145-78-179-92-57-52-185-119-40-196-81-90-165-106-178-3-14-144-62-9-148-102-49-55-129-152-97-1-101-100-53-180-154-135-70-127-123-162-149-131-65-116-43-184-35-84-112-4-190-10-177-30-54-48-160-34-146-22-18-108-69-159-181-42-5-41-193-139-68-46-115-59-118-51-151-133-176-143-183-89-23-137-80-79-63-94-26-86-75-2-120-44-25-16-171-175-113-56"
115,72561,100,24404,96965,2,"72-51-0-117-143-183-89-186-23-137-176-80-79-63-94-124-152-97-1-101-2-120-129-55-49-102-148-9-62-144-14-178-106-165-90-81-196-40-119-185-52-57-92-179-145-78-31-56-113-175-171-16-25-44-75-86-26-100-53-154-180-70-135-133-151-162-127-123-149-131-65-116-43-184-84-112-190-10-177-54-48-160-34-146-22-18-108-69-159-181-42-5-41-193-139-68-46-115-118-59"
116,72747,100,23227,95974,2,"39-27-90-81-196-40-119-185-179-145-78-31-56-113-175-171-16-25-44-120-2-75-86-26-94-63-79-80-137-23-89-183-176-133-151-51-118-59-115-46-68-139-193-41-5-42-181-159-69-108-18-22-146-34-160-48-54-30-177-10-190-4-112-84-35-184-43-116-65-131-149-162-123-127-70-135-154-180-53-100-101-1-97-152-129-92-57-55-52-106-178-49-102-148-9-62-144-14-138-165"
117,71488,100,23578,95066,1,"143-183-89-186-23-137-176-80-79-63-94-124-152-97-1-101-2-120-129-55-49-102-148-9-62-144-14-178-106-165-90-81-196-40-119-185-52-57-92-179-145-78-31-56-113-175-171-16-25-44-75-86-26-100-53-154-180-135-70-127-123-162-133-151-51-118-59-65-116-43-184-35-84-112-4-190-10-177-30-54-48-160-34-146-22-18-108-69-159-181-42-5-115-41-193-139-68-46-0-117"
118,72081,100,24305,96386,2,"139-68-46-115-118-59-51-0-117-143-183-89-186-23-137-176-80-79-63-94-124-152-97-1-101-2-120-129-55-49-102-148-9-62-144-14-178-106-165-90-81-196-40-119-185-52-57-92-179-145-78-31-56-113-175-171-16-25-44-75-86-26-100-53-154-180-70-135-133-151-162-127-123-149-131-65-116-43-184-84-112-4-190-10-177-54-48-160-34-146-22-18-108-69-159-181-42-5-41-193"
119,72022,100,24246,96268,2,"51-118-59-115-46-68-139-193-41-5-42-181-159-69-108-18-22-146-34-160-48-54-177-10-190-4-112-84-184-43-116-65-131-149-123-127-162-151-133-135-70-180-154-53-100-26-86-75-44-25-16-171-175-113-56-31-78-145-179-92-57-52-185-119-40-196-81-90-165-106-178-14-144-62-9-148-102-49-55-129-120-2-101-1-97-152-124-94-63-79-80-176-137-23-186-89-183-143-117-0"
120,73152,100,24408,97560,2,"142-139-68-46-115-118-59-51-0-117-143-183-89-186-23-137-176-80-79-63-94-124-152-97-1-101-2-120-129-55-49-102-148-9-62-144-14-178-106-165-90-81-196-40-119-185-52-57-92-179-145-78-31-56-113-175-171-16-25-44-75-86-26-100-53-154-180-70-135-133-151-162-127-123-149-131-65-116-43-184-84-112-190-10-177-54-48-160-34-146-22-18-108-69-159-181-42-5-41-193"
121,73061,100,24329,97390,2,"6-154-53-100-26-86-75-44-25-16-171-175-113-56-31-78-145-179-92-57-52-185-119-40-196-81-90-165-106-178-14-144-62-9-148-102-49-55-129-120-2-101-1-97-152-124-94-63-79-80-176-137-23-186-89-183-143-117-0-51-118-59-115-46-68-139-193-41-5-42-181-159-69-108-18-22-146-34-160-48-54-177-10-190-112-84-184-43-116-65-131-149-123-127-162-151-133-180-70-135"
122,72129,100,24353,96482,2,"68-46-115-118-59-51-0-117-143-183-89-186-23-137-176-80-79-63-94-124-152-97-1-101-2-120-129-55-49-102-148-9-62-144-14-178-106-165-90-81-196-40-119-185-52-57-92-179-145-78-31-56-113-175-171-16-25-44-75-86-26-100-53-154-180-70-135-133-151-162-127-123-149-131-65-116-43-184-84-112-4-190-10-177-54-48-160-34-146-22-18-108-69-159-181-42-5-193-41-139"
123,72530,100,24318,96848,1,"186-89-183-143-117-0-176-80-151-162-127-123-149-131-65-116-43-184-84-190-10-177-54-48-160-34-146-22-18-108-69-159-181-42-5-41-193-139-68-46-115-59-118-51-133-79-63-180-135-70-154-53-100-26-86-75-44-25-16-171-175-113-56-31-78-145-179-92-57-129-120-2-101-1-97-152-94-124-148-102-49-178-106-52-55-185-119-40-196-81-90-165-138-14-144-62-9-15-137-23"
124,72238,100,23760,95998,2,"3-14-144-62-9-148-102-49-178-106-52-55-57-92-129-152-97-1-101-100-53-180-154-135-70-127-123-162-149-131-65-116-43-184-35-84-112-4-190-10-177-30-54-48-160-34-146-22-18-108-69-159-181-42-5-41-193-139-68-46-115-59-118-51-151-133-176-0-143-183-89-23-137-80-79-63-94-26-86-75-2-120-44-25-16-171-175-113-56-31-78-145-179-185-119-40-196-81-90-165"
125,73238,100,23922,97160,2,"98-56-113-175-171-16-31-78-145-25-44-120-2-75-86-26-94-63-79-80-137-23-89-183-143-0-176-133-151-51-118-59-115-46-68-139-193-41-5-42-181-159-69-108-18-22-146-34-160-48-54-30-177-10-190-4-112-84-35-184-43-116-65-131-149-162-123-127-70-135-154-180-53-100-101-1-97-152-129-92-57-55-52-49-102-148-9-62-144-14-3-178-106-185-165-119-40-90-81-196"
126,71773,100,24102,95875,2,"34-181-146-22-18-108-69-159-193-41-139-68-46-115-118-59-51-0-117-143-183-89-186-23-137-176-80-79-63-94-124-152-97-1-101-2-120-129-55-49-102-148-9-62-144-14-178-106-165-90-81-196-40-119-185-52-57-92-179-145-78-31-56-113-175-171-16-25-44-75-86-26-100-53-154-180-70-135-133-151-162-127-123-149-131-65-116-43-42-184-35-84-112-4-190-10-177-54-48-160"
127,71948,100,23548,95496,2,"14-144-62-9-148-102-49-178-106-52-55-57-92-129-152-97-1-101-100-53-180-154-135-70-127-123-162-149-131-65-116-43-184-35-84-112-4-190-10-177-30-54-48-160-34-146-22-18-108-69-159-181-42-5-41-193-139-68-46-115-59-118-51-151-133-176-0-143-183-89-23-137-80-79-63-94-26-86-75-2-120-44-25-16-171-175-113-56-31-78-145-179-185-119-40-196-81-90-165-138"
128,73850,100,23191,97041,2,"107-27-39-165-138-14-144-62-9-148-102-49-178-106-52-55-57-92-129-152-97-1-101-100-53-180-154-135-70-127-123-162-149-131-65-116-43-184-35-84-112-4-190-10-177-30-54-48-160-34-146-22-18-108-69-159-181-42-5-41-193-139-68-46-115-59-118-51-151-133-176-183-89-137-80-79-63-94-26-86-75-2-120-44-25-16-171-175-113-56-31-78-145-179-185-119-40-196-81-90"
129,72835,100,24148,96983,1,"182-121-100-26-86-75-44-25-16-171-175-113-56-31-78-145-179-92-57-52-185-119-40-196-81-90-165-106-178-14-144-62-9-148-102-49-55-129-120-2-101-1-97-152-124-94-63-79-80-176-137-23-186-89-183-143-117-0-51-118-59-115-46-68-139-193-41-5-42-181-159-69-108-18-22-146-34-160-48-54-177-10-190-84-184-43-116-65-131-149-123-127-162-151-133-180-135-70-154-53"
130,72858,100,23770,96628,2,"157-196-81-90-40-119-165-185-106-178-3-14-144-62-9-148-102-49-52-55-179-145-78-92-57-129-152-97-1-101-100-53-180-154-135-70-127-123-162-149-131-65-116-43-184-35-84-112-4-190-10-177-30-54-48-160-34-146-22-18-108-69-159-181-42-5-41-193-139-68-46-115-59-118-51-151-133-176-143-183-89-23-137-80-79-63-94-26-86-75-2-120-44-25-16-171-175-113-56-31"
131,72129,100,24353,96482,2,"68-46-115-118-59-51-0-117-143-183-89-186-23-137-176-80-79-63-94-124-152-97-1-101-2-120-129-55-49-102-148-9-62-144-14-178-106-165-90-81-196-40-119-185-52-57-92-179-145-78-31-56-113-175-171-16-25-44-75-86-26-100-53-154-180-70-135-133-151-162-127-123-149-131-65-116-43-184-84-112-4-190-10-177-54-48-160-34-146-22-18-108-69-159-181-42-5-193-41-139"
132,73679,100,24065,97744,2,"123-162-149-131-65-116-43-184-35-84-112-4-190-10-177-30-54-48-160-34-146-22-18-108-69-159-181-42-5-41-193-139-68-46-115-59-118-51-151-133-176-183-89-23-137-80-79-63-94-124-152-97-1-101-2-120-129-55-49-102-148-9-62-144-14-3-178-106-165-90-81-196-40-119-185-52-57-92-179-145-78-31-56-113-175-171-16-25-44-75-86-26-100-121-180-53-154-135-70-127"
133,71948,100,23548,95496,2,"81-196-40-119-185-179-145-78-31-56-113-175-171-16-25-44-120-2-75-86-26-94-63-79-80-137-23-89-183-143-0-176-133-151-51-118-59-115-46-68-139-193-41-5-42-181-159-69-108-18-22-146-34-160-48-54-30-177-10-190-4-112-84-35-184-43-116-65-131-149-162-123-127-70-135-154-180-53-100-101-1-97-152-129-92-57-55-52-106-178-49-102-148-9-62-144-14-138-165-90"
134,71948,100,23548,95496,2,"106-52-55-57-92-129-152-97-1-101-100-53-180-154-135-70-127-123-162-149-131-65-116-43-184-35-84-112-4-190-10-177-30-54-48-160-34-146-22-18-108-69-159-181-42-5-41-193-139-68-46-115-59-118-51-151-133-176-0-143-183-89-23-137-80-79-63-94-26-86-75-2-120-44-25-16-171-175-113-56-31-78-145-179-185-119-40-196-81-90-165-138-14-144-62-9-148-102-49-178"
135,72535,100,24864,97399,2,"184-43-65-131-149-123-127-162-151-133-135-70-180-154-53-100-26-86-75-44-25-16-171-175-113-56-31-78-145-179-92-57-52-185-119-40-196-81-90-165-106-178-14-144-62-9-148-102-49-55-129-120-2-101-1-97-152-124-94-63-79-80-176-137-23-186-89-183-143-117-0-51-59-118-115-46-68-139-193-41-116-42-181-159-69-108-18-22-146-34-160-48-54-177-10-190-4-112-84-35"
136,73152,100,24408,97560,1,"142-139-68-46-115-118-59-51-0-117-143-183-89-186-23-137-176-80-79-63-94-124-152-97-1-101-2-120-129-55-49-102-148-9-62-144-14-178-106-165-90-81-196-40-119-185-52-57-92-179-145-78-31-56-113-175-171-16-25-44-75-86-26-100-53-154-180-70-135-133-151-162-127-123-149-131-65-116-43-184-84-112-190-10-177-54-48-160-34-146-22-18-108-69-159-181-42-5-41-193"
137,73674,100,23543,97217,2,"125-1-101-2-120-129-57-92-179-145-78-31-56-113-175-171-16-25-44-75-86-53-154-70-135-180-63-79-133-51-118-59-115-46-68-139-193-41-5-42-181-159-69-108-18-22-146-34-160-48-54-177-10-190-4-112-84-184-43-116-65-131-149-123-127-162-151-80-176-137-23-183-89-186-15-9-62-144-14-138-165-90-81-196-40-119-185-55-52-106-178-49-102-148-124-94-100-26-97-152"
138,72845,100,24799,97644,2,"77-43-184-84-112-4-190-10-177-54-48-160-34-146-22-18-108-69-159-181-42-116-41-193-139-68-46-115-118-59-51-0-117-143-183-89-186-23-137-176-80-79-63-94-124-152-97-1-101-2-120-129-55-49-102-148-9-62-144-14-178-106-165-90-81-196-40-119-185-52-57-92-179-145-78-31-56-113-175-171-16-25-44-75-86-26-100-53-154-180-70-135-133-151-162-127-123-149-131-65"
139,71773,100,24102,95875,3,"34-181-146-22-18-108-69-159-193-41-139-68-46-115-118-59-51-0-117-143-183-89-186-23-137-176-80-79-63-94-124-152-97-1-101-2-120-129-55-49-102-148-9-62-144-14-178-106-165-90-81-196-40-119-185-52-57-92-179-145-78-31-56-113-175-171-16-25-44-75-86-26-100-53-154-180-70-135-133-151-162-127-123-149-131-65-116-43-42-184-35-84-112-4-190-10-177-54-48-160"
140,73023,100,23462,96485,1,"12-148-102-49-178-106-52-55-185-119-40-196-81-90-165-138-14-144-62-9-15-186-89-183-23-137-176-80-151-162-127-123-149-131-65-116-43-184-84-112-4-190-10-177-54-48-160-34-146-22-18-108-69-159-181-42-5-41-193-139-68-46-115-59-118-51-133-79-63-180-135-70-154-53-100-26-86-75-44-25-16-171-175-113-56-31-78-145-179-92-57-129-120-2-101-1-97-152-94-124"
141,73613,100,23917,97530,2,"132-14-138-165-90-81-196-40-119-185-179-145-78-31-56-113-175-171-16-25-44-120-2-75-86-26-94-63-79-80-137-23-89-183-143-176-133-151-51-118-59-115-46-68-139-193-41-5-42-181-159-69-108-18-22-146-34-160-48-54-30-177-10-190-4-112-84-35-184-43-116-65-131-149-162-123-127-70-135-154-180-53-100-101-1-97-152-129-92-57-55-52-106-178-49-102-148-9-62-144"
142,72752,100,23585,96337,2,"97-26-100-94-124-148-102-49-178-106-52-55-185-119-40-196-81-90-165-138-14-144-62-9-15-186-89-183-23-137-176-80-151-162-127-123-149-131-65-116-43-184-35-84-112-4-190-10-177-54-48-160-34-146-22-18-108-69-159-181-42-5-41-193-139-68-46-115-59-118-51-133-79-63-180-135-70-154-53-86-75-44-25-16-171-175-113-56-31-78-145-179-92-57-129-120-2-101-1-152"
143,72507,100,24123,96630,2,"192-181-146-22-18-108-69-159-193-41-139-68-46-115-118-59-51-0-117-143-183-89-186-23-137-176-80-79-63-94-124-152-97-1-101-2-120-129-55-49-102-148-9-62-144-14-178-106-165-90-81-196-40-119-185-52-57-92-179-145-78-31-56-113-175-171-16-25-44-75-86-26-100-53-154-180-70-135-133-151-162-127-123-149-131-65-116-43-42-184-84-112-4-190-10-177-54-48-160-34"
144,72639,100,24161,96800,2,"129-55-49-102-148-9-62-144-14-3-178-106-165-90-81-196-40-119-185-52-57-92-179-145-78-31-56-113-175-171-16-25-44-120-2-75-86-26-94-63-79-80-137-23-89-183-143-0-176-133-151-51-118-59-115-46-68-139-193-41-5-42-181-159-69-108-18-22-146-34-160-48-54-30-177-10-190-4-112-84-35-184-43-116-65-131-149-162-123-127-70-135-154-180-53-100-101-1-97-152"
145,73475,100,23576,97051,2,"61-144-14-138-165-90-81-196-40-119-185-179-145-78-31-56-113-175-171-16-25-44-120-2-75-86-26-94-63-79-80-137-23-89-183-143-176-133-151-51-118-59-115-46-68-139-193-41-5-42-181-159-69-108-18-22-146-34-160-48-54-30-177-10-190-4-112-84-35-184-43-116-65-131-149-162-123-127-70-135-154-180-53-100-101-1-97-152-129-92-57-55-52-106-178-49-102-148-62-9"
146,72713,100,23546,96259,2,"124-152-97-1-101-2-120-129-57-92-179-145-78-31-56-113-175-171-16-25-44-75-86-26-100-53-154-70-135-180-63-79-133-51-118-59-115-46-68-139-193-41-5-42-181-159-69-108-18-22-146-34-160-48-54-177-10-190-4-112-84-35-184-43-116-65-131-149-123-127-162-151-80-176-137-23-183-89-186-15-9-62-144-14-138-165-90-81-196-40-119-185-55-52-106-178-49-102-148-94"
147,71948,100,23548,95496,1,"178-49-102-148-9-62-144-14-138-165-90-81-196-40-119-185-179-145-78-31-56-113-175-171-16-25-44-120-2-75-86-26-94-63-79-80-137-23-89-183-143-0-176-133-151-51-118-59-115-46-68-139-193-41-5-42-181-159-69-108-18-22-146-34-160-48-54-30-177-10-190-4-112-84-35-184-43-116-65-131-149-162-123-127-70-135-154-180-53-100-101-1-97-152-129-92-57-55-52-106"
148,73436,100,24039,97475,2,"128-167-148-9-62-102-144-14-49-178-106-165-90-81-196-40-119-185-52-55-57-179-145-78-31-56-113-175-171-16-25-44-120-2-75-86-26-94-63-79-80-137-23-89-183-143-176-133-151-51-118-59-115-46-68-139-193-41-5-42-181-159-69-108-18-22-146-34-160-48-54-30-177-10-190-4-112-84-35-184-43-116-65-131-149-162-123-127-70-135-154-180-53-100-101-1-97-152-129-92"
149,72507,100,24123,96630,2,"192-181-146-22-18-108-69-159-193-41-139-68-46-115-118-59-51-0-117-143-183-89-186-23-137-176-80-79-63-94-124-152-97-1-101-2-120-129-55-49-102-148-9-62-144-14-178-106-165-90-81-196-40-119-185-52-57-92-179-145-78-31-56-113-175-171-16-25-44-75-86-26-100-53-154-180-70-135-133-151-162-127-123-149-131-65-116-43-42-184-84-112-4-190-10-177-54-48-160-34"
150,71948,100,23548,95496,2,"102-148-9-62-144-14-138-165-90-81-196-40-119-185-179-145-78-31-56-113-175-171-16-25-44-120-2-75-86-26-94-63-79-80-137-23-89-183-143-0-176-133-151-51-118-59-115-46-68-139-193-41-5-42-181-159-69-108-18-22-146-34-160-48-54-30-177-10-190-4-112-84-35-184-43-116-65-131-149-162-123-127-70-135-154-180-53-100-101-1-97-152-129-92-57-55-52-106-178-49"
151,72894,100,24416,97310,2,"75-44-25-16-171-175-113-56-31-78-145-179-92-57-52-185-119-40-196-81-90-165-106-178-3-14-144-62-9-148-102-49-55-129-120-2-1-152-97-101-100-53-180-154-135-70-127-123-162-149-131-65-116-43-184-35-84-112-4-190-10-177-30-54-48-160-34-146-22-18-108-69-159-181-42-5-41-193-139-68-46-115-59-118-51-151-133-176-0-143-183-89-23-137-80-79-63-94-26-86"
152,73373,100,22852,96225,2,"164-27-90-81-196-40-119-185-179-145-78-31-56-113-175-171-16-25-44-120-2-75-86-26-94-63-79-80-137-176-133-151-51-118-59-115-46-68-139-193-41-5-42-181-159-69-108-18-22-146-34-160-48-54-30-177-10-190-4-112-84-35-184-43-116-65-131-149-162-123-127-70-135-154-180-53-100-101-1-97-152-129-92-57-55-52-106-178-49-102-148-9-62-144-14-138-165-39-95-7"
153,71948,100,23548,95496,1,"106-52-55-57-92-129-152-97-1-101-100-53-180-154-135-70-127-123-162-149-131-65-116-43-184-35-84-112-4-190-10-177-30-54-48-160-34-146-22-18-108-69-159-181-42-5-41-193-139-68-46-115-59-118-51-151-133-176-0-143-183-89-23-137-80-79-63-94-26-86-75-2-120-44-25-16-171-175-113-56-31-78-145-179-185-119-40-196-81-90-165-138-14-144-62-9-148-102-49-178"
154,72839,100,23546,96385,2,"8-165-90-81-196-40-119-185-179-145-78-31-56-113-175-171-16-25-44-120-2-75-86-26-94-63-79-80-137-23-89-183-143-176-133-151-51-118-59-115-46-68-139-193-41-5-42-181-159-69-108-18-22-146-34-160-48-54-30-177-10-190-4-112-84-35-184-43-116-65-131-149-162-123-127-70-135-154-180-53-100-101-1-97-152-129-92-57-55-52-106-178-49-102-148-9-62-144-14-138"
155,73320,100,23384,96704,2,"64-144-14-138-165-90-81-196-40-119-185-179-145-78-31-56-113-175-171-16-25-44-120-2-75-86-26-94-63-79-80-137-176-133-151-51-118-59-115-46-68-139-193-41-5-42-181-159-69-108-18-22-146-34-160-48-54-177-10-190-4-112-84-184-43-116-65-131-149-162-123-127-70-135-154-180-53-100-101-1-97-152-129-92-57-55-52-106-178-49-102-62-9-148-15-186-23-89-183-114"
156,71948,100,23548,95496,2,"178-49-102-148-9-62-144-14-138-165-90-81-196-40-119-185-179-145-78-31-56-113-175-171-16-25-44-120-2-75-86-26-94-63-79-80-137-23-89-183-143-0-176-133-151-51-118-59-115-46-68-139-193-41-5-42-181-159-69-108-18-22-146-34-160-48-54-30-177-10-190-4-112-84-35-184-43-116-65-131-149-162-123-127-70-135-154-180-53-100-101-1-97-152-129-92-57-55-52-106"
157,72081,100,24305,96386,2,"139-68-46-115-118-59-51-0-117-143-183-89-186-23-137-176-80-79-63-94-124-152-97-1-101-2-120-129-55-49-102-148-9-62-144-14-178-106-165-90-81-196-40-119-185-52-57-92-179-145-78-31-56-113-175-171-16-25-44-75-86-26-100-53-154-180-70-135-133-151-162-127-123-149-131-65-116-43-184-84-112-4-190-10-177-54-48-160-34-146-22-18-108-69-159-181-42-5-41-193"
158,72081,100,24305,96386,1,"118-115-46-68-139-193-41-5-42-181-159-69-108-18-22-146-34-160-48-54-177-10-190-4-112-84-184-43-116-65-131-149-123-127-162-151-133-135-70-180-154-53-100-26-86-75-44-25-16-171-175-113-56-31-78-145-179-92-57-52-185-119-40-196-81-90-165-106-178-14-144-62-9-148-102-49-55-129-120-2-101-1-97-152-124-94-63-79-80-176-137-23-186-89-183-143-117-0-51-59"
159,71948,100,23548,95496,2,"144-14-138-165-90-81-196-40-119-185-179-145-78-31-56-113-175-171-16-25-44-120-2-75-86-26-94-63-79-80-137-23-89-183-143-0-176-133-151-51-118-59-115-46-68-139-193-41-5-42-181-159-69-108-18-22-146-34-160-48-54-30-177-10-190-4-112-84-35-184-43-116-65-131-149-162-123-127-70-135-154-180-53-100-101-1-97-152-129-92-57-55-52-106-178-49-102-148-9-62"
160,72815,100,24337,97152,2,"56-31-145-78-179-92-57-52-185-119-40-196-81-90-165-106-178-3-14-144-62-9-148-102-49-55-129-152-97-1-101-100-53-180-154-135-70-127-123-162-149-131-65-116-43-184-35-84-112-4-190-10-177-30-54-48-160-34-146-22-18-108-69-159-181-42-5-41-193-139-68-46-115-59-118-51-151-133-176-0-143-183-89-23-137-80-79-63-94-26-86-75-2-120-44-25-16-171-175-113"
161,72602,100,23435,96037,2,"86-26-100-53-154-70-135-180-63-79-133-51-118-59-115-46-68-139-193-41-5-42-181-159-69-108-18-22-146-34-160-48-54-177-10-190-4-112-84-35-184-43-116-65-131-149-123-127-162-151-80-176-137-23-183-89-186-15-9-62-144-14-138-165-90-81-196-40-119-185-55-52-106-178-49-102-148-124-94-152-97-1-101-2-120-129-57-92-179-145-78-31-56-113-175-171-16-25-44-75"
162,71926,100,24150,96076,2,"18-22-146-159-193-41-5-42-181-34-160-48-54-177-10-190-4-112-84-184-43-116-65-131-149-123-127-162-151-133-135-70-180-154-53-100-26-86-75-44-25-16-171-175-113-56-31-78-145-179-92-57-52-185-119-40-196-81-90-165-106-178-14-144-62-9-148-102-49-55-129-120-2-101-1-97-152-124-94-63-79-80-176-137-23-186-89-183-143-117-0-51-59-118-115-46-68-139-69-108"
163,73894,100,24313,98207,1,"38-145-78-179-92-57-52-185-119-40-196-81-90-165-106-178-3-14-144-62-9-148-102-49-55-129-152-97-1-101-100-53-180-154-135-70-127-123-162-149-131-65-116-43-184-35-84-112-4-190-10-177-30-54-48-160-34-146-22-18-108-69-159-181-42-5-41-193-139-68-46-115-59-118-51-151-133-176-143-183-89-23-137-80-79-63-94-26-86-75-2-120-44-25-16-171-175-113-56-31"
164,72326,100,23848,96174,2,"52-55-49-102-148-9-62-144-14-3-178-106-165-90-81-196-40-119-185-179-145-78-31-56-113-175-171-16-25-44-120-2-75-86-26-94-63-79-80-137-23-89-183-143-0-176-133-151-51-118-59-115-46-68-139-193-41-5-42-181-159-69-108-18-22-146-34-160-48-54-30-177-10-190-4-112-84-35-184-43-116-65-131-149-162-123-127-70-135-154-180-53-100-101-1-97-152-129-92-57"
165,71987,100,23509,95496,2,"57-55-52-49-102-148-9-62-144-14-3-178-106-185-165-119-40-90-81-196-179-145-78-31-56-113-175-171-16-25-44-120-2-75-86-26-94-63-79-80-137-23-89-183-143-0-176-133-151-51-118-59-115-46-68-139-193-41-5-42-181-159-69-108-18-22-146-34-160-48-54-30-177-10-190-4-112-84-35-184-43-116-65-131-149-162-123-127-70-135-154-180-53-100-101-1-97-152-129-92"
166,72747,100,23227,95974,2,"27-39-165-138-14-144-62-9-148-102-49-178-106-52-55-57-92-129-152-97-1-101-100-53-180-154-135-70-127-123-162-149-131-65-116-43-184-35-84-112-4-190-10-177-30-54-48-160-34-146-22-18-108-69-159-181-42-5-41-193-139-68-46-115-59-118-51-151-133-176-183-89-23-137-80-79-63-94-26-86-75-2-120-44-25-16-171-175-113-56-31-78-145-179-185-119-40-196-81-90"
167,72752,100,23585,96337,2,"26-100-94-124-148-102-49-178-106-52-55-185-119-40-196-81-90-165-138-14-144-62-9-15-186-89-183-23-137-176-80-151-162-127-123-149-131-65-116-43-184-35-84-112-4-190-10-177-54-48-160-34-146-22-18-108-69-159-181-42-5-41-193-139-68-46-115-59-118-51-133-79-63-180-135-70-154-53-86-75-44-25-16-171-175-113-56-31-78-145-179-92-57-129-120-2-101-1-152-97"
168,72326,100,23848,96174,2,"52-55-49-102-148-9-62-144-14-3-178-106-165-90-81-196-40-119-185-179-145-78-31-56-113-175-171-16-25-44-120-2-75-86-26-94-63-79-80-137-23-89-183-143-0-176-133-151-51-118-59-115-46-68-139-193-41-5-42-181-159-69-108-18-22-146-34-160-48-54-30-177-10-190-4-112-84-35-184-43-116-65-131-149-162-123-127-70-135-154-180-53-100-101-1-97-152-129-92-57"
169,74197,100,24494,98691,1,"122-137-23-89-183-176-80-79-151-162-127-123-149-131-65-116-43-184-35-84-112-4-190-10-177-30-54-48-160-34-146-22-18-108-69-159-181-42-5-41-193-139-68-46-115-59-118-51-133-180-135-70-154-53-100-26-86-75-44-25-16-171-175-113-56-31-78-145-179-92-57-52-185-119-40-196-81-90-165-106-178-3-14-144-62-9-148-102-49-55-129-120-2-101-1-97-152-124-94-63"
170,73613,100,23917,97530,2,"132-14-138-165-90-81-196-40-119-185-179-145-78-31-56-113-175-171-16-25-44-120-2-75-86-26-94-63-79-80-137-23-89-183-143-176-133-151-51-118-59-115-46-68-139-193-41-5-42-181-159-69-108-18-22-146-34-160-48-54-30-177-10-190-4-112-84-35-184-43-116-65-131-149-162-123-127-70-135-154-180-53-100-101-1-97-152-129-92-57-55-52-106-178-49-102-148-9-62-144"
171,72985,100,24475,97460,2,"197-116-65-59-118-51-0-117-143-183-89-186-23-137-176-80-79-63-94-124-152-97-1-101-2-120-129-55-49-102-148-9-62-144-14-178-106-165-90-81-196-40-119-185-52-57-92-179-145-78-31-56-113-175-171-16-25-44-75-86-26-100-53-154-180-70-135-133-151-162-127-123-149-131-43-184-84-112-190-10-177-54-48-160-34-146-22-18-108-69-159-181-42-5-41-193-139-68-46-115"
172,72713,100,23546,96259,2,"124-152-97-1-101-2-120-129-57-92-179-145-78-31-56-113-175-171-16-25-44-75-86-26-100-53-154-70-135-180-63-79-133-51-118-59-115-46-68-139-193-41-5-42-181-159-69-108-18-22-146-34-160-48-54-177-10-190-4-112-84-35-184-43-116-65-131-149-123-127-162-151-80-176-137-23-183-89-186-15-9-62-144-14-138-165-90-81-196-40-119-185-55-52-106-178-49-102-148-94"
173,71926,100,24150,96076,3,"69-108-18-22-146-159-193-41-5-42-181-34-160-48-54-177-10-190-4-112-84-184-43-116-65-131-149-123-127-162-151-133-135-70-180-154-53-100-26-86-75-44-25-16-171-175-113-56-31-78-145-179-92-57-52-185-119-40-196-81-90-165-106-178-14-144-62-9-148-102-49-55-129-120-2-101-1-97-152-124-94-63-79-80-176-137-23-186-89-183-143-117-0-51-59-118-115-46-68-139"
174,72179,100,23701,95880,1,"179-196-81-40-119-90-165-185-106-178-3-14-144-62-9-148-102-49-52-55-57-92-129-152-97-1-101-100-53-180-154-135-70-127-123-162-149-131-65-116-43-184-35-84-112-4-190-10-177-30-54-48-160-34-146-22-18-108-69-159-181-42-5-41-193-139-68-46-115-59-118-51-151-133-176-0-143-183-89-23-137-80-79-63-94-26-86-75-2-120-44-25-16-171-175-113-56-31-78-145"
175,73532,100,22752,96284,2,"58-27-90-81-196-40-119-185-179-145-78-31-56-113-175-171-16-25-44-120-2-75-86-26-94-63-79-80-137-176-133-151-51-118-59-115-46-68-139-193-41-5-42-181-159-69-108-18-22-146-34-160-48-54-177-10-190-4-112-84-35-184-43-116-65-131-149-162-123-127-70-135-154-180-53-100-101-1-97-152-129-92-57-55-52-106-178-49-102-148-9-62-144-14-138-165-39-95-7-164"
176,72087,100,24311,96398,2,"180-133-151-162-127-123-149-131-65-116-43-184-84-112-4-190-10-177-54-48-160-34-146-22-18-108-69-159-181-42-5-41-193-139-68-46-115-59-118-51-0-117-143-183-89-186-23-137-176-80-79-63-94-124-152-97-1-101-2-120-129-55-49-102-148-9-62-144-14-178-106-165-90-81-196-40-119-185-52-57-92-179-145-78-31-56-113-175-171-16-25-44-75-86-26-100-53-154-70-135"
177,72815,100,24337,97152,2,"113-56-31-145-78-179-92-57-52-185-119-40-196-81-90-165-106-178-3-14-144-62-9-148-102-49-55-129-152-97-1-101-100-53-180-154-135-70-127-123-162-149-131-65-116-43-184-35-84-112-4-190-10-177-30-54-48-160-34-146-22-18-108-69-159-181-42-5-41-193-139-68-46-115-59-118-51-151-133-176-0-143-183-89-23-137-80-79-63-94-26-86-75-2-120-44-25-16-171-175"
178,71773,100,24102,95875,2,"181-146-22-18-108-69-159-193-41-139-68-46-115-118-59-51-0-117-143-183-89-186-23-137-176-80-79-63-94-124-152-97-1-101-2-120-129-55-49-102-148-9-62-144-14-178-106-165-90-81-196-40-119-185-52-57-92-179-145-78-31-56-113-175-171-16-25-44-75-86-26-100-53-154-180-70-135-133-151-162-127-123-149-131-65-116-43-42-184-35-84-112-4-190-10-177-54-48-160-34"
179,71719,100,24005,95724,2,"93-0-46-68-139-193-41-115-5-42-181-159-69-108-18-22-146-34-160-48-54-177-10-190-4-112-84-184-43-116-65-59-118-51-151-133-162-123-127-70-135-180-154-53-100-26-86-75-44-25-16-171-175-113-56-31-78-145-179-92-57-52-185-119-40-196-81-90-165-106-178-14-144-62-9-148-102-49-55-129-120-2-101-1-97-152-124-94-63-79-80-176-137-23-186-89-183-143-117-140"
180,72752,100,23585,96337,1,"26-100-94-124-148-102-49-178-106-52-55-185-119-40-196-81-90-165-138-14-144-62-9-15-186-89-183-23-137-176-80-151-162-127-123-149-131-65-116-43-184-35-84-112-4-190-10-177-54-48-160-34-146-22-18-108-69-159-181-42-5-41-193-139-68-46-115-59-118-51-133-79-63-180-135-70-154-53-86-75-44-25-16-171-175-113-56-31-78-145-179-92-57-129-120-2-101-1-152-97"
181,73532,100,22752,96284,2,"58-27-90-81-196-40-119-185-179-145-78-31-56-113-175-171-16-25-44-120-2-75-86-26-94-63-79-80-137-176-133-151-51-118-59-115-46-68-139-193-41-5-42-181-159-69-108-18-22-146-34-160-48-54-177-10-190-4-112-84-35-184-43-116-65-131-149-162-123-127-70-135-154-180-53-100-101-1-97-152-129-92-57-55-52-106-178-49-102-148-9-62-144-14-138-165-39-95-7-164"
182,73061,100,24329,97390,2,"6-154-53-100-26-86-75-44-25-16-171-175-113-56-31-78-145-179-92-57-52-185-119-40-196-81-90-165-106-178-14-144-62-9-148-102-49-55-129-120-2-101-1-97-152-124-94-63-79-80-176-137-23-186-89-183-143-117-0-51-118-59-115-46-68-139-193-41-5-42-181-159-69-108-18-22-146-34-160-48-54-177-10-190-112-84-184-43-116-65-131-149-123-127-162-151-133-180-70-135"
183,73064,100,23239,96303,2,"111-124-94-137-23-89-183-176-80-151-162-127-123-149-131-65-116-43-184-35-84-112-4-190-10-177-30-54-48-160-34-146-22-18-108-69-159-181-42-5-41-193-139-68-46-115-59-118-51-133-79-63-180-135-70-154-53-86-100-26-152-97-1-101-75-2-120-44-25-16-171-175-113-56-31-78-145-179-92-129-57-55-52-185-119-40-196-81-90-165-106-178-49-14-144-102-62-9-148-167"
184,71948,100,23548,95496,2,"144-14-138-165-90-81-196-40-119-185-179-145-78-31-56-113-175-171-16-25-44-120-2-75-86-26-94-63-79-80-137-23-89-183-143-0-176-133-151-51-118-59-115-46-68-139-193-41-5-42-181-159-69-108-18-22-146-34-160-48-54-30-177-10-190-4-112-84-35-184-43-116-65-131-149-162-123-127-70-135-154-180-53-100-101-1-97-152-129-92-57-55-52-106-178-49-102-148-9-62"
185,73918,100,24318,98236,2,"85-31-145-78-179-92-57-52-185-119-40-196-81-90-165-106-178-3-14-144-62-9-148-102-49-55-129-152-97-1-101-100-53-180-154-135-70-127-123-162-149-131-65-116-43-184-35-84-112-4-190-10-177-30-54-48-160-34-146-22-18-108-69-159-181-42-5-41-193-139-68-46-115-59-118-51-151-133-176-143-183-89-23-137-80-79-63-94-26-86-75-2-120-44-25-16-171-175-113-56"
186,71951,100,24175,96126,1,"133-162-123-127-70-135-180-154-53-100-26-86-75-44-25-16-171-175-113-56-31-78-145-179-92-57-52-185-119-40-196-81-90-165-106-178-14-144-62-9-148-102-49-55-129-120-2-101-1-97-152-124-94-63-79-80-176-137-23-186-89-183-143-117-0-51-118-59-115-46-68-139-193-41-5-42-181-159-69-108-18-22-146-34-160-48-54-177-10-190-4-112-84-184-43-116-65-131-149-151"
187,74410,100,24435,98845,2,"188-31-145-78-179-92-57-52-185-119-40-196-81-90-165-106-178-3-14-144-62-9-148-102-49-55-129-152-97-1-101-100-53-180-154-135-70-127-123-162-149-131-65-116-43-184-35-84-112-4-190-10-177-30-54-48-160-34-146-22-18-108-69-159-181-42-5-41-193-139-68-46-115-59-118-51-151-133-176-143-183-89-23-137-80-79-63-94-26-86-75-2-120-44-25-16-171-175-113-56"
188,72087,100,24311,96398,2,"70-154-53-100-26-86-75-44-25-16-171-175-113-56-31-78-145-179-92-57-52-185-119-40-196-81-90-165-106-178-14-144-62-9-148-102-49-55-129-120-2-101-1-97-152-124-94-63-79-80-176-137-23-186-89-183-143-117-0-51-118-59-115-46-68-139-193-41-5-42-181-159-69-108-18-22-146-34-160-48-54-177-10-190-4-112-84-184-43-116-65-131-149-123-127-162-151-133-180-135"
189,71719,100,24005,95724,2,"140-117-143-183-89-186-23-137-176-80-79-63-94-124-152-97-1-101-2-120-129-55-49-102-148-9-62-144-14-178-106-165-90-81-196-40-119-185-52-57-92-179-145-78-31-56-113-175-171-16-25-44-75-86-26-100-53-154-180-135-70-127-123-162-133-151-51-118-59-65-116-43-184-84-112-4-190-10-177-54-48-160-34-146-22-18-108-69-159-181-42-5-115-41-193-139-68-46-0-93"
190,72360,100,24332,96692,2,"158-154-70-135-180-133-151-162-127-123-149-131-65-116-43-184-84-112-190-10-177-54-48-160-34-146-22-18-108-69-159-181-42-5-41-193-139-68-46-115-59-118-51-0-117-143-183-89-186-23-137-176-80-79-63-94-124-152-97-1-101-2-120-129-55-49-102-148-9-62-144-14-178-106-165-90-81-196-40-119-185-52-57-92-179-145-78-31-56-113-175-171-16-25-44-75-86-26-100-53"
191,71958,100,24060,96018,2,"103-34-181-160-48-54-177-10-190-4-112-84-184-42-43-116-65-131-149-123-127-162-151-133-135-70-180-154-53-100-26-86-75-44-25-16-171-175-113-56-31-78-145-179-92-57-52-185-119-40-196-81-90-165-106-178-14-144-62-9-148-102-49-55-129-120-2-101-1-97-152-124-94-63-79-80-176-137-23-186-89-183-143-117-0-51-59-118-115-46-68-139-41-193-159-69-108-18-22-146"
192,73131,100,23642,96773,2,"32-14-144-62-9-148-102-49-178-106-52-55-57-92-129-152-97-1-101-100-53-180-154-135-70-127-123-162-149-131-65-116-43-184-35-84-112-4-190-10-177-30-54-48-160-34-146-22-18-108-69-159-181-42-5-41-193-139-68-46-115-59-118-51-151-133-176-143-183-89-23-137-80-79-63-94-26-86-75-2-120-44-25-16-171-175-113-56-31-78-145-179-185-119-40-196-81-90-165-138"
193,71926,100,24150,96076,1,"18-22-146-159-193-41-5-42-181-34-160-48-54-177-10-190-4-112-84-184-43-116-65-131-149-123-127-162-151-133-135-70-180-154-53-100-26-86-75-44-25-16-171-175-113-56-31-78-145-179-92-57-52-185-119-40-196-81-90-165-106-178-14-144-62-9-148-102-49-55-129-120-2-101-1-97-152-124-94-63-79-80-176-137-23-186-89-183-143-117-0-51-59-118-115-46-68-139-69-108"
194,73257,100,23498,96755,2,"33-102-49-178-106-52-55-57-92-129-152-97-1-101-100-53-180-154-135-70-127-123-162-149-131-65-116-43-184-35-84-112-4-190-10-177-30-54-48-160-34-146-22-18-108-69-159-181-42-5-41-193-139-68-46-115-59-118-51-151-133-176-143-183-89-23-137-80-79-63-94-26-86-75-2-120-44-25-16-171-175-113-56-31-78-145-179-185-119-40-196-81-90-165-138-14-144-62-9-148"
195,72475,100,24804,97279,2,"10-190-4-112-84-35-184-43-65-131-149-123-127-162-151-133-135-70-180-154-53-100-26-86-75-44-25-16-171-175-113-56-31-78-145-179-92-57-52-185-119-40-196-81-90-165-106-178-14-144-62-9-148-102-49-55-129-120-2-101-1-97-152-124-94-63-79-80-176-137-23-186-89-183-143-117-0-51-59-118-115-46-68-139-69-108-18-22-146-159-193-41-116-42-181-160-34-48-54-177"
196,72813,100,23396,96209,2,"189-152-97-1-101-2-120-129-57-92-179-145-78-31-56-113-175-171-16-25-44-75-86-26-100-53-154-70-135-180-63-79-133-51-118-59-115-46-68-139-193-41-5-42-181-159-69-108-18-22-146-34-160-48-54-177-10-190-4-112-84-184-43-116-65-131-149-123-127-162-151-80-176-137-23-183-89-186-15-9-62-144-14-138-165-90-81-196-40-119-185-55-52-106-178-49-102-148-124-94"
197,73249,100,23629,96878,2,"174-119-40-185-179-145-78-31-56-113-175-171-16-25-44-120-2-75-86-26-94-63-79-80-137-23-89-183-143-176-133-151-51-118-59-115-46-68-139-193-41-5-42-181-159-69-108-18-22-146-34-160-48-54-30-177-10-190-4-112-84-35-184-43-116-65-131-149-162-123-127-70-135-154-180-53-100-101-1-97-152-129-92-57-55-52-106-178-49-102-148-9-62-144-14-138-165-90-81-196"
198,73649,100,23166,96815,2,"17-196-81-90-40-119-165-185-106-178-3-14-144-62-9-148-102-49-52-55-57-179-145-78-92-129-152-97-1-101-100-53-180-154-135-70-127-123-162-149-131-65-116-43-184-35-84-112-4-190-10-177-30-54-48-160-34-146-22-18-108-69-159-181-42-5-41-193-139-68-46-115-59-118-51-151-133-176-183-89-23-137-80-79-63-94-26-86-75-2-120-44-25-16-171-175-113-56-31-157"
199,73029,100,24354,97383,1,"173-135-70-154-53-100-26-86-75-44-25-16-171-175-113-56-31-78-145-179-92-57-52-185-119-40-196-81-90-165-106-178-14-144-62-9-148-102-49-55-129-120-2-101-1-97-152-124-94-63-79-80-176-137-23-186-89-183-143-117-0-51-118-59-115-46-68-139-193-41-5-42-181-159-69-108-18-22-146-34-160-48-54-177-10-190-112-84-184-43-116-65-131-149-123-127-162-151-133-180"
200,72712,100,25041,97753,2,"54-48-34-160-181-42-43-116-41-193-159-146-22-18-108-69-139-68-46-115-118-59-65-131-149-151-51-0-117-143-183-89-186-23-137-176-80-79-63-94-124-152-97-1-101-2-120-129-55-49-102-148-9-62-144-14-178-106-165-90-81-196-40-119-185-52-57-92-179-145-78-31-56-113-175-171-16-25-44-75-86-26-100-53-154-180-70-135-133-162-123-127-112-4-84-35-184-190-10-177"
