SolutionID,TotalCost,NumNodes,TotalDistance,ObjectiveFunction,Cycle
1,265930,100,160845,426775,"156-158-51-24-131-76-174-64-194-52-45-68-2-160-161-66-195-112-21-198-96-98-136-50-84-97-113-114-153-5-176-120-138-142-162-148-34-6-189-118-130-27-171-55-85-167-25-4-190-32-54-164-185-75-177-44-182-3-36-197-123-183-165-107-67-31-78-135-62-105-151-110-28-140-188-71-17-38-104-83-80-42-163-159-199-149-79-46-81-147-100-168-121-172-29-102-12-77-61-87"
2,245498,100,154438,399936,"10-172-153-133-179-80-143-75-127-129-115-34-114-48-31-104-68-110-0-81-3-7-130-6-175-79-105-44-65-136-198-148-32-193-67-109-18-169-27-164-59-112-123-163-191-165-151-144-176-140-173-139-171-113-86-159-154-40-188-119-94-97-74-147-156-82-11-38-42-135-70-87-106-39-184-190-33-180-168-170-35-174-161-126-199-26-66-146-62-128-83-186-72-141-92-57-167-14-122-118"
3,260189,100,164445,424634,"63-119-69-59-128-93-109-127-118-107-77-195-99-60-134-78-105-84-114-80-183-140-51-135-3-81-156-164-103-131-142-143-32-110-10-136-171-150-163-68-120-160-125-146-42-188-121-124-94-12-83-70-37-64-53-46-108-144-197-79-130-28-174-7-9-71-152-43-139-22-14-66-88-147-74-153-179-57-123-1-90-162-176-25-26-175-173-31-177-75-169-189-133-198-149-73-161-35-181-190"
4,275776,100,170092,445868,"12-54-43-70-169-15-121-10-56-168-131-25-142-113-174-132-49-167-66-199-89-20-128-76-148-97-51-45-88-126-93-33-185-143-73-150-155-192-28-191-102-58-114-74-166-81-130-151-178-19-96-134-107-193-161-187-197-95-35-46-80-31-158-118-108-159-94-181-41-67-3-138-160-52-170-198-164-21-153-68-162-8-117-119-152-24-157-103-172-92-179-11-65-171-82-123-7-137-125-109"
5,255031,100,157142,412173,"190-196-2-153-86-187-40-138-147-18-168-74-44-181-132-39-195-83-41-32-126-75-115-116-118-111-19-3-68-162-175-31-81-66-99-71-174-14-191-109-157-36-158-161-159-45-65-43-77-155-38-21-11-54-85-57-98-25-144-8-106-10-143-67-149-124-16-120-154-177-165-0-197-169-58-160-72-131-80-139-128-134-50-84-130-173-140-59-79-60-127-103-192-26-171-90-49-137-1-5"
6,264619,100,166610,431229,"47-190-163-143-29-193-78-20-157-132-55-130-133-152-48-111-165-127-108-35-68-19-66-166-15-72-185-23-104-39-102-178-164-2-54-8-91-3-131-61-50-38-37-67-126-25-59-27-53-161-148-140-49-43-16-128-110-92-81-88-1-112-97-36-170-22-169-93-5-103-146-13-196-41-125-183-150-189-75-139-58-136-123-95-56-194-12-44-40-82-141-173-89-153-46-84-122-180-129-188"
7,266424,100,167302,433726,"168-26-157-24-181-152-2-71-141-119-190-17-57-100-36-174-167-58-64-30-118-45-160-16-78-113-111-180-169-3-34-7-131-164-98-53-184-170-178-149-151-175-194-93-72-123-122-129-76-73-38-1-22-13-94-195-104-176-155-33-173-28-140-77-37-112-133-187-83-65-115-106-46-60-109-137-142-134-102-146-66-8-47-120-63-162-6-15-88-62-158-192-183-27-9-23-55-103-19-4"
8,249044,100,152414,401458,"147-141-139-67-22-194-156-39-24-79-64-92-162-119-47-121-178-151-190-161-112-16-59-73-27-179-96-158-134-192-98-123-33-117-26-128-186-181-46-0-127-153-20-152-38-7-169-9-120-48-133-4-189-6-28-3-145-114-165-62-182-23-125-138-171-58-63-93-72-175-71-131-126-197-34-53-25-103-45-183-94-5-173-106-74-199-193-65-35-88-91-31-129-97-163-102-99-14-77-10"
9,258518,100,161256,419774,"86-116-136-101-10-183-46-193-153-105-83-71-63-121-97-133-43-131-95-16-51-42-190-165-163-98-50-38-187-114-13-155-109-184-69-172-21-135-177-14-150-186-70-197-168-36-156-58-154-134-126-130-79-159-119-7-53-76-189-3-175-91-5-57-77-60-169-78-26-108-176-1-182-118-39-143-61-106-87-107-18-62-23-47-73-145-128-171-100-180-112-88-81-89-66-178-194-9-110-19"
10,263024,100,168272,431296,"7-85-73-101-155-90-185-75-114-115-140-156-6-120-128-48-149-27-183-162-181-141-158-81-79-123-18-66-36-78-163-168-184-87-97-154-19-178-127-157-38-11-196-83-189-111-122-86-191-98-186-89-56-42-107-49-179-62-9-8-108-54-44-159-74-92-46-198-171-164-106-93-192-148-105-142-23-165-28-1-84-109-71-130-14-150-143-100-45-55-43-82-175-125-15-135-76-119-173-116"
11,265723,100,170891,436614,"68-38-146-169-140-15-170-27-33-149-171-139-78-111-189-156-160-76-125-133-10-67-26-75-144-51-63-106-65-183-89-151-17-190-62-195-59-70-114-176-46-105-49-3-115-1-4-18-91-179-14-104-154-74-187-77-13-158-110-55-45-29-71-83-101-109-119-11-82-137-132-58-181-180-87-21-2-199-28-175-131-79-64-184-198-5-159-182-120-186-61-178-155-126-129-123-24-173-143-12"
12,272881,100,171404,444285,"87-141-185-47-195-114-75-174-192-133-152-69-157-146-65-198-199-68-12-0-155-182-10-101-120-130-30-107-148-166-71-159-110-111-151-158-86-81-6-41-181-74-42-172-17-84-2-178-139-194-89-115-61-4-196-127-67-113-1-197-128-83-137-28-73-95-14-32-88-129-43-193-167-72-119-187-62-25-142-93-38-27-145-13-91-134-21-98-97-177-105-35-85-184-56-31-63-153-156-9"
13,247159,100,153097,400256,"157-109-151-188-4-40-39-17-177-126-122-12-78-198-3-145-84-163-160-127-143-144-1-183-92-138-65-64-55-136-154-152-50-67-106-70-182-90-191-25-123-99-155-97-20-10-166-113-173-85-175-45-124-52-76-56-33-46-146-128-30-51-18-44-111-60-132-178-61-87-2-120-100-186-7-174-171-101-6-53-168-37-180-63-81-125-164-73-133-148-150-103-75-16-102-89-172-196-129-162"
14,271659,100,173481,445140,"195-87-111-190-138-120-159-35-14-184-58-130-51-134-100-167-139-4-136-177-158-169-27-126-187-196-146-12-108-1-22-185-154-132-127-135-50-57-142-39-29-54-49-182-42-176-75-173-79-55-37-47-198-150-109-33-8-129-56-153-141-18-170-67-160-114-86-119-164-45-68-81-96-60-66-181-53-194-155-82-199-48-16-70-30-2-19-61-163-144-101-15-133-40-115-44-161-105-76-103"
15,266596,100,177803,444399,"65-123-16-28-139-34-66-119-112-33-159-52-158-69-146-40-59-57-129-67-135-187-108-44-89-183-11-147-21-37-191-84-1-26-185-94-175-99-143-120-97-142-51-114-70-86-154-145-151-105-106-127-64-13-77-166-169-41-130-35-167-80-78-98-19-4-181-171-29-93-172-193-128-155-153-122-90-62-140-156-85-103-125-121-55-96-150-164-136-152-148-18-30-92-31-24-14-83-195-116"
16,266084,100,168992,435076,"60-27-114-33-44-52-4-148-66-173-68-51-108-118-25-138-154-22-136-139-53-153-93-56-178-167-95-58-163-63-54-155-8-70-177-0-9-82-161-98-84-128-159-90-10-180-81-85-18-134-92-119-147-91-36-55-169-13-116-57-124-12-162-197-28-122-29-75-109-141-187-140-65-170-182-26-150-151-135-69-176-146-16-127-83-48-30-160-125-126-175-156-94-43-102-64-31-87-199-59"
17,285588,100,177764,463352,"174-74-154-122-175-11-93-152-58-119-49-6-13-26-77-2-22-41-187-59-44-118-113-24-43-88-45-135-4-108-137-83-50-112-191-171-7-192-9-97-172-73-198-82-19-120-78-193-107-159-71-100-111-195-70-110-31-170-197-96-157-60-55-57-147-128-169-184-8-180-181-36-163-161-182-33-183-67-131-102-98-138-3-124-38-16-39-121-141-155-20-106-134-162-190-130-156-85-150-27"
18,249014,100,160239,409253,"9-177-50-99-71-55-81-29-78-27-108-150-49-92-169-79-153-36-171-12-115-43-47-42-52-111-63-91-114-184-100-188-130-191-190-28-167-136-62-110-16-162-45-41-8-96-31-186-183-146-14-181-37-86-121-139-174-133-10-138-51-61-120-70-77-145-11-192-60-131-104-197-154-26-23-176-56-84-151-40-179-82-137-164-134-35-22-159-106-65-127-19-6-2-194-140-59-112-94-53"
19,282280,100,184461,466741,"31-6-145-83-42-34-175-191-2-130-135-67-40-33-194-183-76-179-14-28-88-62-167-123-193-38-4-197-48-74-11-144-195-166-161-36-58-146-139-138-71-69-172-184-133-39-152-165-153-148-117-196-54-118-100-82-59-90-41-51-21-189-192-119-186-143-157-63-66-190-49-61-84-89-99-122-25-104-64-60-115-182-126-108-151-95-162-105-46-156-26-102-7-103-77-171-20-50-136-168"
20,252129,100,159319,411448,"48-136-126-65-92-167-6-151-17-49-103-133-106-100-184-172-122-141-4-60-190-43-36-168-138-47-153-183-89-180-98-186-127-33-32-107-152-74-159-63-84-157-143-114-0-82-160-176-163-16-19-142-90-120-76-97-94-30-55-71-177-119-181-22-170-185-26-118-37-117-1-109-197-80-52-188-78-27-50-137-25-41-72-156-179-123-128-131-46-38-88-5-115-39-21-79-102-121-42-96"
21,241931,100,149581,391512,"0-148-8-1-60-103-20-34-5-177-63-89-97-10-12-179-176-105-175-157-23-6-49-13-68-35-132-152-144-2-134-78-92-172-96-143-150-185-73-74-80-101-91-32-138-27-56-106-137-85-19-18-146-165-48-149-167-33-135-51-159-30-120-114-141-53-43-11-163-40-194-31-69-142-110-7-9-116-65-109-76-94-26-131-196-50-62-158-128-182-156-195-38-181-37-95-42-100-133-127"
22,252047,100,152683,404730,"84-58-57-6-5-56-191-31-55-64-117-171-108-149-69-10-156-183-124-42-2-178-60-180-92-38-131-89-12-126-144-63-100-154-41-43-39-165-114-68-67-54-105-70-35-49-140-74-173-93-121-1-174-24-66-45-109-36-199-145-111-112-47-79-46-32-97-99-11-28-76-132-127-34-134-185-138-137-83-40-14-159-61-162-133-141-75-197-163-94-73-172-153-29-33-59-104-37-90-30"
23,272330,100,168003,440333,"69-54-103-97-158-96-183-37-193-2-81-67-156-59-165-182-132-153-131-148-157-181-17-46-63-83-27-198-82-73-174-107-60-3-184-106-154-111-62-99-18-146-29-173-74-186-52-134-199-125-39-137-75-147-122-129-5-92-172-80-167-121-136-151-90-70-53-13-191-84-32-50-130-170-194-164-51-38-118-24-197-116-105-56-87-65-71-15-6-168-11-12-127-93-26-23-95-176-117-149"
24,273030,100,173995,447025,"92-8-69-19-98-133-134-190-28-136-30-140-161-176-90-36-15-163-23-156-183-16-62-120-131-80-56-9-67-198-127-54-7-52-114-99-177-186-125-185-192-35-12-96-37-41-121-110-157-197-112-187-95-171-152-126-27-93-38-75-53-85-76-173-199-153-18-44-89-97-21-81-166-84-58-174-14-74-123-94-60-167-195-117-194-164-135-143-47-51-165-188-130-4-86-147-24-180-138-17"
25,254648,100,158559,413207,"108-144-28-165-64-22-3-54-41-183-70-139-178-63-18-85-189-39-81-185-65-112-196-132-109-141-87-116-128-124-163-125-55-106-119-172-198-36-184-82-176-167-96-38-62-52-91-140-76-32-45-26-154-99-121-86-188-147-12-104-29-186-15-89-179-90-195-2-187-0-43-33-14-1-156-59-129-169-158-75-177-10-105-197-145-162-84-175-107-13-72-74-30-46-44-19-192-194-113-120"
26,276270,100,172975,449245,"74-171-172-1-14-65-19-82-120-129-18-2-54-161-110-127-32-159-198-22-128-196-87-20-157-158-186-118-96-146-97-107-38-134-197-76-147-55-66-92-53-174-140-142-156-40-130-191-7-109-6-133-180-9-155-91-149-36-21-103-193-49-61-44-169-85-73-84-94-79-195-68-58-48-0-5-88-24-67-178-143-34-173-27-177-150-102-116-184-132-37-64-26-35-126-90-190-183-199-101"
27,279134,100,181534,460668,"78-23-27-39-99-50-103-175-176-67-135-11-111-101-6-140-14-28-94-36-181-64-84-114-98-152-85-131-196-112-29-142-174-121-69-180-172-100-35-56-145-109-19-30-24-148-59-125-93-107-158-144-83-137-198-68-46-57-104-129-156-113-70-102-40-105-134-189-8-48-7-126-143-197-150-119-168-184-49-159-21-74-16-91-123-151-139-65-17-41-34-191-108-15-160-95-55-106-26-186"
28,251834,100,157524,409358,"48-22-69-111-27-24-134-68-8-114-162-88-171-31-156-81-183-141-45-26-42-107-99-154-149-158-179-123-160-63-74-165-66-144-51-177-124-97-145-116-101-117-19-143-15-173-93-147-136-105-70-164-38-110-166-95-54-10-71-14-3-118-163-195-96-89-78-167-187-65-43-94-142-108-199-132-33-30-185-196-109-79-72-57-157-182-151-18-122-137-139-161-181-113-20-189-12-16-150-192"
29,258564,100,158736,417300,"68-43-27-96-191-35-198-59-78-162-125-156-173-100-94-159-171-23-72-82-95-164-148-111-73-146-177-185-37-8-195-154-25-107-28-189-71-186-155-99-62-161-12-40-104-89-138-76-56-169-48-98-47-75-106-26-0-130-115-65-66-93-83-33-151-196-81-144-128-5-117-31-84-88-44-7-118-19-116-60-45-129-70-170-3-64-14-145-182-163-101-135-41-15-6-141-2-142-180-105"
30,271111,100,175501,446612,"194-177-34-45-64-101-157-20-121-140-52-29-173-171-166-14-47-0-124-82-37-62-123-80-68-185-103-156-75-36-175-117-176-120-73-11-38-189-88-147-9-61-116-58-17-133-3-150-97-138-180-149-44-132-51-122-105-126-35-141-145-115-109-31-15-5-54-167-137-182-191-76-168-30-107-169-178-78-77-112-183-85-10-188-119-79-170-113-84-158-55-2-41-90-165-125-164-95-135-148"
31,257135,100,160170,417305,"185-39-110-45-176-37-5-192-123-107-57-63-1-106-198-116-150-143-74-142-81-148-161-169-168-9-145-111-50-35-82-0-78-96-64-118-22-30-129-117-156-12-36-184-171-182-27-2-189-196-69-84-194-124-113-24-89-114-190-173-18-73-31-72-195-66-52-105-112-61-100-67-102-183-199-60-127-172-51-186-62-133-86-147-93-175-178-166-97-90-174-25-40-125-76-137-80-136-3-180"
32,264464,100,166022,430486,"96-91-94-0-76-107-49-171-65-85-42-110-148-180-10-196-74-130-58-26-92-127-54-169-172-50-73-14-133-106-23-124-19-27-156-144-154-138-68-57-104-16-143-71-185-60-69-45-29-170-44-126-198-83-4-36-153-90-34-158-105-173-55-129-131-165-89-139-95-160-51-114-189-97-6-84-136-1-41-192-168-80-22-77-31-52-115-109-88-132-128-99-9-13-100-2-186-64-102-155"
33,279577,100,177708,457285,"63-134-80-141-25-83-153-66-93-113-17-99-40-28-22-192-147-18-194-89-160-50-85-107-133-139-183-97-158-130-12-122-103-123-129-181-0-64-137-10-68-187-104-109-52-157-171-41-36-98-175-146-75-3-67-42-90-162-117-29-73-164-173-119-74-71-78-197-81-138-87-125-54-15-140-53-82-108-56-120-11-61-21-16-150-30-72-4-27-177-7-35-174-149-111-169-39-180-105-191"
34,257651,100,165155,422806,"6-182-194-5-67-12-161-167-104-181-66-82-180-148-60-80-134-141-17-93-187-171-98-113-132-54-94-103-0-139-29-91-25-27-138-143-56-184-158-170-166-183-126-78-176-15-111-144-185-114-196-110-34-154-69-41-46-1-24-174-109-75-115-107-156-58-16-51-84-63-146-88-135-133-137-40-145-52-38-105-186-175-100-37-123-49-85-116-157-90-188-89-121-92-83-53-35-178-189-28"
35,256722,100,159131,415853,"103-37-83-146-29-124-43-62-55-61-139-54-73-41-46-138-72-109-141-50-152-45-8-91-135-132-111-126-149-57-11-69-35-136-28-183-80-38-79-17-102-84-151-6-74-156-23-71-184-78-129-193-9-51-128-108-175-180-167-110-92-121-65-199-198-98-95-1-49-186-66-86-5-143-27-187-75-59-42-172-96-116-165-93-26-24-19-7-87-2-147-47-194-137-112-64-120-171-25-197"
36,247252,100,157396,404648,"50-174-73-142-58-183-148-137-22-109-122-93-180-8-79-111-83-9-121-133-89-53-1-110-197-129-159-185-33-192-92-167-90-62-126-91-194-151-135-12-113-30-181-27-82-37-2-196-138-69-97-15-161-172-16-116-176-162-95-165-52-98-171-31-17-63-189-163-139-143-7-177-44-170-13-198-61-108-199-72-51-164-153-149-49-104-48-144-38-23-120-26-96-175-128-66-65-36-178-94"
37,263349,100,163005,426354,"135-173-47-125-104-1-169-48-98-61-119-179-130-86-49-195-145-58-62-16-142-21-165-199-192-166-37-168-15-77-172-196-101-88-170-148-185-152-23-198-57-96-87-68-146-67-36-93-197-158-175-85-109-131-55-22-78-113-41-186-89-114-54-136-151-121-17-3-128-190-193-19-160-5-51-34-27-71-147-187-106-116-139-111-94-122-95-8-134-129-46-32-108-182-167-155-137-69-64-82"
38,261268,100,163591,424859,"71-88-93-198-120-175-92-91-104-178-27-21-11-123-9-87-58-106-94-13-118-39-159-140-32-155-35-81-76-95-157-126-26-107-144-38-181-197-195-129-40-80-112-74-130-17-45-12-24-84-44-180-53-105-122-154-148-156-190-128-22-48-86-42-196-65-136-63-171-182-146-134-78-191-47-115-46-192-149-177-172-77-185-179-176-70-3-150-79-31-15-41-133-67-73-99-170-102-125-10"
39,257368,100,165855,423223,"44-62-166-58-184-46-29-73-185-145-191-177-17-110-150-119-122-90-19-94-179-186-54-134-193-167-37-139-51-180-48-50-99-123-174-79-155-105-140-47-162-88-32-158-35-53-116-39-102-163-78-106-144-175-164-14-34-198-0-28-4-147-176-27-113-111-67-83-81-124-196-36-42-173-153-43-141-89-101-156-97-70-130-18-56-22-86-93-137-149-95-125-15-9-10-45-151-55-161-154"
40,266122,100,170410,436532,"3-58-154-14-129-144-150-88-133-188-147-97-11-131-89-137-18-47-92-86-24-184-130-0-119-143-13-65-57-170-156-162-114-139-187-126-42-85-74-34-106-159-191-16-116-111-8-62-21-183-107-151-113-152-83-124-7-81-98-49-66-2-80-10-4-149-155-102-67-121-76-120-39-105-185-142-70-64-178-22-29-158-108-101-52-72-9-174-84-123-197-125-176-161-71-127-157-37-169-50"
41,255859,100,157019,412878,"141-120-12-144-2-109-67-35-7-155-112-30-84-47-41-180-93-118-194-38-27-49-161-131-147-96-8-105-25-68-173-107-87-134-28-60-78-14-163-166-124-34-114-51-181-101-77-5-75-126-136-111-40-98-29-140-152-150-151-86-91-122-121-179-117-20-169-137-32-160-139-106-170-177-42-54-116-83-99-63-65-19-33-16-22-53-3-45-97-172-138-61-82-183-119-133-113-81-108-168"
42,272329,100,180848,453177,"0-55-106-175-104-59-10-155-86-119-52-5-114-31-170-184-7-151-12-11-43-192-111-150-79-148-122-67-149-35-140-41-152-185-177-85-44-120-160-169-190-113-60-133-84-117-4-128-165-37-83-138-23-183-50-30-182-108-51-71-130-28-93-198-109-78-158-21-45-56-69-25-89-167-57-112-132-173-34-33-129-187-105-141-157-179-193-196-166-16-15-171-146-65-126-9-116-2-26-90"
43,252507,100,158900,411407,"161-2-186-89-46-156-153-109-157-163-84-7-185-81-48-70-173-63-96-193-120-1-51-135-159-189-146-133-39-197-74-19-103-25-88-83-5-94-102-152-150-55-124-158-105-126-145-98-26-54-144-121-57-35-113-149-147-52-117-61-80-101-181-32-129-3-72-37-73-139-42-6-128-198-0-104-92-131-184-49-79-138-111-16-100-160-10-97-178-155-59-50-87-82-20-93-196-122-27-140"
44,264956,100,169730,434686,"17-68-101-99-179-180-90-123-15-29-48-116-105-148-154-82-139-85-169-14-7-121-141-152-104-79-8-30-63-129-175-117-195-199-126-57-138-112-194-183-143-132-127-81-94-163-170-67-171-23-80-140-21-20-55-78-196-149-142-46-76-92-87-34-96-145-3-108-184-97-161-89-93-13-111-83-60-40-122-50-74-45-177-168-98-156-102-1-77-42-157-36-114-9-24-106-16-103-182-65"
45,270158,100,174509,444667,"30-180-95-84-174-160-173-94-130-112-57-191-80-142-37-113-14-145-152-34-186-146-143-7-120-18-166-157-121-103-101-22-3-2-164-108-66-178-171-46-59-148-96-77-100-132-194-161-16-8-193-149-60-36-125-165-187-139-115-172-93-167-169-87-38-159-28-50-111-17-0-44-106-179-9-156-88-89-21-137-39-62-126-109-85-184-20-168-138-153-117-33-197-47-91-196-98-75-43-63"
46,257695,100,167310,425005,"101-108-90-149-118-125-128-178-84-80-177-94-15-113-6-179-39-115-26-55-159-57-153-81-50-12-160-79-40-30-27-170-74-161-43-54-36-154-195-197-33-117-92-28-9-103-7-142-59-5-135-148-144-182-78-83-16-71-151-141-193-2-29-52-63-199-181-62-145-174-58-168-120-194-109-51-127-152-147-67-167-150-186-77-169-140-130-184-65-157-21-86-156-93-91-25-129-124-185-1"
47,271409,100,169277,440686,"193-62-178-22-183-19-63-70-98-53-124-40-110-167-38-104-58-127-16-101-131-60-125-121-179-148-33-43-97-184-2-12-105-134-157-128-107-160-44-152-92-170-69-20-172-66-99-132-23-186-96-187-73-0-87-164-150-146-52-76-192-166-149-89-161-114-119-174-67-9-116-135-1-142-188-84-133-190-82-31-88-3-130-49-54-154-199-145-37-75-169-21-36-64-108-173-197-162-163-78"
48,255395,100,158471,413866,"14-3-104-42-91-29-157-94-174-75-74-60-28-135-13-177-145-158-149-43-168-16-107-62-169-129-10-124-183-41-56-133-46-47-103-38-32-97-159-151-175-81-18-59-182-37-164-6-79-1-26-188-102-73-36-165-51-184-54-80-45-189-72-105-98-195-119-101-70-170-86-87-9-5-121-53-15-34-109-93-35-39-83-128-78-122-167-155-187-166-48-199-179-117-89-33-180-190-153-17"
49,265255,100,166022,431277,"82-13-41-1-131-64-47-138-109-14-59-99-9-69-74-4-113-193-184-158-33-7-172-146-198-140-196-43-166-23-10-35-11-54-37-119-108-6-150-147-148-28-94-161-12-26-89-199-63-180-106-190-40-25-176-61-3-44-142-130-51-152-167-5-71-171-183-197-121-188-22-195-165-157-187-85-163-182-174-153-117-170-75-84-80-81-122-86-127-76-55-134-151-105-136-57-62-189-27-124"
50,269961,100,161145,431106,"78-81-14-141-47-88-168-55-1-61-196-98-36-97-189-45-51-104-103-162-127-31-82-184-116-20-92-106-166-79-110-32-173-119-118-40-33-29-28-15-181-175-64-62-2-69-125-135-164-112-53-192-174-3-177-172-24-67-85-101-30-93-142-22-77-56-154-54-19-149-10-153-122-86-194-138-8-121-50-137-126-60-132-76-169-74-17-91-83-7-160-21-145-12-179-87-6-58-124-37"
51,271853,100,180264,452117,"188-57-130-71-68-63-124-23-122-51-16-153-84-180-149-112-55-38-27-10-107-105-159-48-109-113-35-25-110-106-59-181-39-29-37-164-36-197-191-178-11-189-192-9-177-171-17-166-176-152-199-13-7-58-155-123-44-81-156-160-76-129-121-140-46-141-0-175-134-91-117-82-43-49-42-148-22-194-165-62-28-127-116-186-80-161-154-101-115-118-20-98-138-114-136-4-135-168-2-184"
52,256959,100,158742,415701,"107-165-3-47-134-0-38-24-170-26-187-145-31-101-104-194-143-21-67-161-32-173-40-37-2-98-185-75-181-89-16-151-84-72-167-88-138-169-1-44-182-147-20-108-123-13-186-11-180-46-175-140-65-8-121-199-54-103-55-197-14-163-48-152-28-71-6-158-42-49-179-33-64-52-17-58-85-191-77-118-93-15-129-23-153-136-4-22-142-148-159-139-149-94-96-150-90-164-97-177"
53,285447,100,187293,472740,"58-195-82-57-69-120-111-180-114-158-22-63-37-139-61-48-164-89-131-78-186-72-36-193-137-147-81-93-34-98-118-152-113-156-62-136-101-161-197-13-74-16-140-171-59-26-110-40-66-7-130-142-15-135-90-28-159-43-173-182-35-187-45-174-183-106-163-76-70-122-181-8-144-149-91-100-179-190-162-134-80-67-157-19-97-3-85-108-170-107-102-86-141-109-71-77-123-138-87-44"
54,240175,100,145604,385779,"192-110-150-126-109-93-198-107-18-30-14-176-172-108-175-43-54-152-194-2-74-37-3-63-58-178-101-196-40-121-130-179-70-119-187-41-173-148-21-161-142-105-127-47-98-45-199-189-34-103-96-49-144-53-129-114-25-73-80-125-89-35-7-83-20-19-32-167-106-24-136-72-23-113-185-5-112-68-151-139-66-51-75-158-57-120-76-100-138-61-0-64-86-118-65-133-177-59-111-22"
55,273856,100,168904,442760,"26-92-61-0-187-124-141-146-72-190-39-125-18-99-199-1-156-53-136-63-183-27-46-29-83-74-111-66-64-70-127-35-164-20-175-155-10-148-100-105-80-41-24-154-34-152-5-160-84-168-182-173-21-48-133-174-163-195-179-58-161-114-116-37-196-19-181-143-185-172-109-101-166-85-102-139-60-115-44-130-8-98-54-40-56-94-134-36-192-65-107-6-104-184-87-135-128-194-157-188"
56,268324,100,171550,439874,"156-179-187-63-60-191-119-116-154-99-180-62-114-120-1-58-88-151-17-132-90-11-41-57-45-29-170-27-43-157-22-3-77-6-184-2-149-55-70-136-67-24-161-19-138-197-172-44-145-162-74-144-137-0-83-49-128-47-129-124-131-18-133-186-10-4-140-177-52-7-125-46-173-33-103-30-25-65-53-64-159-59-75-121-21-174-36-190-101-35-188-134-143-189-112-8-31-5-164-181"
57,243258,100,147526,390784,"74-134-114-32-52-14-71-137-25-179-81-34-123-55-94-60-99-85-138-92-166-38-19-44-113-194-84-112-0-126-48-139-151-154-189-77-72-144-195-153-167-90-96-128-76-18-61-182-152-39-120-193-116-40-162-188-157-178-101-196-147-1-185-64-141-41-87-59-54-70-28-135-111-158-172-108-130-13-73-132-102-15-63-131-45-68-146-187-180-125-186-79-95-88-155-75-43-129-10-86"
58,256429,100,158435,414864,"67-70-195-8-120-145-78-18-65-102-97-1-168-75-4-71-96-76-21-48-149-163-19-196-58-199-123-178-165-3-12-107-138-174-35-166-184-83-15-108-162-139-119-29-14-125-53-68-155-183-151-130-131-37-186-127-59-93-25-92-133-148-190-57-26-101-188-136-173-30-152-24-197-150-55-114-179-103-99-116-20-134-61-28-147-193-74-2-129-110-87-72-88-115-36-85-86-140-106-135"
59,245370,100,155126,400496,"53-80-171-23-67-60-138-150-29-199-34-94-93-129-188-75-65-35-37-2-146-12-21-111-78-17-124-27-164-185-4-120-91-22-148-50-144-165-180-0-15-113-44-119-82-110-52-73-195-118-156-198-178-103-108-154-147-168-89-116-190-149-71-130-95-187-162-182-45-72-84-123-97-76-117-42-18-20-48-74-177-122-189-170-158-175-167-186-102-24-46-193-30-157-145-90-83-40-41-85"
60,277032,100,172042,449074,"27-23-116-104-3-178-6-11-49-117-72-135-107-44-83-12-163-118-64-16-138-110-84-85-186-15-95-96-94-100-56-146-88-67-73-20-101-150-188-81-92-132-170-189-173-167-139-179-13-87-197-113-127-25-131-48-50-192-54-70-62-108-184-185-45-41-17-19-158-24-78-91-46-141-58-39-34-5-8-40-112-156-114-151-122-68-75-123-37-18-190-166-105-63-80-174-126-111-69-147"
61,252260,100,157635,409895,"125-143-129-29-148-9-42-22-45-48-7-170-118-73-15-16-189-86-149-151-176-115-158-147-123-191-1-193-2-164-80-100-36-137-140-46-161-162-199-10-6-3-32-12-103-190-77-196-166-28-127-51-167-141-183-163-152-76-159-27-136-85-14-182-101-156-180-102-70-90-68-128-47-11-188-130-62-133-139-88-59-25-110-108-178-175-57-23-192-5-92-181-165-96-172-186-8-124-38-150"
62,275529,100,174360,449889,"98-166-195-171-67-28-96-175-189-141-27-99-190-126-75-44-123-4-24-149-93-131-177-33-82-71-92-43-3-20-84-157-163-30-170-16-83-193-147-148-145-88-124-59-53-102-129-0-173-26-38-79-187-118-139-57-45-191-12-184-70-73-181-13-150-152-197-153-183-69-50-137-63-37-122-186-8-146-74-39-18-111-199-130-113-15-91-185-174-192-49-125-119-100-7-41-72-14-120-77"
63,265422,100,175571,440993,"172-21-73-185-88-176-34-155-94-45-71-62-120-192-14-25-78-22-2-180-136-40-77-37-161-44-18-33-147-108-42-175-167-182-142-52-15-3-165-74-7-178-32-59-135-112-66-79-146-64-174-43-190-109-75-140-171-47-30-121-157-20-138-159-144-101-118-12-53-38-111-169-127-113-164-145-114-0-107-28-69-86-154-195-196-55-70-90-6-156-56-81-119-60-162-9-126-8-1-84"
64,260778,100,167682,428460,"135-90-104-19-180-158-193-117-101-142-65-134-115-45-140-189-170-147-15-163-148-37-51-191-57-120-186-89-165-96-157-93-74-29-56-42-59-62-38-145-85-194-78-195-128-179-20-40-114-196-14-50-160-61-129-149-16-39-79-109-162-155-33-94-44-2-161-154-137-3-107-171-143-55-103-153-35-73-118-121-119-83-139-64-112-130-192-198-126-100-22-77-124-8-70-123-151-168-18-86"
65,276058,100,180519,456577,"165-31-139-157-30-122-32-70-137-156-166-128-127-14-155-195-146-160-85-134-117-79-89-109-185-47-74-198-77-126-42-179-105-154-141-97-64-116-76-6-93-174-99-86-106-151-25-35-114-58-142-26-196-96-140-111-148-23-100-21-49-44-5-72-73-175-110-33-2-193-184-118-164-138-41-82-16-103-170-171-186-20-161-39-71-80-54-188-22-158-177-29-48-101-92-147-144-24-153-81"
66,276154,100,168861,445015,"21-186-29-93-175-89-181-44-68-72-158-109-57-169-138-116-191-149-140-112-171-73-37-174-108-64-113-26-152-33-87-195-66-153-50-27-32-10-43-121-127-155-41-63-5-146-60-132-182-39-30-156-147-48-59-47-24-69-196-130-192-162-82-118-197-53-88-172-119-199-34-136-20-188-173-125-170-161-104-62-134-45-143-139-101-198-107-187-105-124-123-92-114-131-183-179-16-135-58-163"
67,282024,100,181018,463042,"125-52-13-163-168-103-31-96-157-144-181-59-41-151-187-133-30-77-35-112-72-95-46-40-123-126-178-184-85-9-127-1-39-124-171-3-150-58-68-67-14-172-137-130-50-23-143-147-113-87-114-196-70-198-160-76-38-88-100-21-82-118-182-110-165-28-89-102-189-175-53-161-78-188-51-27-108-71-37-47-93-12-20-92-146-111-141-55-64-169-192-62-2-79-134-5-24-49-4-194"
68,264279,100,169945,434224,"148-66-134-123-103-192-41-118-67-15-153-90-167-42-179-145-105-23-91-136-3-169-187-131-85-58-147-168-165-196-45-96-43-82-77-95-132-143-47-116-198-119-87-46-184-21-34-199-112-25-1-107-33-151-38-6-160-124-73-55-194-97-49-56-53-40-159-178-11-188-133-180-16-98-181-106-51-44-191-24-63-0-75-189-74-54-18-113-183-76-182-4-89-35-158-193-154-186-27-126"
69,249426,100,156568,405994,"169-106-62-72-28-76-8-90-113-149-42-144-1-184-185-41-84-179-38-15-173-0-24-20-161-10-36-199-22-92-80-63-191-180-111-75-164-132-78-64-147-160-31-6-74-137-112-142-26-45-155-153-54-195-19-107-61-148-44-177-59-114-17-30-134-34-79-105-2-186-39-167-135-100-139-188-52-103-154-118-115-73-66-51-81-150-109-77-16-69-122-156-12-65-193-70-25-159-198-101"
70,266892,100,163291,430183,"134-111-35-171-150-117-102-170-66-128-0-127-131-47-135-25-90-50-33-81-71-39-176-192-57-99-49-145-194-168-67-118-132-143-137-38-30-152-5-166-107-70-84-56-75-61-87-62-195-188-125-109-15-83-108-172-119-184-123-173-120-155-19-74-46-129-189-11-146-140-113-22-144-114-23-32-138-165-142-162-199-48-153-177-187-9-13-126-37-116-154-44-94-178-141-88-41-190-186-115"
71,270732,100,167929,438661,"182-6-165-120-90-110-79-27-134-127-36-114-41-92-162-50-91-135-73-105-17-94-104-34-28-147-190-3-59-52-12-197-47-198-72-54-140-148-113-183-150-161-142-184-4-106-191-112-102-107-109-98-30-77-16-132-189-81-66-172-82-97-154-128-26-158-15-151-125-196-118-85-108-42-63-129-45-62-145-60-38-20-124-100-0-1-111-88-99-74-49-121-57-160-164-89-187-84-168-87"
72,267712,100,163844,431556,"147-125-30-48-138-185-163-143-121-108-126-62-157-17-162-15-13-68-188-87-24-127-167-18-26-41-122-179-11-158-110-16-88-178-71-194-2-39-176-66-120-44-153-187-55-86-116-77-82-198-95-75-140-146-22-105-195-113-83-64-164-173-114-1-79-124-104-193-57-150-152-166-109-131-172-67-59-84-100-128-76-130-117-148-5-65-129-141-135-32-182-168-20-99-186-33-0-196-183-98"
73,267986,100,170645,438631,"58-85-27-148-196-12-187-173-146-124-110-186-53-9-144-158-180-92-75-26-198-35-89-54-98-154-64-78-79-15-143-83-39-134-169-164-185-190-7-37-112-121-38-197-20-43-86-17-151-136-95-63-172-188-32-163-14-155-183-189-182-117-157-97-31-51-56-137-175-23-47-96-107-150-49-34-156-72-87-91-84-170-16-116-195-125-77-126-179-106-76-194-5-133-165-104-178-25-46-65"
74,259212,100,171875,431087,"4-155-96-129-16-152-0-135-91-131-51-30-93-18-46-88-57-197-13-148-44-22-21-24-65-77-182-90-97-176-94-73-34-198-66-153-130-132-82-147-122-116-184-181-113-173-157-177-103-59-183-193-100-15-50-81-35-160-3-70-140-144-154-8-14-196-171-68-189-98-133-7-54-27-164-80-89-120-199-126-141-111-83-161-85-62-36-26-5-159-49-87-166-167-145-158-42-165-124-143"
75,265735,100,166558,432293,"89-104-107-116-13-113-19-175-93-192-187-150-138-134-111-191-62-114-158-190-152-10-100-174-21-2-32-52-178-99-24-70-6-65-51-105-26-15-40-63-182-149-123-196-4-147-90-11-101-38-163-12-79-142-171-102-37-1-58-81-74-9-86-156-88-173-162-154-23-130-82-153-155-176-28-117-20-66-125-195-75-115-53-144-67-83-193-76-78-103-121-137-31-46-120-112-180-172-29-22"
76,264710,100,168095,432805,"141-93-137-133-114-74-124-153-130-161-16-168-43-132-86-5-192-129-90-41-76-37-60-111-28-113-101-2-49-103-115-58-162-59-176-117-80-177-96-138-136-159-196-45-63-95-172-108-24-54-27-79-156-127-6-143-167-123-21-195-193-14-185-173-64-66-73-121-109-148-146-197-144-179-0-38-81-126-191-169-83-182-104-23-145-165-198-188-51-152-30-110-34-52-175-149-50-174-35-42"
77,285130,100,184192,469322,"140-77-89-82-186-185-155-65-191-109-49-174-165-99-134-119-180-44-112-166-197-194-101-182-31-106-142-87-17-177-21-84-55-19-41-156-59-36-64-95-189-178-199-173-105-12-118-50-52-40-72-30-25-151-27-35-108-100-193-196-46-20-137-58-15-175-122-157-117-161-107-22-98-18-24-158-104-5-32-103-188-143-116-6-63-34-76-42-93-179-141-26-71-75-85-91-153-123-132-70"
78,248415,100,156425,404840,"137-124-114-24-34-4-88-198-63-33-169-82-140-190-172-171-85-165-49-26-167-55-163-148-84-69-143-80-43-146-127-119-152-1-74-186-18-189-73-117-122-188-155-139-79-47-147-158-95-89-90-6-57-54-35-76-102-185-91-13-195-149-173-65-32-164-106-168-109-25-92-193-160-144-151-40-154-184-178-197-135-162-175-20-77-128-94-36-62-145-12-142-7-0-45-107-121-112-129-17"
79,276384,100,177798,454182,"110-84-90-56-149-174-152-4-158-13-112-59-19-107-22-55-76-185-36-177-141-173-40-51-125-130-35-63-44-180-45-170-138-49-142-121-98-10-118-33-189-38-146-113-65-115-157-166-108-20-144-136-117-134-67-82-48-18-93-1-94-169-165-70-132-105-190-154-163-119-139-25-64-99-191-16-3-92-66-109-26-57-73-39-58-86-122-43-175-147-53-101-164-187-103-181-46-156-27-77"
80,264741,100,166882,431623,"164-128-131-144-21-41-185-55-111-63-18-66-113-71-151-91-90-156-42-76-9-14-146-134-43-16-79-165-148-68-105-82-174-99-98-36-175-65-153-39-54-51-177-73-137-157-129-155-35-44-124-88-183-125-140-33-169-85-161-11-56-75-197-107-179-119-6-195-92-196-154-5-139-46-94-182-118-89-70-87-104-59-147-13-47-72-29-67-1-187-31-152-127-45-7-178-188-86-22-83"
81,272282,100,173404,445686,"79-28-113-108-169-81-36-44-53-194-168-185-26-195-141-4-55-148-49-87-86-178-117-38-161-179-47-172-25-58-174-136-155-90-17-183-154-189-198-59-114-43-173-37-32-75-10-105-104-138-107-84-175-69-121-166-144-159-61-156-77-56-145-33-15-34-29-92-153-158-3-0-52-193-160-123-192-143-151-39-150-63-103-134-97-67-7-147-152-20-80-191-13-129-12-120-74-68-111-41"
82,276500,100,172927,449427,"117-151-110-145-167-48-168-131-103-159-195-7-52-63-95-65-10-155-24-148-76-161-107-14-13-81-126-165-89-9-174-67-91-144-105-147-137-101-66-150-115-83-111-31-179-59-153-177-41-42-108-85-190-123-157-12-68-84-25-46-15-129-51-33-198-77-135-21-64-47-186-26-17-104-57-109-114-43-3-0-170-142-146-188-60-82-20-23-87-8-37-130-2-70-58-187-163-184-191-171"
83,267969,100,168851,436820,"90-83-114-182-84-161-194-111-95-54-109-69-92-101-19-120-123-133-18-137-17-156-192-168-16-176-142-72-99-46-77-169-96-35-21-195-98-51-145-199-174-27-159-78-79-39-106-47-12-124-193-67-8-56-144-128-34-44-75-70-37-23-3-91-179-0-82-64-59-30-154-177-153-185-68-85-15-88-116-63-196-38-187-130-158-103-7-45-122-138-31-129-186-105-24-115-32-11-134-121"
84,268156,100,166223,434379,"81-36-152-114-183-22-83-168-95-10-172-48-170-77-93-104-150-145-196-11-158-109-122-80-111-50-7-35-88-14-74-115-25-76-198-129-41-113-98-180-199-61-69-45-27-138-101-1-140-47-175-177-8-75-94-66-176-157-124-132-82-39-43-87-49-91-9-139-53-97-79-89-63-100-20-156-133-54-141-38-121-162-60-107-134-59-190-72-32-57-169-125-179-24-34-2-13-67-119-185"
85,265525,100,163328,428853,"147-21-86-6-178-26-142-52-150-56-135-161-130-157-60-14-149-182-32-87-28-189-123-146-144-11-100-73-168-110-39-84-49-96-36-102-33-193-154-136-63-134-108-37-91-118-8-5-55-18-50-71-13-54-29-24-137-197-17-16-78-82-23-124-95-106-22-156-7-10-198-176-25-122-2-120-105-162-93-116-68-72-47-19-188-1-90-181-69-114-61-99-171-15-83-65-46-184-64-109"
86,278462,100,176032,454494,"193-0-58-17-62-133-107-70-113-16-169-153-77-163-81-20-137-102-80-68-151-59-130-156-176-103-124-82-21-134-74-131-32-197-25-60-132-118-27-165-199-78-188-46-86-87-36-11-8-38-63-43-4-18-91-198-5-111-155-143-135-48-98-148-145-157-30-7-95-190-35-181-166-109-186-10-24-196-195-14-104-39-161-127-3-159-75-92-15-50-187-122-154-138-129-66-33-189-142-72"
87,268883,100,168323,437206,"68-139-153-196-92-72-168-57-119-128-67-145-38-26-96-41-158-199-165-137-60-132-157-122-39-105-35-164-184-156-107-69-24-169-183-162-95-0-77-197-88-87-45-170-181-51-109-171-31-36-138-143-150-93-20-188-100-163-127-175-83-50-102-113-46-160-195-108-191-37-84-173-58-148-54-98-14-4-194-118-8-130-63-176-27-82-3-116-11-12-117-129-16-9-120-61-115-131-1-53"
88,273957,100,177960,451917,"172-30-67-99-143-164-58-189-186-116-71-199-193-52-22-181-79-173-178-123-88-144-66-135-94-163-129-34-180-113-12-17-159-20-19-161-137-111-60-0-96-128-114-119-110-195-101-197-53-125-75-115-16-153-157-21-192-90-146-158-103-132-42-84-156-166-190-98-134-26-50-13-49-177-184-55-185-145-46-23-118-24-31-188-148-35-102-138-106-5-140-85-73-165-47-57-126-87-48-78"
89,254879,100,151967,406846,"109-6-125-95-64-30-35-54-85-157-29-130-20-96-163-119-101-62-178-128-185-177-60-120-8-196-176-134-23-24-173-187-76-16-82-22-136-98-158-141-47-92-115-39-93-19-159-192-79-186-184-42-31-145-68-114-80-194-126-110-153-161-38-40-7-189-0-137-154-166-193-149-132-167-143-90-172-52-106-73-89-12-111-50-179-112-66-146-81-144-127-49-58-103-108-83-197-87-147-105"
90,275365,100,180162,455527,"132-198-12-7-25-109-100-23-107-166-41-101-53-92-102-73-177-39-56-153-79-90-130-54-188-112-174-99-71-98-22-190-187-104-115-120-163-24-80-111-57-122-110-127-106-86-1-68-55-195-124-10-137-192-13-16-152-178-45-82-150-29-75-28-196-33-140-46-172-185-96-35-182-123-58-36-70-50-194-169-72-175-146-139-180-125-148-160-133-108-15-81-145-77-87-63-149-144-52-113"
91,275780,100,179758,455538,"158-188-66-193-93-69-17-20-97-121-136-171-191-53-27-9-25-118-41-56-77-26-189-170-14-88-159-72-108-143-75-52-173-43-145-81-62-84-101-178-6-176-31-51-141-175-130-111-24-119-133-182-13-139-92-21-95-91-129-102-76-10-98-5-146-186-34-184-161-8-83-162-190-167-197-181-107-0-82-54-164-160-3-105-96-172-48-16-49-138-194-11-67-147-151-78-155-22-152-132"
92,259720,100,161846,421566,"44-169-199-148-76-87-182-176-2-136-36-12-187-46-154-70-3-58-21-108-121-45-7-139-64-57-48-10-173-135-37-11-74-116-171-196-122-109-73-80-62-26-110-145-83-104-96-146-155-105-71-43-30-170-178-142-79-24-34-15-47-123-140-119-186-14-78-162-130-107-150-6-159-59-191-160-158-55-88-149-183-29-131-177-49-28-167-51-89-35-112-8-1-175-99-95-102-13-42-180"
93,270295,100,169640,439935,"133-198-97-15-114-49-154-177-10-145-104-3-166-73-106-144-117-21-68-146-86-26-184-70-43-168-77-172-121-46-95-67-80-87-194-176-179-20-96-127-174-189-196-148-158-0-128-24-125-69-141-116-5-135-6-165-9-153-143-108-85-103-11-25-82-72-119-47-169-19-34-105-56-59-94-192-38-4-2-164-170-83-61-90-118-157-22-178-173-23-132-91-33-149-60-163-89-55-7-32"
94,305527,100,202098,507625,"148-95-96-108-21-166-7-186-22-37-171-145-76-77-46-117-170-178-69-188-149-185-125-41-114-160-26-151-157-25-164-173-187-103-17-72-31-110-126-58-23-34-28-138-10-62-191-189-36-1-199-135-137-139-153-141-190-168-163-172-50-66-98-52-27-106-195-61-158-91-63-165-147-80-54-14-47-2-86-30-33-67-12-32-104-144-83-156-167-55-127-113-177-192-120-134-132-142-4-122"
95,259178,100,158496,417674,"32-25-130-79-68-122-149-42-94-153-180-192-164-114-184-144-4-62-0-146-98-171-33-73-167-116-137-88-48-159-124-12-182-147-121-140-135-103-9-77-123-67-21-2-30-56-49-36-18-70-58-19-72-100-83-59-166-194-91-3-17-52-128-27-197-158-104-169-13-155-96-108-134-26-76-190-101-65-188-175-95-102-152-29-163-23-148-63-168-85-165-16-10-117-111-35-118-125-106-38"
96,290050,100,189425,479475,"74-192-106-143-121-196-131-109-40-77-80-76-178-153-133-30-100-147-183-25-108-26-96-180-195-158-156-57-115-160-161-97-185-59-136-155-52-187-142-29-128-6-43-28-102-56-4-47-58-169-83-170-38-181-159-19-140-141-11-44-176-24-126-23-91-39-41-166-113-21-139-12-85-53-127-118-88-103-79-9-177-31-164-173-134-107-34-37-0-78-20-48-32-189-7-157-35-92-89-10"
97,246287,100,149846,396133,"61-146-134-183-144-83-149-194-76-87-57-64-62-114-98-99-89-182-9-41-49-154-46-123-184-161-190-65-27-55-81-188-13-101-32-152-140-130-156-148-126-5-115-50-42-8-39-136-196-109-79-151-145-158-167-69-105-52-106-119-59-94-176-166-180-14-111-86-22-37-71-175-24-124-3-29-181-88-170-129-177-34-133-20-17-113-45-186-187-118-137-23-6-157-16-51-104-77-173-174"
98,262233,100,170806,433039,"47-9-184-31-186-72-86-199-130-58-83-69-33-1-113-114-96-182-156-50-49-60-78-54-175-8-148-135-120-173-51-52-180-115-19-66-153-128-137-98-30-71-61-99-63-166-41-181-12-84-40-22-171-154-143-152-159-106-57-88-2-145-109-81-15-68-20-165-146-65-17-101-37-16-6-191-117-100-162-59-168-75-123-118-110-194-190-129-56-125-111-112-7-124-3-174-103-94-144-161"
99,260019,100,162962,422981,"25-91-68-55-47-172-34-22-46-32-88-31-117-137-52-82-73-126-69-74-41-121-124-2-96-64-51-195-155-134-135-179-173-175-7-125-152-101-85-159-83-146-178-189-133-120-84-131-108-10-48-70-123-138-110-24-11-132-162-105-193-129-19-103-92-21-59-136-53-95-42-194-188-142-161-43-54-187-6-0-3-118-5-89-26-113-97-169-60-106-57-33-15-102-116-104-164-144-158-130"
100,249461,100,158410,407871,"185-152-179-186-62-134-107-55-192-131-162-40-86-4-198-14-158-66-72-41-8-175-132-94-163-42-126-93-80-120-21-151-164-123-181-59-147-63-168-188-160-141-45-166-96-104-79-113-56-145-24-30-26-73-140-143-78-155-169-148-190-115-174-122-34-49-71-180-128-149-89-127-194-90-129-83-37-48-171-6-182-99-0-58-2-87-117-81-114-199-1-187-135-170-57-9-75-39-100-53"
