SolutionID,TotalCost,NumNodes,TotalDistance,ObjectiveFunction,Cycle
1,72639,100,24161,96800,"92-57-52-185-119-40-196-81-90-165-106-178-3-14-144-62-9-148-102-49-55-129-152-97-1-101-100-53-180-154-135-70-127-123-162-149-131-65-116-43-184-35-84-112-4-190-10-177-30-54-48-160-34-146-22-18-108-69-159-181-42-5-41-193-139-68-46-115-59-118-51-151-133-176-0-143-183-89-23-137-80-79-63-94-26-86-75-2-120-44-25-16-171-175-113-56-31-78-145-179"
2,72858,100,23770,96628,"157-196-81-90-40-119-165-185-106-178-3-14-144-62-9-148-102-49-52-55-179-145-78-92-57-129-152-97-1-101-100-53-180-154-135-70-127-123-162-149-131-65-116-43-184-35-84-112-4-190-10-177-30-54-48-160-34-146-22-18-108-69-159-181-42-5-41-193-139-68-46-115-59-118-51-151-133-176-143-183-89-23-137-80-79-63-94-26-86-75-2-120-44-25-16-171-175-113-56-31"
3,72982,100,24264,97246,"141-51-118-59-115-46-68-139-193-41-5-42-181-159-69-108-18-22-146-34-160-48-54-177-10-190-112-84-184-43-116-65-131-149-123-127-162-151-133-135-70-180-154-53-100-26-86-75-44-25-16-171-175-113-56-31-78-145-179-92-57-52-185-119-40-196-81-90-165-106-178-14-144-62-9-148-102-49-55-129-120-2-101-1-97-152-124-94-63-79-80-176-137-23-186-89-183-143-117-0"
4,72752,100,23585,96337,"101-1-152-97-26-100-94-124-148-102-49-178-106-52-55-185-119-40-196-81-90-165-138-14-144-62-9-15-186-89-183-23-137-176-80-151-162-127-123-149-131-65-116-43-184-35-84-112-4-190-10-177-54-48-160-34-146-22-18-108-69-159-181-42-5-41-193-139-68-46-115-59-118-51-133-79-63-180-135-70-154-53-86-75-44-25-16-171-175-113-56-31-78-145-179-92-57-129-120-2"
5,72629,100,24449,97078,"199-139-68-46-115-118-59-51-0-117-143-183-89-186-23-137-176-80-79-63-94-124-152-97-1-101-2-120-129-55-49-102-148-9-62-144-14-178-106-165-90-81-196-40-119-185-52-57-92-179-145-78-31-56-113-175-171-16-25-44-75-86-26-100-53-154-180-70-135-133-151-162-127-123-149-131-65-116-43-184-84-112-190-10-177-54-48-160-34-181-42-5-193-41-159-146-22-18-108-69"
6,73307,100,24957,98264,"104-54-48-34-160-181-42-43-116-41-193-159-146-22-18-108-69-139-68-46-115-118-59-65-131-149-151-51-0-117-143-183-89-186-23-137-176-80-79-63-94-124-152-97-1-101-2-120-129-55-49-102-148-9-62-144-14-178-106-165-90-81-196-40-119-185-52-57-92-179-145-78-31-56-113-175-171-16-25-44-75-86-26-100-53-154-180-70-135-133-162-123-127-112-4-84-184-190-10-177"
7,72326,100,23848,96174,"55-49-102-148-9-62-144-14-3-178-106-165-90-81-196-40-119-185-179-145-78-31-56-113-175-171-16-25-44-120-2-75-86-26-94-63-79-80-137-23-89-183-143-0-176-133-151-51-118-59-115-46-68-139-193-41-5-42-181-159-69-108-18-22-146-34-160-48-54-30-177-10-190-4-112-84-35-184-43-116-65-131-149-162-123-127-70-135-154-180-53-100-101-1-97-152-129-92-57-52"
8,71948,100,23548,95496,"144-14-138-165-90-81-196-40-119-185-179-145-78-31-56-113-175-171-16-25-44-120-2-75-86-26-94-63-79-80-137-23-89-183-143-0-176-133-151-51-118-59-115-46-68-139-193-41-5-42-181-159-69-108-18-22-146-34-160-48-54-30-177-10-190-4-112-84-35-184-43-116-65-131-149-162-123-127-70-135-154-180-53-100-101-1-97-152-129-92-57-55-52-106-178-49-102-148-9-62"
9,72129,100,24353,96482,"42-181-159-69-108-18-22-146-34-160-48-54-177-10-190-4-112-84-184-43-116-65-131-149-123-127-162-151-133-135-70-180-154-53-100-26-86-75-44-25-16-171-175-113-56-31-78-145-179-92-57-52-185-119-40-196-81-90-165-106-178-14-144-62-9-148-102-49-55-129-120-2-101-1-97-152-124-94-63-79-80-176-137-23-186-89-183-143-117-0-51-59-118-115-46-68-139-41-193-5"
10,72594,100,23799,96393,"15-144-14-138-165-90-81-196-40-119-185-179-145-78-31-56-113-175-171-16-25-44-120-2-75-86-26-94-63-79-80-137-23-89-183-143-176-133-151-51-118-59-115-46-68-139-193-41-5-42-181-159-69-108-18-22-146-34-160-48-54-30-177-10-190-4-112-84-35-184-43-116-65-131-149-162-123-127-70-135-154-180-53-100-101-1-97-152-129-92-57-55-52-106-178-49-102-62-9-148"
11,72087,100,24311,96398,"180-133-151-162-127-123-149-131-65-116-43-184-84-112-4-190-10-177-54-48-160-34-146-22-18-108-69-159-181-42-5-41-193-139-68-46-115-59-118-51-0-117-143-183-89-186-23-137-176-80-79-63-94-124-152-97-1-101-2-120-129-55-49-102-148-9-62-144-14-178-106-165-90-81-196-40-119-185-52-57-92-179-145-78-31-56-113-175-171-16-25-44-75-86-26-100-53-154-70-135"
12,71955,100,23555,95510,"119-196-81-90-165-138-14-144-62-9-148-102-49-178-106-52-55-57-92-129-152-97-1-101-100-53-180-154-135-70-127-123-162-149-131-65-116-43-184-35-84-112-4-190-10-177-30-54-48-160-34-146-22-18-108-69-159-181-42-5-41-193-139-68-46-115-59-118-51-151-133-176-0-143-183-89-23-137-80-79-63-94-26-86-75-2-120-44-25-16-171-175-113-56-31-78-145-179-185-40"
13,72602,100,23435,96037,"137-23-183-89-186-15-9-62-144-14-138-165-90-81-196-40-119-185-55-52-106-178-49-102-148-124-94-152-97-1-101-2-120-129-57-92-179-145-78-31-56-113-175-171-16-25-44-75-86-26-100-53-154-70-135-180-63-79-133-51-118-59-115-46-68-139-193-41-5-42-181-159-69-108-18-22-146-34-160-48-54-177-10-190-4-112-84-35-184-43-116-65-131-149-123-127-162-151-80-176"
14,72637,100,24381,97018,"105-116-43-184-84-112-190-10-177-54-48-160-34-146-22-18-108-69-159-181-42-5-41-193-139-68-46-115-118-59-51-0-117-143-183-89-186-23-137-176-80-79-63-94-124-152-97-1-101-2-120-129-55-49-102-148-9-62-144-14-178-106-165-90-81-196-40-119-185-52-57-92-179-145-78-31-56-113-175-171-16-25-44-75-86-26-100-53-154-180-70-135-133-151-162-127-123-149-131-65"
15,72432,100,24193,96625,"153-0-117-143-183-89-23-137-186-15-9-62-144-14-138-165-90-81-196-40-119-185-55-52-106-178-49-102-148-124-94-152-97-1-101-2-120-129-57-92-179-145-78-31-56-113-175-171-16-25-44-75-86-26-100-53-154-70-135-180-63-79-133-127-123-162-151-80-176-51-118-59-65-116-43-184-84-112-190-10-177-54-48-160-34-146-22-18-108-69-159-181-42-5-115-41-193-139-68-46"
16,72081,100,24305,96386,"46-115-118-59-51-0-117-143-183-89-186-23-137-176-80-79-63-94-124-152-97-1-101-2-120-129-55-49-102-148-9-62-144-14-178-106-165-90-81-196-40-119-185-52-57-92-179-145-78-31-56-113-175-171-16-25-44-75-86-26-100-53-154-180-70-135-133-151-162-127-123-149-131-65-116-43-184-84-112-4-190-10-177-54-48-160-34-146-22-18-108-69-159-181-42-5-41-193-139-68"
17,72350,100,24104,96454,"198-46-115-118-59-51-0-117-143-183-89-186-23-137-176-80-79-63-94-124-152-97-1-101-2-120-129-55-49-102-148-9-62-144-14-178-106-165-90-81-196-40-119-185-52-57-92-179-145-78-31-56-113-175-171-16-25-44-75-86-26-100-53-154-180-70-135-133-151-162-127-123-149-131-65-116-43-184-84-112-4-190-10-177-54-48-160-34-146-22-18-108-69-159-181-42-5-41-193-139"
18,72858,100,23770,96628,"157-196-81-90-40-119-165-185-106-178-3-14-144-62-9-148-102-49-52-55-179-145-78-92-57-129-152-97-1-101-100-53-180-154-135-70-127-123-162-149-131-65-116-43-184-35-84-112-4-190-10-177-30-54-48-160-34-146-22-18-108-69-159-181-42-5-41-193-139-68-46-115-59-118-51-151-133-176-143-183-89-23-137-80-79-63-94-26-86-75-2-120-44-25-16-171-175-113-56-31"
19,72458,100,24162,96620,"163-139-68-46-115-118-59-51-0-117-143-183-89-186-23-137-176-80-79-63-94-124-152-97-1-101-2-120-129-55-49-102-148-9-62-144-14-178-106-165-90-81-196-40-119-185-52-57-92-179-145-78-31-56-113-175-171-16-25-44-75-86-26-100-53-154-180-70-135-133-151-162-127-123-149-131-65-116-43-184-84-112-190-10-177-54-48-160-34-181-42-5-41-193-159-146-22-18-69-108"
20,73327,100,24033,97360,"73-62-9-148-102-49-178-106-52-55-57-92-129-152-97-1-101-100-53-180-154-135-70-127-123-162-149-131-65-116-43-184-35-84-112-4-190-10-177-30-54-48-160-34-146-22-18-108-69-159-181-42-5-41-193-139-68-46-115-59-118-51-151-133-176-143-183-89-23-137-80-79-63-94-26-86-75-2-120-44-25-16-171-175-113-56-31-78-145-179-185-119-40-196-81-90-165-138-14-144"
21,71951,100,24175,96126,"176-137-23-186-89-183-143-117-0-51-118-59-115-46-68-139-193-41-5-42-181-159-69-108-18-22-146-34-160-48-54-177-10-190-4-112-84-184-43-116-65-131-149-151-133-162-123-127-70-135-180-154-53-100-26-86-75-44-25-16-171-175-113-56-31-78-145-179-92-57-52-185-119-40-196-81-90-165-106-178-14-144-62-9-148-102-49-55-129-120-2-101-1-97-152-124-94-63-79-80"
22,71948,100,23548,95496,"14-144-62-9-148-102-49-178-106-52-55-57-92-129-152-97-1-101-100-53-180-154-135-70-127-123-162-149-131-65-116-43-184-35-84-112-4-190-10-177-30-54-48-160-34-146-22-18-108-69-159-181-42-5-41-193-139-68-46-115-59-118-51-151-133-176-0-143-183-89-23-137-80-79-63-94-26-86-75-2-120-44-25-16-171-175-113-56-31-78-145-179-185-119-40-196-81-90-165-138"
23,74252,100,24404,98656,"88-25-44-120-2-75-86-26-94-63-79-80-137-23-89-183-143-176-133-151-51-118-59-115-46-68-139-193-41-5-42-181-159-69-108-18-22-146-34-160-48-54-30-177-10-190-4-112-84-35-184-43-116-65-131-149-162-123-127-70-135-154-180-53-100-101-1-97-152-129-55-49-102-148-9-62-144-14-3-178-106-165-90-81-196-40-119-185-52-57-92-179-78-145-31-56-113-175-171-16"
24,72238,100,23760,95998,"3-14-144-62-9-148-102-49-178-106-52-55-57-92-129-152-97-1-101-100-53-180-154-135-70-127-123-162-149-131-65-116-43-184-35-84-112-4-190-10-177-30-54-48-160-34-146-22-18-108-69-159-181-42-5-41-193-139-68-46-115-59-118-51-151-133-176-0-143-183-89-23-137-80-79-63-94-26-86-75-2-120-44-25-16-171-175-113-56-31-78-145-179-185-119-40-196-81-90-165"
25,73257,100,23498,96755,"33-102-49-178-106-52-55-57-92-129-152-97-1-101-100-53-180-154-135-70-127-123-162-149-131-65-116-43-184-35-84-112-4-190-10-177-30-54-48-160-34-146-22-18-108-69-159-181-42-5-41-193-139-68-46-115-59-118-51-151-133-176-143-183-89-23-137-80-79-63-94-26-86-75-2-120-44-25-16-171-175-113-56-31-78-145-179-185-119-40-196-81-90-165-138-14-144-62-9-148"
26,72022,100,24246,96268,"149-123-127-162-151-133-135-70-180-154-53-100-26-86-75-44-25-16-171-175-113-56-31-78-145-179-92-57-52-185-119-40-196-81-90-165-106-178-14-144-62-9-148-102-49-55-129-120-2-101-1-97-152-124-94-63-79-80-176-137-23-186-89-183-143-117-0-51-118-59-115-46-68-139-193-41-5-42-181-159-69-108-18-22-146-34-160-48-54-177-10-190-4-112-84-184-43-116-65-131"
27,71761,100,23851,95612,"112-4-84-35-184-190-10-177-30-54-48-160-34-181-146-22-18-108-69-159-193-41-139-68-46-115-5-42-43-116-65-59-118-51-0-117-143-183-89-186-23-137-176-80-79-63-94-124-152-97-1-101-2-120-129-55-49-102-148-9-62-144-14-178-106-165-90-81-196-40-119-185-52-57-92-179-145-78-31-56-113-175-171-16-25-44-75-86-26-100-53-154-180-70-135-133-151-162-123-127"
28,72594,100,23799,96393,"15-144-14-138-165-90-81-196-40-119-185-179-145-78-31-56-113-175-171-16-25-44-120-2-75-86-26-94-63-79-80-137-23-89-183-143-176-133-151-51-118-59-115-46-68-139-193-41-5-42-181-159-69-108-18-22-146-34-160-48-54-30-177-10-190-4-112-84-35-184-43-116-65-131-149-162-123-127-70-135-154-180-53-100-101-1-97-152-129-92-57-55-52-106-178-49-102-62-9-148"
29,71773,100,24102,95875,"146-181-34-160-48-54-177-10-190-4-112-84-35-184-42-43-116-65-131-149-123-127-162-151-133-135-70-180-154-53-100-26-86-75-44-25-16-171-175-113-56-31-78-145-179-92-57-52-185-119-40-196-81-90-165-106-178-14-144-62-9-148-102-49-55-129-120-2-101-1-97-152-124-94-63-79-80-176-137-23-186-89-183-143-117-0-51-59-118-115-46-68-139-41-193-159-69-108-18-22"
30,71948,100,23548,95496,"178-49-102-148-9-62-144-14-138-165-90-81-196-40-119-185-179-145-78-31-56-113-175-171-16-25-44-120-2-75-86-26-94-63-79-80-137-23-89-183-143-0-176-133-151-51-118-59-115-46-68-139-193-41-5-42-181-159-69-108-18-22-146-34-160-48-54-30-177-10-190-4-112-84-35-184-43-116-65-131-149-162-123-127-70-135-154-180-53-100-101-1-97-152-129-92-57-55-52-106"
31,71948,100,23548,95496,"49-102-148-9-62-144-14-138-165-90-81-196-40-119-185-179-145-78-31-56-113-175-171-16-25-44-120-2-75-86-26-94-63-79-80-137-23-89-183-143-0-176-133-151-51-118-59-115-46-68-139-193-41-5-42-181-159-69-108-18-22-146-34-160-48-54-30-177-10-190-4-112-84-35-184-43-116-65-131-149-162-123-127-70-135-154-180-53-100-101-1-97-152-129-92-57-55-52-106-178"
32,72535,100,24864,97399,"184-43-65-131-149-123-127-162-151-133-135-70-180-154-53-100-26-86-75-44-25-16-171-175-113-56-31-78-145-179-92-57-52-185-119-40-196-81-90-165-106-178-14-144-62-9-148-102-49-55-129-120-2-101-1-97-152-124-94-63-79-80-176-137-23-186-89-183-143-117-0-51-59-118-115-46-68-139-193-41-116-42-181-159-69-108-18-22-146-34-160-48-54-177-10-190-4-112-84-35"
33,72087,100,24311,96398,"63-79-80-176-137-23-186-89-183-143-117-0-51-118-59-115-46-68-139-193-41-5-42-181-159-69-108-18-22-146-34-160-48-54-177-10-190-4-112-84-184-43-116-65-131-149-123-127-162-151-133-180-135-70-154-53-100-26-86-75-44-25-16-171-175-113-56-31-78-145-179-92-57-52-185-119-40-196-81-90-165-106-178-14-144-62-9-148-102-49-55-129-120-2-101-1-97-152-124-94"
34,73023,100,23462,96485,"12-148-102-49-178-106-52-55-185-119-40-196-81-90-165-138-14-144-62-9-15-186-89-183-23-137-176-80-151-162-127-123-149-131-65-116-43-184-84-112-4-190-10-177-54-48-160-34-146-22-18-108-69-159-181-42-5-41-193-139-68-46-115-59-118-51-133-79-63-180-135-70-154-53-100-26-86-75-44-25-16-171-175-113-56-31-78-145-179-92-57-129-120-2-101-1-97-152-94-124"
35,73031,100,23503,96534,"155-14-138-165-90-81-196-40-119-185-179-145-78-31-56-113-175-171-16-25-44-120-2-75-86-26-94-63-79-80-137-23-89-183-143-176-133-151-51-118-59-115-46-68-139-193-41-5-42-181-159-69-108-18-22-146-34-160-48-54-30-177-10-190-4-112-84-35-184-43-116-65-131-149-162-123-127-70-135-154-180-53-100-101-1-97-152-129-92-57-55-52-106-178-49-102-148-9-62-144"
36,73194,100,23503,96697,"19-152-1-101-100-26-97-2-120-129-57-92-179-145-78-31-56-113-175-171-16-25-44-75-86-53-154-70-135-180-63-79-133-51-118-59-115-46-68-139-193-41-5-42-181-159-69-108-18-22-146-34-160-48-54-177-10-190-4-112-84-184-43-116-65-131-149-123-127-162-151-80-176-137-23-183-89-186-15-9-62-144-14-138-165-90-81-196-40-119-185-55-52-106-178-49-102-148-124-94"
37,71948,100,23548,95496,"14-144-62-9-148-102-49-178-106-52-55-57-92-129-152-97-1-101-100-53-180-154-135-70-127-123-162-149-131-65-116-43-184-35-84-112-4-190-10-177-30-54-48-160-34-146-22-18-108-69-159-181-42-5-41-193-139-68-46-115-59-118-51-151-133-176-0-143-183-89-23-137-80-79-63-94-26-86-75-2-120-44-25-16-171-175-113-56-31-78-145-179-185-119-40-196-81-90-165-138"
38,73406,100,24226,97632,"83-89-183-143-117-0-176-80-151-162-127-123-149-131-65-116-43-184-190-10-177-54-48-160-34-146-22-18-108-69-159-181-42-5-41-193-139-68-46-115-59-118-51-133-79-63-180-135-70-154-53-100-26-86-75-44-25-16-171-175-113-56-31-78-145-179-92-57-129-120-2-101-1-97-152-94-124-148-102-49-178-106-52-55-185-119-40-196-81-90-165-138-14-144-62-9-15-137-23-186"
39,72637,100,24381,97018,"105-116-43-184-84-112-190-10-177-54-48-160-34-146-22-18-108-69-159-181-42-5-41-193-139-68-46-115-118-59-51-0-117-143-183-89-186-23-137-176-80-79-63-94-124-152-97-1-101-2-120-129-55-49-102-148-9-62-144-14-178-106-165-90-81-196-40-119-185-52-57-92-179-145-78-31-56-113-175-171-16-25-44-75-86-26-100-53-154-180-70-135-133-151-162-127-123-149-131-65"
40,72639,100,24161,96800,"120-2-75-86-26-94-63-79-80-137-23-89-183-143-0-176-133-151-51-118-59-115-46-68-139-193-41-5-42-181-159-69-108-18-22-146-34-160-48-54-30-177-10-190-4-112-84-35-184-43-116-65-131-149-162-123-127-70-135-154-180-53-100-101-1-97-152-129-55-49-102-148-9-62-144-14-3-178-106-165-90-81-196-40-119-185-52-57-92-179-145-78-31-56-113-175-171-16-25-44"
41,73238,100,23922,97160,"98-56-113-175-171-16-31-78-145-25-44-120-2-75-86-26-94-63-79-80-137-23-89-183-143-0-176-133-151-51-118-59-115-46-68-139-193-41-5-42-181-159-69-108-18-22-146-34-160-48-54-30-177-10-190-4-112-84-35-184-43-116-65-131-149-162-123-127-70-135-154-180-53-100-101-1-97-152-129-92-57-55-52-49-102-148-9-62-144-14-3-178-106-185-165-119-40-90-81-196"
42,72276,100,23766,96042,"156-127-123-162-151-133-135-70-180-154-53-100-26-86-75-44-25-16-171-175-113-56-31-78-145-179-92-57-52-185-119-40-196-81-90-165-106-178-14-144-62-9-148-102-49-55-129-120-2-101-1-97-152-124-94-63-79-80-176-137-23-186-89-183-143-117-0-51-118-59-65-116-43-42-5-115-46-68-139-41-193-159-69-108-18-22-146-181-34-160-48-54-177-10-190-184-35-84-4-112"
43,73415,100,25081,98496,"11-35-84-4-112-127-123-162-133-135-70-180-154-53-100-26-86-75-44-25-16-171-175-113-56-31-78-145-179-92-57-52-185-40-196-81-90-165-106-178-14-144-62-9-148-102-49-55-129-120-2-101-1-97-152-124-94-63-79-80-176-137-23-186-89-183-143-117-0-51-151-149-131-65-59-118-115-46-68-139-193-41-116-43-42-181-159-69-108-18-22-146-34-160-48-54-177-10-190-184"
44,73540,100,24371,97911,"76-176-80-151-162-127-123-149-131-65-116-43-184-190-10-177-54-48-160-34-146-22-18-108-69-159-181-42-5-41-193-139-68-46-115-59-118-51-133-79-63-180-135-70-154-53-100-26-86-75-44-25-16-171-175-113-56-31-78-145-179-92-57-129-120-2-101-1-97-152-94-124-148-102-49-178-106-52-55-185-119-40-196-81-90-165-138-14-144-62-9-15-186-137-23-89-183-143-117-0"
45,71761,100,23851,95612,"84-4-112-127-123-162-151-133-135-70-180-154-53-100-26-86-75-44-25-16-171-175-113-56-31-78-145-179-92-57-52-185-119-40-196-81-90-165-106-178-14-144-62-9-148-102-49-55-129-120-2-101-1-97-152-124-94-63-79-80-176-137-23-186-89-183-143-117-0-51-118-59-65-116-43-42-5-115-46-68-139-41-193-159-69-108-18-22-146-181-34-160-48-54-30-177-10-190-184-35"
46,72087,100,24311,96398,"63-79-80-176-137-23-186-89-183-143-117-0-51-118-59-115-46-68-139-193-41-5-42-181-159-69-108-18-22-146-34-160-48-54-177-10-190-4-112-84-184-43-116-65-131-149-123-127-162-151-133-180-135-70-154-53-100-26-86-75-44-25-16-171-175-113-56-31-78-145-179-92-57-52-185-119-40-196-81-90-165-106-178-14-144-62-9-148-102-49-55-129-120-2-101-1-97-152-124-94"
47,72432,100,24193,96625,"153-0-117-143-183-89-23-137-186-15-9-62-144-14-138-165-90-81-196-40-119-185-55-52-106-178-49-102-148-124-94-152-97-1-101-2-120-129-57-92-179-145-78-31-56-113-175-171-16-25-44-75-86-26-100-53-154-70-135-180-63-79-133-127-123-162-151-80-176-51-118-59-65-116-43-184-84-112-190-10-177-54-48-160-34-146-22-18-108-69-159-181-42-5-115-41-193-139-68-46"
48,74350,100,24421,98771,"50-175-171-16-25-44-120-2-75-86-26-94-63-79-80-137-23-89-183-143-176-133-151-51-118-59-115-46-68-139-193-41-5-42-181-159-69-108-18-22-146-34-160-48-54-30-177-10-190-4-112-84-35-184-43-116-65-131-149-162-123-127-70-135-154-180-53-100-101-1-97-152-129-55-49-102-148-9-62-144-14-3-178-106-165-90-81-196-40-119-185-52-57-92-179-78-145-31-56-113"
49,73327,100,24033,97360,"73-62-9-148-102-49-178-106-52-55-57-92-129-152-97-1-101-100-53-180-154-135-70-127-123-162-149-131-65-116-43-184-35-84-112-4-190-10-177-30-54-48-160-34-146-22-18-108-69-159-181-42-5-41-193-139-68-46-115-59-118-51-151-133-176-143-183-89-23-137-80-79-63-94-26-86-75-2-120-44-25-16-171-175-113-56-31-78-145-179-185-119-40-196-81-90-165-138-14-144"
50,72087,100,24311,96398,"180-133-151-162-127-123-149-131-65-116-43-184-84-112-4-190-10-177-54-48-160-34-146-22-18-108-69-159-181-42-5-41-193-139-68-46-115-59-118-51-0-117-143-183-89-186-23-137-176-80-79-63-94-124-152-97-1-101-2-120-129-55-49-102-148-9-62-144-14-178-106-165-90-81-196-40-119-185-52-57-92-179-145-78-31-56-113-175-171-16-25-44-75-86-26-100-53-154-70-135"
51,72858,100,23770,96628,"157-196-81-90-40-119-165-185-106-178-3-14-144-62-9-148-102-49-52-55-179-145-78-92-57-129-152-97-1-101-100-53-180-154-135-70-127-123-162-149-131-65-116-43-184-35-84-112-4-190-10-177-30-54-48-160-34-146-22-18-108-69-159-181-42-5-41-193-139-68-46-115-59-118-51-151-133-176-143-183-89-23-137-80-79-63-94-26-86-75-2-120-44-25-16-171-175-113-56-31"
52,72712,100,25041,97753,"177-54-48-34-160-181-42-43-116-41-193-159-146-22-18-108-69-139-68-46-115-118-59-65-131-149-151-51-0-117-143-183-89-186-23-137-176-80-79-63-94-124-152-97-1-101-2-120-129-55-49-102-148-9-62-144-14-178-106-165-90-81-196-40-119-185-52-57-92-179-145-78-31-56-113-175-171-16-25-44-75-86-26-100-53-154-180-70-135-133-162-123-127-112-4-84-35-184-190-10"
53,72022,100,24246,96268,"51-118-59-115-46-68-139-193-41-5-42-181-159-69-108-18-22-146-34-160-48-54-177-10-190-4-112-84-184-43-116-65-131-149-123-127-162-151-133-135-70-180-154-53-100-26-86-75-44-25-16-171-175-113-56-31-78-145-179-92-57-52-185-119-40-196-81-90-165-106-178-14-144-62-9-148-102-49-55-129-120-2-101-1-97-152-124-94-63-79-80-176-137-23-186-89-183-143-117-0"
54,72752,100,23585,96337,"1-101-2-120-129-57-92-179-145-78-31-56-113-175-171-16-25-44-75-86-53-154-70-135-180-63-79-133-51-118-59-115-46-68-139-193-41-5-42-181-159-69-108-18-22-146-34-160-48-54-177-10-190-4-112-84-35-184-43-116-65-131-149-123-127-162-151-80-176-137-23-183-89-186-15-9-62-144-14-138-165-90-81-196-40-119-185-55-52-106-178-49-102-148-124-94-100-26-97-152"
55,72602,100,23435,96037,"86-26-100-53-154-70-135-180-63-79-133-51-118-59-115-46-68-139-193-41-5-42-181-159-69-108-18-22-146-34-160-48-54-177-10-190-4-112-84-35-184-43-116-65-131-149-123-127-162-151-80-176-137-23-183-89-186-15-9-62-144-14-138-165-90-81-196-40-119-185-55-52-106-178-49-102-148-124-94-152-97-1-101-2-120-129-57-92-179-145-78-31-56-113-175-171-16-25-44-75"
56,71948,100,23548,95496,"138-165-90-81-196-40-119-185-179-145-78-31-56-113-175-171-16-25-44-120-2-75-86-26-94-63-79-80-137-23-89-183-143-0-176-133-151-51-118-59-115-46-68-139-193-41-5-42-181-159-69-108-18-22-146-34-160-48-54-30-177-10-190-4-112-84-35-184-43-116-65-131-149-162-123-127-70-135-154-180-53-100-101-1-97-152-129-92-57-55-52-106-178-49-102-148-9-62-144-14"
57,72639,100,24161,96800,"25-44-120-2-75-86-26-94-63-79-80-137-23-89-183-143-0-176-133-151-51-118-59-115-46-68-139-193-41-5-42-181-159-69-108-18-22-146-34-160-48-54-30-177-10-190-4-112-84-35-184-43-116-65-131-149-162-123-127-70-135-154-180-53-100-101-1-97-152-129-55-49-102-148-9-62-144-14-3-178-106-165-90-81-196-40-119-185-52-57-92-179-145-78-31-56-113-175-171-16"
58,73613,100,23917,97530,"132-14-138-165-90-81-196-40-119-185-179-145-78-31-56-113-175-171-16-25-44-120-2-75-86-26-94-63-79-80-137-23-89-183-143-176-133-151-51-118-59-115-46-68-139-193-41-5-42-181-159-69-108-18-22-146-34-160-48-54-30-177-10-190-4-112-84-35-184-43-116-65-131-149-162-123-127-70-135-154-180-53-100-101-1-97-152-129-92-57-55-52-106-178-49-102-148-9-62-144"
59,71955,100,23555,95510,"119-196-81-90-165-138-14-144-62-9-148-102-49-178-106-52-55-57-92-129-152-97-1-101-100-53-180-154-135-70-127-123-162-149-131-65-116-43-184-35-84-112-4-190-10-177-30-54-48-160-34-146-22-18-108-69-159-181-42-5-41-193-139-68-46-115-59-118-51-151-133-176-0-143-183-89-23-137-80-79-63-94-26-86-75-2-120-44-25-16-171-175-113-56-31-78-145-179-185-40"
60,71948,100,23548,95496,"62-144-14-138-165-90-81-196-40-119-185-179-145-78-31-56-113-175-171-16-25-44-120-2-75-86-26-94-63-79-80-137-23-89-183-143-0-176-133-151-51-118-59-115-46-68-139-193-41-5-42-181-159-69-108-18-22-146-34-160-48-54-30-177-10-190-4-112-84-35-184-43-116-65-131-149-162-123-127-70-135-154-180-53-100-101-1-97-152-129-92-57-55-52-106-178-49-102-148-9"
61,71761,100,23851,95612,"112-4-84-35-184-190-10-177-30-54-48-160-34-181-146-22-18-108-69-159-193-41-139-68-46-115-5-42-43-116-65-59-118-51-0-117-143-183-89-186-23-137-176-80-79-63-94-124-152-97-1-101-2-120-129-55-49-102-148-9-62-144-14-178-106-165-90-81-196-40-119-185-52-57-92-179-145-78-31-56-113-175-171-16-25-44-75-86-26-100-53-154-180-70-135-133-151-162-123-127"
62,71488,100,23578,95066,"143-183-89-186-23-137-176-80-79-63-94-124-152-97-1-101-2-120-129-55-49-102-148-9-62-144-14-178-106-165-90-81-196-40-119-185-52-57-92-179-145-78-31-56-113-175-171-16-25-44-75-86-26-100-53-154-180-135-70-127-123-162-133-151-51-118-59-65-116-43-184-35-84-112-4-190-10-177-30-54-48-160-34-146-22-18-108-69-159-181-42-5-115-41-193-139-68-46-0-117"
63,72432,100,24193,96625,"153-0-117-143-183-89-23-137-186-15-9-62-144-14-138-165-90-81-196-40-119-185-55-52-106-178-49-102-148-124-94-152-97-1-101-2-120-129-57-92-179-145-78-31-56-113-175-171-16-25-44-75-86-26-100-53-154-70-135-180-63-79-133-127-123-162-151-80-176-51-118-59-65-116-43-184-84-112-190-10-177-54-48-160-34-146-22-18-108-69-159-181-42-5-115-41-193-139-68-46"
64,72432,100,24193,96625,"153-0-117-143-183-89-23-137-186-15-9-62-144-14-138-165-90-81-196-40-119-185-55-52-106-178-49-102-148-124-94-152-97-1-101-2-120-129-57-92-179-145-78-31-56-113-175-171-16-25-44-75-86-26-100-53-154-70-135-180-63-79-133-127-123-162-151-80-176-51-118-59-65-116-43-184-84-112-190-10-177-54-48-160-34-146-22-18-108-69-159-181-42-5-115-41-193-139-68-46"
65,74252,100,24404,98656,"88-25-44-120-2-75-86-26-94-63-79-80-137-23-89-183-143-176-133-151-51-118-59-115-46-68-139-193-41-5-42-181-159-69-108-18-22-146-34-160-48-54-30-177-10-190-4-112-84-35-184-43-116-65-131-149-162-123-127-70-135-154-180-53-100-101-1-97-152-129-55-49-102-148-9-62-144-14-3-178-106-165-90-81-196-40-119-185-52-57-92-179-78-145-31-56-113-175-171-16"
66,71948,100,23548,95496,"148-102-49-178-106-52-55-57-92-129-152-97-1-101-100-53-180-154-135-70-127-123-162-149-131-65-116-43-184-35-84-112-4-190-10-177-30-54-48-160-34-146-22-18-108-69-159-181-42-5-41-193-139-68-46-115-59-118-51-151-133-176-0-143-183-89-23-137-80-79-63-94-26-86-75-2-120-44-25-16-171-175-113-56-31-78-145-179-185-119-40-196-81-90-165-138-14-144-62-9"
67,73307,100,24957,98264,"104-54-48-34-160-181-42-43-116-41-193-159-146-22-18-108-69-139-68-46-115-118-59-65-131-149-151-51-0-117-143-183-89-186-23-137-176-80-79-63-94-124-152-97-1-101-2-120-129-55-49-102-148-9-62-144-14-178-106-165-90-81-196-40-119-185-52-57-92-179-145-78-31-56-113-175-171-16-25-44-75-86-26-100-53-154-180-70-135-133-162-123-127-112-4-84-184-190-10-177"
68,73327,100,24033,97360,"73-62-9-148-102-49-178-106-52-55-57-92-129-152-97-1-101-100-53-180-154-135-70-127-123-162-149-131-65-116-43-184-35-84-112-4-190-10-177-30-54-48-160-34-146-22-18-108-69-159-181-42-5-41-193-139-68-46-115-59-118-51-151-133-176-143-183-89-23-137-80-79-63-94-26-86-75-2-120-44-25-16-171-175-113-56-31-78-145-179-185-119-40-196-81-90-165-138-14-144"
69,72752,100,23585,96337,"101-1-152-97-26-100-94-124-148-102-49-178-106-52-55-185-119-40-196-81-90-165-138-14-144-62-9-15-186-89-183-23-137-176-80-151-162-127-123-149-131-65-116-43-184-35-84-112-4-190-10-177-54-48-160-34-146-22-18-108-69-159-181-42-5-41-193-139-68-46-115-59-118-51-133-79-63-180-135-70-154-53-86-75-44-25-16-171-175-113-56-31-78-145-179-92-57-129-120-2"
70,72179,100,23701,95880,"179-196-81-40-119-90-165-185-106-178-3-14-144-62-9-148-102-49-52-55-57-92-129-152-97-1-101-100-53-180-154-135-70-127-123-162-149-131-65-116-43-184-35-84-112-4-190-10-177-30-54-48-160-34-146-22-18-108-69-159-181-42-5-41-193-139-68-46-115-59-118-51-151-133-176-0-143-183-89-23-137-80-79-63-94-26-86-75-2-120-44-25-16-171-175-113-56-31-78-145"
71,73540,100,24371,97911,"76-176-80-151-162-127-123-149-131-65-116-43-184-190-10-177-54-48-160-34-146-22-18-108-69-159-181-42-5-41-193-139-68-46-115-59-118-51-133-79-63-180-135-70-154-53-100-26-86-75-44-25-16-171-175-113-56-31-78-145-179-92-57-129-120-2-101-1-97-152-94-124-148-102-49-178-106-52-55-185-119-40-196-81-90-165-138-14-144-62-9-15-186-137-23-89-183-143-117-0"
72,72081,100,24305,96386,"139-68-46-115-118-59-51-0-117-143-183-89-186-23-137-176-80-79-63-94-124-152-97-1-101-2-120-129-55-49-102-148-9-62-144-14-178-106-165-90-81-196-40-119-185-52-57-92-179-145-78-31-56-113-175-171-16-25-44-75-86-26-100-53-154-180-70-135-133-151-162-127-123-149-131-65-116-43-184-84-112-4-190-10-177-54-48-160-34-146-22-18-108-69-159-181-42-5-41-193"
73,73408,100,25234,98642,"166-35-84-4-112-127-123-162-133-135-70-180-154-53-100-26-86-75-44-25-16-171-175-113-56-31-78-145-179-92-57-52-185-40-196-81-90-165-106-178-14-144-62-9-148-102-49-55-129-120-2-101-1-97-152-124-94-63-79-80-176-137-23-186-89-183-143-117-0-51-151-149-131-65-59-118-115-46-68-139-193-41-116-43-42-181-159-69-108-18-22-146-34-160-48-54-177-10-190-184"
74,72462,100,24250,96712,"23-137-186-15-9-62-144-14-138-165-90-81-196-40-119-185-55-52-106-178-49-102-148-124-94-152-97-1-101-2-120-129-57-92-179-145-78-31-56-113-175-171-16-25-44-75-86-26-100-53-154-70-135-180-63-79-133-51-118-59-115-46-68-139-193-41-5-42-181-159-69-108-18-22-146-34-160-48-54-177-10-190-84-184-43-116-65-131-149-123-127-162-151-80-176-0-117-143-183-89"
75,73152,100,24408,97560,"142-139-68-46-115-118-59-51-0-117-143-183-89-186-23-137-176-80-79-63-94-124-152-97-1-101-2-120-129-55-49-102-148-9-62-144-14-178-106-165-90-81-196-40-119-185-52-57-92-179-145-78-31-56-113-175-171-16-25-44-75-86-26-100-53-154-180-70-135-133-151-162-127-123-149-131-65-116-43-184-84-112-190-10-177-54-48-160-34-146-22-18-108-69-159-181-42-5-41-193"
76,72022,100,24246,96268,"131-149-123-127-162-151-133-135-70-180-154-53-100-26-86-75-44-25-16-171-175-113-56-31-78-145-179-92-57-52-185-119-40-196-81-90-165-106-178-14-144-62-9-148-102-49-55-129-120-2-101-1-97-152-124-94-63-79-80-176-137-23-186-89-183-143-117-0-51-118-59-115-46-68-139-193-41-5-42-181-159-69-108-18-22-146-34-160-48-54-177-10-190-4-112-84-184-43-116-65"
77,72818,100,24007,96825,"60-46-115-139-193-41-5-42-181-159-69-108-18-22-146-34-160-48-54-30-177-10-190-4-112-84-35-184-43-116-65-59-118-151-133-162-123-127-70-135-180-154-53-100-26-86-75-44-25-16-171-175-113-56-31-78-145-179-92-57-52-185-119-40-196-81-90-165-106-178-14-144-62-9-148-102-49-55-129-120-2-101-1-97-152-124-94-63-79-80-176-137-23-186-89-183-143-117-0-51"
78,73152,100,23660,96812,"91-196-81-40-119-90-165-185-106-178-3-14-144-62-9-148-102-49-52-55-57-92-129-152-97-1-101-100-53-180-154-135-70-127-123-162-149-131-65-116-43-184-35-84-112-4-190-10-177-30-54-48-160-34-146-22-18-108-69-159-181-42-5-41-193-139-68-46-115-59-118-51-151-133-176-143-183-89-23-137-80-79-63-94-26-86-75-2-120-44-25-16-171-175-113-56-31-78-145-179"
79,72747,100,23227,95974,"39-27-90-81-196-40-119-185-179-145-78-31-56-113-175-171-16-25-44-120-2-75-86-26-94-63-79-80-137-23-89-183-176-133-151-51-118-59-115-46-68-139-193-41-5-42-181-159-69-108-18-22-146-34-160-48-54-30-177-10-190-4-112-84-35-184-43-116-65-131-149-162-123-127-70-135-154-180-53-100-101-1-97-152-129-92-57-55-52-106-178-49-102-148-9-62-144-14-138-165"
80,71948,100,23548,95496,"102-148-9-62-144-14-138-165-90-81-196-40-119-185-179-145-78-31-56-113-175-171-16-25-44-120-2-75-86-26-94-63-79-80-137-23-89-183-143-0-176-133-151-51-118-59-115-46-68-139-193-41-5-42-181-159-69-108-18-22-146-34-160-48-54-30-177-10-190-4-112-84-35-184-43-116-65-131-149-162-123-127-70-135-154-180-53-100-101-1-97-152-129-92-57-55-52-106-178-49"
81,72752,100,23585,96337,"1-101-2-120-129-57-92-179-145-78-31-56-113-175-171-16-25-44-75-86-53-154-70-135-180-63-79-133-51-118-59-115-46-68-139-193-41-5-42-181-159-69-108-18-22-146-34-160-48-54-177-10-190-4-112-84-35-184-43-116-65-131-149-123-127-162-151-80-176-137-23-183-89-186-15-9-62-144-14-138-165-90-81-196-40-119-185-55-52-106-178-49-102-148-124-94-100-26-97-152"
82,71926,100,24150,96076,"69-108-18-22-146-159-193-41-5-42-181-34-160-48-54-177-10-190-4-112-84-184-43-116-65-131-149-123-127-162-151-133-135-70-180-154-53-100-26-86-75-44-25-16-171-175-113-56-31-78-145-179-92-57-52-185-119-40-196-81-90-165-106-178-14-144-62-9-148-102-49-55-129-120-2-101-1-97-152-124-94-63-79-80-176-137-23-186-89-183-143-117-0-51-59-118-115-46-68-139"
83,72458,100,24162,96620,"163-139-68-46-115-118-59-51-0-117-143-183-89-186-23-137-176-80-79-63-94-124-152-97-1-101-2-120-129-55-49-102-148-9-62-144-14-178-106-165-90-81-196-40-119-185-52-57-92-179-145-78-31-56-113-175-171-16-25-44-75-86-26-100-53-154-180-70-135-133-151-162-127-123-149-131-65-116-43-184-84-112-190-10-177-54-48-160-34-181-42-5-41-193-159-146-22-18-69-108"
84,71773,100,24102,95875,"146-181-34-160-48-54-177-10-190-4-112-84-35-184-42-43-116-65-131-149-123-127-162-151-133-135-70-180-154-53-100-26-86-75-44-25-16-171-175-113-56-31-78-145-179-92-57-52-185-119-40-196-81-90-165-106-178-14-144-62-9-148-102-49-55-129-120-2-101-1-97-152-124-94-63-79-80-176-137-23-186-89-183-143-117-0-51-59-118-115-46-68-139-41-193-159-69-108-18-22"
85,72087,100,24311,96398,"63-79-80-176-137-23-186-89-183-143-117-0-51-118-59-115-46-68-139-193-41-5-42-181-159-69-108-18-22-146-34-160-48-54-177-10-190-4-112-84-184-43-116-65-131-149-123-127-162-151-133-180-135-70-154-53-100-26-86-75-44-25-16-171-175-113-56-31-78-145-179-92-57-52-185-119-40-196-81-90-165-106-178-14-144-62-9-148-102-49-55-129-120-2-101-1-97-152-124-94"
86,72639,100,24161,96800,"120-2-75-86-26-94-63-79-80-137-23-89-183-143-0-176-133-151-51-118-59-115-46-68-139-193-41-5-42-181-159-69-108-18-22-146-34-160-48-54-30-177-10-190-4-112-84-35-184-43-116-65-131-149-162-123-127-70-135-154-180-53-100-101-1-97-152-129-55-49-102-148-9-62-144-14-3-178-106-165-90-81-196-40-119-185-52-57-92-179-145-78-31-56-113-175-171-16-25-44"
87,72772,100,24326,97098,"191-193-41-5-42-181-159-69-108-18-22-146-34-160-48-54-177-10-190-112-84-184-43-116-65-131-149-123-127-162-151-133-135-70-180-154-53-100-26-86-75-44-25-16-171-175-113-56-31-78-145-179-92-57-52-185-119-40-196-81-90-165-106-178-14-144-62-9-148-102-49-55-129-120-2-101-1-97-152-124-94-63-79-80-176-137-23-186-89-183-143-117-0-51-59-118-115-46-68-139"
88,73238,100,23922,97160,"98-56-113-175-171-16-31-78-145-25-44-120-2-75-86-26-94-63-79-80-137-23-89-183-143-0-176-133-151-51-118-59-115-46-68-139-193-41-5-42-181-159-69-108-18-22-146-34-160-48-54-30-177-10-190-4-112-84-35-184-43-116-65-131-149-162-123-127-70-135-154-180-53-100-101-1-97-152-129-92-57-55-52-49-102-148-9-62-144-14-3-178-106-185-165-119-40-90-81-196"
89,71948,100,23548,95496,"40-196-81-90-165-138-14-144-62-9-148-102-49-178-106-52-55-57-92-129-152-97-1-101-100-53-180-154-135-70-127-123-162-149-131-65-116-43-184-35-84-112-4-190-10-177-30-54-48-160-34-146-22-18-108-69-159-181-42-5-41-193-139-68-46-115-59-118-51-151-133-176-0-143-183-89-23-137-80-79-63-94-26-86-75-2-120-44-25-16-171-175-113-56-31-78-145-179-185-119"
90,73031,100,23503,96534,"155-14-138-165-90-81-196-40-119-185-179-145-78-31-56-113-175-171-16-25-44-120-2-75-86-26-94-63-79-80-137-23-89-183-143-176-133-151-51-118-59-115-46-68-139-193-41-5-42-181-159-69-108-18-22-146-34-160-48-54-30-177-10-190-4-112-84-35-184-43-116-65-131-149-162-123-127-70-135-154-180-53-100-101-1-97-152-129-92-57-55-52-106-178-49-102-148-9-62-144"
91,72129,100,24353,96482,"42-181-159-69-108-18-22-146-34-160-48-54-177-10-190-4-112-84-184-43-116-65-131-149-123-127-162-151-133-135-70-180-154-53-100-26-86-75-44-25-16-171-175-113-56-31-78-145-179-92-57-52-185-119-40-196-81-90-165-106-178-14-144-62-9-148-102-49-55-129-120-2-101-1-97-152-124-94-63-79-80-176-137-23-186-89-183-143-117-0-51-59-118-115-46-68-139-41-193-5"
92,72087,100,24311,96398,"154-53-100-26-86-75-44-25-16-171-175-113-56-31-78-145-179-92-57-52-185-119-40-196-81-90-165-106-178-14-144-62-9-148-102-49-55-129-120-2-101-1-97-152-124-94-63-79-80-176-137-23-186-89-183-143-117-0-51-118-59-115-46-68-139-193-41-5-42-181-159-69-108-18-22-146-34-160-48-54-177-10-190-4-112-84-184-43-116-65-131-149-123-127-162-151-133-180-135-70"
93,72637,100,24381,97018,"105-116-43-184-84-112-190-10-177-54-48-160-34-146-22-18-108-69-159-181-42-5-41-193-139-68-46-115-118-59-51-0-117-143-183-89-186-23-137-176-80-79-63-94-124-152-97-1-101-2-120-129-55-49-102-148-9-62-144-14-178-106-165-90-81-196-40-119-185-52-57-92-179-145-78-31-56-113-175-171-16-25-44-75-86-26-100-53-154-180-70-135-133-151-162-127-123-149-131-65"
94,72530,100,24318,96848,"186-89-183-143-117-0-176-80-151-162-127-123-149-131-65-116-43-184-84-190-10-177-54-48-160-34-146-22-18-108-69-159-181-42-5-41-193-139-68-46-115-59-118-51-133-79-63-180-135-70-154-53-100-26-86-75-44-25-16-171-175-113-56-31-78-145-179-92-57-129-120-2-101-1-97-152-94-124-148-102-49-178-106-52-55-185-119-40-196-81-90-165-138-14-144-62-9-15-137-23"
95,73129,100,23590,96719,"187-196-40-119-185-179-145-78-31-56-113-175-171-16-25-44-120-2-75-86-26-94-63-79-80-137-23-89-183-143-176-133-151-51-118-59-115-46-68-139-193-41-5-42-181-159-69-108-18-22-146-34-160-48-54-30-177-10-190-4-112-84-35-184-43-116-65-131-149-162-123-127-70-135-154-180-53-100-101-1-97-152-129-92-57-55-52-106-178-49-102-148-9-62-144-14-138-165-90-81"
96,71948,100,23548,95496,"81-196-40-119-185-179-145-78-31-56-113-175-171-16-25-44-120-2-75-86-26-94-63-79-80-137-23-89-183-143-0-176-133-151-51-118-59-115-46-68-139-193-41-5-42-181-159-69-108-18-22-146-34-160-48-54-30-177-10-190-4-112-84-35-184-43-116-65-131-149-162-123-127-70-135-154-180-53-100-101-1-97-152-129-92-57-55-52-106-178-49-102-148-9-62-144-14-138-165-90"
97,71719,100,24005,95724,"93-0-46-68-139-193-41-115-5-42-181-159-69-108-18-22-146-34-160-48-54-177-10-190-4-112-84-184-43-116-65-59-118-51-151-133-162-123-127-70-135-180-154-53-100-26-86-75-44-25-16-171-175-113-56-31-78-145-179-92-57-52-185-119-40-196-81-90-165-106-178-14-144-62-9-148-102-49-55-129-120-2-101-1-97-152-124-94-63-79-80-176-137-23-186-89-183-143-117-140"
98,73436,100,24039,97475,"128-167-148-9-62-102-144-14-49-178-106-165-90-81-196-40-119-185-52-55-57-179-145-78-31-56-113-175-171-16-25-44-120-2-75-86-26-94-63-79-80-137-23-89-183-143-176-133-151-51-118-59-115-46-68-139-193-41-5-42-181-159-69-108-18-22-146-34-160-48-54-30-177-10-190-4-112-84-35-184-43-116-65-131-149-162-123-127-70-135-154-180-53-100-101-1-97-152-129-92"
99,72283,100,23978,96261,"167-148-9-62-102-144-14-49-178-106-165-90-81-196-40-119-185-52-55-57-179-145-78-31-56-113-175-171-16-25-44-120-2-75-86-26-94-63-79-80-137-23-89-183-143-0-176-133-151-51-118-59-115-46-68-139-193-41-5-42-181-159-69-108-18-22-146-34-160-48-54-30-177-10-190-4-112-84-35-184-43-116-65-131-149-162-123-127-70-135-154-180-53-100-101-1-97-152-129-92"
100,72772,100,24326,97098,"191-193-41-5-42-181-159-69-108-18-22-146-34-160-48-54-177-10-190-112-84-184-43-116-65-131-149-123-127-162-151-133-135-70-180-154-53-100-26-86-75-44-25-16-171-175-113-56-31-78-145-179-92-57-52-185-119-40-196-81-90-165-106-178-14-144-62-9-148-102-49-55-129-120-2-101-1-97-152-124-94-63-79-80-176-137-23-186-89-183-143-117-0-51-59-118-115-46-68-139"
