SolutionID,TotalCost,NumNodes,TotalDistance,ObjectiveFunction,TotalRunningTime,Cycle
1,279945,100,176514,456459,3,"38-156-145-28-29-12-154-41-10-186-195-77-185-85-146-61-42-89-27-82-199-111-88-71-72-124-139-74-121-31-177-123-174-30-133-95-125-150-63-93-37-188-36-75-50-62-117-148-13-187-0-189-159-181-60-197-7-32-4-79-64-35-122-58-67-110-107-143-102-178-26-80-114-136-8-113-141-175-18-9-182-169-144-108-84-198-137-119-127-15-68-147-109-152-172-173-129-104-16-90"
2,266088,100,169645,435733,0,"64-156-141-195-189-155-96-94-123-59-60-121-13-138-187-191-58-76-159-167-73-169-63-177-35-25-18-42-190-127-84-194-130-98-48-47-39-20-72-81-107-54-105-198-21-148-67-173-40-11-10-92-86-17-120-14-29-108-34-126-33-24-165-152-176-147-49-144-193-184-115-183-136-30-51-146-1-114-68-140-106-143-188-74-85-154-129-158-93-124-128-22-199-113-70-56-65-5-157-161"
3,277641,100,182225,459866,0,"11-94-71-116-137-157-4-92-17-6-136-81-42-155-177-194-68-134-153-76-86-82-10-187-143-63-97-29-51-31-84-104-89-78-59-138-193-28-47-69-164-66-54-110-158-87-192-159-117-58-21-185-189-33-9-190-178-139-184-46-49-62-162-27-13-149-88-48-121-77-170-145-67-56-195-107-163-53-156-105-61-146-160-197-99-73-34-113-109-65-52-168-148-40-15-175-141-0-75-72"
4,264320,100,168357,432677,0,"28-76-119-42-183-68-157-92-24-97-101-189-19-129-78-20-193-145-142-33-67-93-52-187-37-159-133-170-21-88-155-173-26-1-122-150-165-53-120-156-38-108-79-98-22-141-27-117-91-154-192-125-96-75-18-50-167-100-148-132-11-71-39-127-180-46-55-175-5-109-131-144-128-135-136-152-90-126-87-15-77-34-32-31-166-102-111-106-134-62-40-13-49-115-51-66-123-7-194-158"
5,262158,100,166649,428807,0,"182-49-54-191-3-108-27-173-180-73-160-35-139-7-171-133-61-120-125-38-167-123-21-187-37-94-98-170-82-92-188-161-100-28-85-71-58-104-124-183-76-23-156-175-90-14-178-127-69-65-97-62-4-95-185-190-2-74-166-179-11-163-102-146-193-136-165-143-153-194-151-86-195-31-109-140-59-72-114-121-142-131-45-25-168-181-138-117-141-101-34-192-105-53-5-189-15-30-16-132"
6,268945,100,173927,442872,2,"120-63-195-17-71-142-100-146-161-136-45-40-35-44-118-132-18-183-7-135-43-115-12-66-36-159-8-31-109-117-121-21-88-33-197-178-56-170-4-141-93-39-80-111-126-70-181-137-166-145-72-113-140-196-129-192-162-194-78-156-167-59-28-128-42-65-92-27-190-61-130-49-198-58-2-179-103-97-189-168-123-83-55-86-75-158-175-108-25-41-139-186-173-150-14-15-23-105-1-76"
7,274860,100,177590,452450,0,"198-74-46-33-36-171-81-89-102-150-94-112-16-132-3-29-143-99-173-48-151-196-61-12-67-78-166-75-117-90-65-9-178-197-128-68-121-186-69-174-153-79-106-131-158-76-118-139-113-71-35-120-162-47-31-184-59-34-8-10-181-183-66-91-26-146-137-19-42-163-86-109-161-54-152-64-108-167-0-169-84-97-119-155-107-73-114-21-135-95-199-24-156-62-130-92-191-134-25-125"
8,266936,100,172949,439885,0,"136-15-14-7-110-199-74-87-66-100-56-84-173-119-166-168-186-167-155-92-23-128-3-59-67-86-88-159-81-26-98-47-139-141-194-116-68-53-111-97-189-126-55-142-46-144-24-105-101-122-28-79-171-185-179-13-29-170-180-177-191-78-41-133-21-152-34-89-70-181-120-5-49-96-93-82-20-135-130-129-18-65-25-75-146-161-58-48-17-63-1-80-9-85-69-196-131-132-95-16"
9,271874,100,177118,448992,0,"21-103-63-126-76-148-108-162-171-33-147-5-35-111-172-181-66-6-80-112-30-165-104-183-115-196-175-143-58-11-149-23-100-139-32-186-22-29-59-119-166-199-182-49-44-57-167-94-45-105-0-154-50-9-92-168-184-55-179-157-185-127-129-69-34-90-195-85-150-78-121-7-117-99-8-16-146-53-161-169-56-170-62-48-130-17-133-24-38-193-122-145-159-19-125-134-79-43-135-142"
10,230885,100,142451,373336,0,"48-198-117-194-151-23-17-148-146-121-6-127-180-80-42-134-149-109-50-68-53-86-131-33-75-41-184-49-25-44-174-39-19-164-168-38-196-105-115-130-47-46-114-154-56-14-18-22-59-78-101-91-129-73-58-93-199-24-185-43-1-176-162-193-92-158-126-155-152-61-65-40-37-139-156-173-124-31-89-128-161-135-9-137-70-0-45-67-60-112-54-147-71-182-21-120-186-57-153-100"
11,266365,100,169567,435932,0,"163-42-107-134-36-37-16-27-108-52-136-18-90-92-39-14-102-144-38-60-105-24-44-150-119-34-155-127-132-145-89-148-112-65-143-196-63-175-157-13-183-190-43-19-121-32-69-125-151-179-100-115-191-123-189-159-17-6-25-167-95-177-8-182-149-2-74-93-195-199-23-180-33-152-48-94-56-118-81-50-64-128-171-164-170-88-116-58-80-22-83-86-194-11-75-15-198-153-122-147"
12,300429,100,194123,494552,0,"31-147-64-163-75-49-118-72-142-189-40-73-164-30-15-170-85-6-157-194-176-68-155-125-146-2-191-92-10-128-106-149-105-103-145-100-126-99-117-20-57-133-123-160-131-4-37-52-81-11-108-83-54-132-48-115-38-109-70-56-102-61-158-47-74-188-129-0-166-84-119-134-179-161-167-178-177-26-88-137-96-27-23-28-78-36-50-95-187-175-199-169-67-148-13-18-7-151-32-24"
13,258091,100,165254,423345,0,"132-47-98-123-18-9-145-182-65-44-144-150-55-45-122-14-57-54-66-199-149-151-180-62-178-147-191-19-83-102-129-196-143-103-2-43-22-166-118-74-184-188-80-198-110-111-71-91-100-75-115-112-46-128-37-28-179-113-32-68-31-86-20-146-95-173-67-51-105-40-5-78-33-36-72-6-104-41-159-3-84-92-1-97-197-96-134-121-49-171-90-162-52-195-137-76-177-81-30-94"
14,259388,100,163778,423166,0,"59-142-58-180-74-104-197-86-106-89-57-33-54-55-102-118-151-157-144-193-6-77-143-170-82-91-20-139-38-35-154-171-150-25-159-7-4-160-107-34-165-62-161-70-66-120-50-152-179-31-198-172-24-26-18-148-100-27-40-98-79-119-129-167-63-17-130-127-168-97-128-8-92-189-101-11-12-184-181-191-67-178-72-3-122-169-94-53-5-121-117-76-19-71-42-190-196-95-30-32"
15,272518,100,178167,450685,0,"34-94-27-127-113-164-141-194-18-148-48-180-197-98-125-108-25-192-118-44-74-53-106-104-155-115-172-80-110-120-54-102-17-167-134-41-12-81-186-150-107-184-196-79-119-170-8-10-37-26-62-47-183-66-15-38-146-165-129-32-179-175-199-82-158-30-149-60-154-24-21-101-23-2-72-4-156-14-97-139-193-159-178-11-163-185-55-1-142-19-123-116-190-73-166-33-99-100-122-189"
16,256516,100,156201,412717,0,"26-147-53-84-69-183-62-56-177-21-126-161-168-162-129-88-81-135-131-86-104-28-63-76-155-108-193-194-116-45-171-60-101-37-184-4-113-90-73-185-189-139-192-196-57-1-95-107-42-110-130-75-150-111-170-187-137-40-172-122-55-146-46-117-6-141-93-174-27-22-72-23-191-25-154-61-15-51-10-169-16-105-103-54-64-158-48-67-173-99-125-70-180-115-85-134-65-71-7-32"
17,260099,100,158416,418515,0,"6-143-55-157-81-136-21-41-61-174-181-100-118-52-144-8-111-188-154-198-182-76-46-23-92-142-135-29-24-56-83-147-190-137-7-148-50-153-86-57-39-129-158-114-185-91-102-150-145-74-78-109-199-193-4-67-64-36-87-146-140-172-12-40-131-88-164-45-160-35-112-62-127-197-34-130-195-186-13-38-98-159-178-60-177-30-105-1-183-70-149-152-3-48-116-27-0-17-120-58"
18,273458,100,174211,447669,0,"84-1-24-53-140-34-186-77-196-37-160-87-143-158-71-64-153-175-113-173-20-50-5-108-75-134-35-70-130-118-107-80-15-10-152-139-126-194-91-167-45-90-33-166-18-136-38-145-101-127-86-179-47-41-32-191-88-46-95-164-6-94-172-165-36-96-9-16-13-72-162-151-89-31-11-132-174-116-4-92-147-2-129-185-100-76-27-133-128-121-125-157-198-144-169-154-54-62-55-17"
19,266024,100,169232,435256,0,"161-46-103-183-182-16-95-36-119-10-79-30-187-167-176-70-127-192-55-190-135-131-116-65-18-106-7-111-43-17-28-94-74-59-40-14-47-61-109-15-158-191-42-129-163-93-0-19-141-186-153-199-147-20-162-172-126-78-96-39-121-145-104-89-123-169-115-9-76-177-136-77-171-75-168-184-50-148-152-66-160-102-128-64-101-25-2-53-38-149-134-118-82-142-26-84-117-29-140-125"
20,257103,100,160210,417313,1,"9-198-85-56-119-133-101-129-153-59-139-114-27-28-104-180-132-65-61-15-50-68-49-181-195-141-108-71-147-163-138-21-177-166-52-30-95-194-53-144-162-169-111-151-154-89-69-3-2-107-128-73-90-55-7-24-150-182-142-14-16-41-100-165-60-192-72-102-96-11-159-189-145-168-131-42-178-164-77-94-40-171-106-62-17-64-187-167-136-26-23-63-126-4-124-39-57-127-35-174"
21,271994,100,175069,447063,0,"127-18-103-55-73-62-67-76-71-23-82-142-159-31-164-21-51-40-190-109-187-167-91-156-189-192-144-104-39-181-177-57-35-137-20-88-140-155-100-17-154-89-63-165-8-157-194-162-143-29-138-176-52-81-145-168-6-193-130-46-49-85-97-30-69-79-170-28-27-188-110-47-133-16-116-152-13-158-93-119-12-197-65-0-172-169-139-166-108-128-153-113-146-54-68-66-124-123-178-141"
22,258434,100,166015,424449,0,"167-83-168-191-174-24-58-156-3-96-18-100-4-42-154-151-54-144-67-197-66-81-55-182-47-193-127-40-189-88-135-187-20-41-25-199-8-49-112-169-120-9-99-37-115-43-22-62-89-143-86-136-26-104-147-125-186-139-21-91-190-133-33-157-63-12-183-7-131-116-180-53-2-52-44-61-188-155-10-71-153-94-159-146-171-68-46-123-148-74-11-72-84-130-48-106-170-129-16-138"
23,265353,100,166456,431809,0,"84-13-190-71-86-56-160-142-97-158-186-114-173-144-122-5-191-59-33-76-184-80-139-161-179-24-6-101-73-174-104-95-1-4-192-132-138-194-17-155-15-134-8-156-180-195-163-135-92-167-117-123-196-93-38-10-63-112-124-7-39-68-103-72-20-77-79-28-47-32-42-102-81-31-162-69-128-19-12-26-89-181-115-40-65-116-182-27-62-50-91-187-78-53-60-185-149-193-98-35"
24,250629,100,157015,407644,0,"90-174-155-151-12-184-74-189-198-121-42-72-157-16-45-80-83-82-171-3-186-197-102-37-156-1-180-116-137-152-8-101-94-162-138-173-85-41-88-69-196-62-176-110-175-190-160-158-164-97-107-68-27-178-169-182-142-77-55-179-165-40-103-51-154-44-13-14-58-89-71-144-128-93-195-17-92-136-104-79-113-78-4-192-87-126-86-139-73-168-115-49-36-30-20-127-26-149-99-95"
25,260315,100,163071,423386,0,"100-21-187-56-26-141-82-191-90-63-102-104-93-103-84-153-119-130-46-148-194-160-0-13-91-107-12-36-52-32-76-145-80-27-143-114-154-66-188-97-161-132-127-174-149-117-147-198-150-49-31-3-156-11-94-2-85-5-122-182-197-59-23-142-25-57-180-121-44-136-55-73-7-4-88-78-65-158-58-190-67-42-165-1-16-40-71-196-134-64-54-171-109-139-70-151-37-115-123-92"
26,263201,100,163728,426929,0,"168-160-107-113-126-120-16-95-50-196-128-115-132-9-45-122-172-152-46-193-49-72-28-155-173-186-183-102-52-43-99-199-86-189-87-68-51-182-96-64-133-153-39-184-170-92-154-119-141-118-40-176-66-78-2-105-6-55-127-48-103-1-136-150-161-58-67-21-166-80-165-164-145-81-20-156-57-191-124-178-19-84-70-121-69-24-104-151-59-114-195-98-148-37-134-106-29-188-31-42"
27,259085,100,162838,421923,0,"176-127-156-193-138-44-35-116-38-48-21-142-165-195-65-183-33-79-59-166-113-42-146-0-163-16-13-94-137-186-73-109-66-1-6-69-71-61-180-177-136-31-57-37-99-68-64-108-34-104-196-139-89-53-97-32-191-128-148-189-147-173-74-100-117-81-80-72-19-17-164-87-43-174-52-169-192-105-18-126-83-190-135-60-157-143-29-175-129-121-179-77-98-154-58-172-115-26-106-133"
28,237959,100,145024,382983,0,"18-109-25-159-22-116-172-75-11-94-62-129-104-43-139-99-182-39-171-37-2-185-135-123-44-36-148-35-49-114-29-48-105-87-84-155-143-176-67-186-93-23-53-45-121-4-83-140-64-28-147-40-151-47-108-92-90-165-142-115-112-57-122-70-173-8-130-127-54-153-152-80-181-59-0-170-38-101-169-179-3-60-195-162-63-16-156-69-102-66-61-168-85-150-157-192-65-124-14-30"
29,264012,100,166942,430954,0,"32-162-106-55-6-76-71-36-119-161-136-35-102-46-9-191-10-101-21-166-14-145-103-100-28-82-124-123-172-140-7-122-25-62-147-185-92-23-197-160-42-4-168-195-78-148-86-34-45-138-139-199-0-59-198-105-65-135-79-154-184-121-120-17-109-111-142-158-157-165-167-159-18-30-177-13-174-156-179-133-118-150-188-149-164-155-57-137-11-107-183-2-141-192-182-73-27-130-152-24"
30,259523,100,160270,419793,0,"102-106-154-135-6-122-59-164-196-57-72-189-199-43-3-74-73-125-118-114-13-175-157-130-29-45-188-156-66-23-14-70-8-147-98-115-100-181-37-119-146-169-71-95-41-171-46-93-22-25-92-54-176-1-80-132-150-94-167-38-17-153-33-34-79-83-89-90-56-193-177-103-165-36-63-11-52-141-39-129-179-133-144-148-142-40-88-50-47-60-0-152-44-173-155-20-131-140-77-2"
31,279257,100,178763,458020,0,"86-73-75-173-5-35-34-172-174-139-196-118-112-46-99-71-33-27-69-74-180-20-24-102-13-78-186-55-130-76-6-84-81-161-50-1-162-193-167-68-137-30-191-176-168-9-104-136-152-48-154-132-15-70-126-113-138-36-175-109-166-101-140-155-121-89-163-87-100-110-18-8-57-116-159-97-149-17-194-189-83-119-142-21-47-51-62-0-171-93-32-22-31-185-160-60-88-85-29-59"
32,263850,100,159012,422862,0,"198-115-183-19-109-77-152-139-100-28-98-90-93-34-160-83-94-87-23-105-85-14-80-112-121-170-91-73-70-190-194-141-10-25-56-150-128-166-95-156-142-60-13-97-82-101-175-146-123-136-153-74-145-75-44-124-9-119-195-140-130-62-50-96-78-52-88-20-54-151-125-108-3-157-159-84-134-189-196-37-33-5-76-35-61-71-176-132-172-111-129-40-188-99-181-169-162-174-120-180"
33,255419,100,167673,423092,0,"100-135-124-136-117-26-150-108-12-106-63-46-158-183-194-49-68-128-163-74-123-192-116-45-83-127-93-186-55-0-113-197-121-20-193-31-122-157-18-29-34-23-58-139-75-167-65-104-178-22-51-172-115-148-38-120-138-92-102-7-133-175-141-96-33-143-114-30-16-42-171-82-27-8-32-195-77-119-149-189-1-165-94-25-79-41-99-188-97-10-73-11-109-182-101-36-9-72-89-180"
34,273781,100,180018,453799,0,"31-146-78-115-87-72-119-37-196-153-15-160-73-185-125-93-141-112-156-85-46-177-145-39-149-170-101-182-35-166-34-117-5-23-192-124-151-50-140-118-22-155-129-90-158-69-138-33-142-40-4-52-30-8-89-189-110-102-0-113-14-100-20-183-169-54-197-165-96-66-63-108-56-68-147-184-126-53-1-26-132-86-71-79-130-49-187-137-38-164-194-123-19-180-83-127-47-25-106-28"
35,265715,100,167579,433294,1,"112-165-169-89-90-171-44-98-21-135-70-189-113-63-175-58-3-188-78-185-163-133-48-126-147-127-54-117-162-145-182-38-141-83-115-10-52-69-195-150-159-123-161-40-15-6-50-37-53-107-17-51-199-32-155-101-24-164-43-95-110-178-142-19-86-103-22-60-132-94-91-56-41-0-65-129-136-177-85-196-106-23-72-35-88-187-198-173-67-154-27-100-42-111-104-138-80-149-168-68"
36,265739,100,166106,431845,0,"34-76-196-133-52-71-199-45-46-105-160-131-70-115-174-190-151-24-136-99-44-48-108-80-192-116-74-145-35-81-143-69-149-171-100-169-157-138-197-6-112-186-1-33-58-40-26-65-178-167-127-90-142-43-94-13-73-61-106-97-66-163-88-159-179-155-172-2-132-139-148-57-67-147-150-129-64-16-85-170-78-181-168-8-180-4-23-30-141-7-161-83-91-42-130-86-110-193-92-55"
37,276988,100,175022,452010,0,"48-164-18-132-139-168-11-60-120-102-56-77-43-137-30-4-80-152-82-189-22-47-174-180-6-135-51-166-122-186-97-89-103-190-83-16-24-111-91-52-173-73-92-29-172-195-150-187-55-192-162-54-175-145-151-7-10-67-157-125-79-101-105-49-25-94-113-149-131-61-127-90-159-194-199-84-117-196-85-32-13-116-58-44-95-147-33-74-142-161-146-36-176-181-118-37-68-66-98-182"
38,263832,100,167014,430846,0,"138-160-173-101-162-107-92-102-117-94-127-116-180-61-75-103-62-126-159-114-105-139-179-18-70-157-193-74-20-154-177-163-88-144-0-8-44-1-86-64-108-170-182-69-113-29-84-3-37-9-19-33-17-76-28-81-31-122-54-135-56-34-134-133-98-152-123-128-90-168-187-59-71-119-47-99-151-147-192-199-110-95-13-89-130-79-25-124-65-178-67-46-190-41-45-32-198-129-121-52"
39,252750,100,161484,414234,0,"112-26-182-123-86-162-159-131-171-56-89-153-193-11-37-94-70-109-145-3-23-46-135-184-19-80-73-173-178-93-160-6-62-92-115-58-120-9-18-111-72-192-157-75-49-7-108-24-186-38-48-14-16-137-117-63-12-42-2-129-172-68-113-125-191-136-96-87-155-165-4-151-196-85-47-83-82-187-195-169-13-40-183-36-78-15-27-126-21-76-95-179-164-102-138-130-71-50-8-90"
40,272399,100,169499,441898,0,"36-199-35-71-17-67-133-15-157-164-29-58-174-81-52-41-39-175-13-63-156-148-167-113-136-20-194-109-23-114-192-86-91-107-101-57-128-50-22-189-144-119-61-190-73-120-116-160-141-172-10-170-147-168-98-145-6-69-110-130-161-33-46-26-45-196-127-88-151-70-37-183-40-56-93-92-180-165-54-51-11-108-143-137-138-185-103-171-60-187-155-123-4-75-43-132-142-191-111-55"
41,255560,100,150557,406117,0,"176-17-172-30-142-156-108-11-118-171-125-56-114-168-122-157-135-198-162-71-195-79-2-107-61-170-140-90-76-130-54-29-102-37-134-120-178-192-167-150-80-65-93-41-23-68-124-131-191-7-105-166-46-50-139-109-194-189-57-55-97-132-33-112-147-87-38-88-123-43-32-106-58-144-25-155-21-22-116-199-26-70-89-104-74-78-115-133-197-190-186-103-5-72-77-84-34-161-117-47"
42,258825,100,167923,426748,0,"120-146-180-175-189-196-113-57-128-12-126-18-155-199-25-140-10-188-30-179-118-76-110-100-98-157-119-86-150-46-63-92-106-141-21-78-121-17-167-95-154-103-75-81-127-3-35-149-115-89-145-94-84-133-125-164-85-9-4-191-136-69-185-183-53-176-114-82-165-80-22-5-172-132-40-11-79-105-169-60-39-161-43-15-171-197-64-122-195-62-16-0-117-135-182-186-36-77-156-14"
43,278489,100,181905,460394,0,"185-89-80-149-95-187-34-119-33-56-118-104-86-47-153-101-170-135-60-12-136-72-151-81-54-40-19-83-172-144-32-90-190-110-196-171-37-11-21-108-4-163-133-98-141-85-137-0-193-2-152-126-148-129-20-78-116-195-168-24-70-181-107-41-94-58-50-68-105-147-112-113-159-124-44-130-139-43-175-157-189-3-150-52-31-154-77-73-65-97-143-17-93-156-146-13-88-131-28-186"
44,266139,100,164780,430919,0,"169-47-110-199-161-159-157-154-183-83-82-33-43-74-15-141-108-147-25-152-7-163-156-177-61-27-164-123-85-64-65-126-95-3-131-87-40-57-132-30-90-39-153-127-168-37-125-75-196-92-6-21-51-4-98-162-17-118-1-11-114-0-171-23-78-190-48-185-34-133-96-136-84-148-68-67-176-29-107-16-172-63-184-24-80-72-186-73-122-62-26-46-192-144-89-130-138-195-111-128"
45,265510,100,167614,433124,0,"86-137-142-2-124-101-98-97-120-163-30-178-193-175-127-162-191-140-102-11-131-0-92-32-84-44-107-46-145-154-78-75-144-135-14-188-132-13-143-39-1-88-100-103-195-150-87-57-108-91-125-38-6-141-25-138-151-160-93-40-83-164-59-71-50-61-18-62-182-168-136-99-161-170-147-5-172-189-95-56-65-183-4-16-177-7-106-198-82-77-104-54-152-19-167-129-158-48-28-110"
46,252909,100,154397,407306,0,"75-173-34-47-22-23-25-60-191-185-101-188-7-66-87-83-61-79-166-153-183-80-30-137-194-68-56-9-50-38-195-146-59-0-168-67-199-159-164-54-189-89-176-102-86-108-74-121-145-144-40-21-113-97-129-32-92-20-163-120-178-36-174-172-70-158-105-106-24-130-138-10-182-72-35-46-135-136-64-141-181-161-37-167-190-78-43-16-45-125-131-49-39-81-100-44-91-132-192-186"
47,264766,100,163647,428413,0,"68-59-91-95-31-156-89-101-56-10-184-45-15-142-102-146-137-20-36-154-163-139-97-122-106-114-112-47-109-51-168-16-151-48-11-149-33-187-178-158-173-197-131-188-60-116-103-105-29-159-171-198-172-183-100-98-58-49-3-196-192-115-92-66-132-50-83-144-195-113-22-108-77-73-61-44-123-170-160-124-104-41-12-21-42-76-25-165-136-111-40-125-134-2-155-181-81-88-35-82"
48,259787,100,167335,427122,0,"143-106-24-14-122-9-150-94-195-22-72-8-100-137-54-80-20-1-139-179-73-74-37-162-190-29-116-31-10-192-134-119-180-154-60-66-62-42-58-57-59-13-111-126-85-193-103-105-156-71-70-89-153-172-121-52-12-99-145-138-171-46-84-55-182-39-91-0-17-113-184-2-160-174-75-4-158-167-163-164-63-41-142-157-79-133-90-136-135-165-3-82-131-33-26-151-11-36-7-68"
49,271021,100,171183,442204,0,"87-172-166-63-174-159-7-193-157-43-73-27-3-121-191-42-136-155-11-74-135-118-127-82-90-20-41-15-30-181-116-55-173-49-48-152-150-199-134-114-139-4-140-21-133-195-102-119-188-0-189-67-94-186-179-183-156-61-84-8-124-62-81-169-184-194-126-13-125-138-1-160-58-113-23-2-192-196-72-80-148-128-149-190-146-93-35-68-167-85-158-103-108-59-29-144-168-66-14-187"
50,271651,100,178610,450261,0,"178-155-146-165-108-181-42-79-188-158-144-80-164-43-160-114-77-119-15-82-78-48-137-66-72-1-14-177-174-145-94-100-126-3-12-113-7-88-6-112-125-142-186-134-56-65-83-127-93-44-143-41-150-141-97-11-151-184-69-38-152-46-149-129-24-199-81-140-63-123-157-105-117-51-22-0-74-99-87-175-161-148-50-90-70-29-103-57-159-153-95-35-5-101-60-13-198-89-154-47"
51,282713,100,180854,463567,0,"83-189-82-53-9-107-28-91-170-8-126-174-86-163-38-27-43-15-5-138-173-32-36-149-58-193-142-199-71-137-195-134-157-154-164-112-70-150-135-24-127-63-92-11-26-101-115-141-31-194-139-16-97-85-6-89-69-147-80-64-48-95-120-74-128-161-184-187-7-191-3-145-177-49-190-29-180-42-96-197-140-143-133-179-103-20-44-122-132-66-10-118-84-56-105-79-54-168-151-21"
52,286656,100,179563,466219,0,"110-97-122-183-62-3-153-192-69-15-156-163-53-187-113-13-198-21-166-58-184-127-162-189-133-35-103-61-29-130-181-123-73-23-120-196-65-132-52-66-195-74-104-126-41-167-199-109-91-194-42-46-137-98-6-71-20-164-117-19-136-16-94-67-172-99-197-18-92-125-83-39-89-75-129-112-33-121-176-5-165-7-150-85-11-31-170-107-134-57-12-70-64-17-79-95-34-37-50-9"
53,246443,100,150478,396921,0,"47-173-86-3-162-191-76-143-52-98-192-94-5-59-74-14-15-100-126-154-93-125-97-9-102-42-45-6-187-103-183-61-132-159-17-28-43-1-196-178-95-90-153-51-31-70-147-24-89-195-105-164-128-172-96-71-73-123-161-184-135-139-48-145-112-83-115-81-142-171-189-57-37-114-63-127-75-82-124-174-113-193-146-197-160-79-130-134-120-111-0-38-180-148-165-27-40-33-67-23"
54,285144,100,180044,465188,0,"45-197-184-195-107-17-73-154-124-20-86-137-187-24-55-27-115-105-178-21-193-31-99-4-175-199-123-102-60-66-165-51-192-90-121-188-94-100-28-81-11-30-119-122-37-198-114-141-77-7-166-54-89-5-196-181-171-53-101-130-118-112-46-172-13-12-1-25-156-82-87-56-183-174-6-127-19-162-10-147-8-18-93-167-146-52-83-142-104-67-109-120-131-98-144-88-134-57-92-161"
55,269198,100,168126,437324,0,"111-175-104-28-140-53-27-44-18-196-148-145-0-88-3-181-187-15-48-26-107-116-143-83-20-79-154-185-11-160-101-76-155-198-21-109-35-87-112-13-176-172-19-70-102-51-72-22-152-179-91-158-6-69-60-133-29-25-113-182-78-128-121-124-38-189-177-136-156-100-1-163-99-142-71-126-41-74-131-57-92-178-165-146-199-33-138-55-153-81-93-43-191-134-174-151-17-89-68-167"
56,259319,100,164874,424193,0,"16-140-180-31-106-121-174-192-149-120-80-139-11-94-154-137-51-52-3-183-62-24-64-93-25-17-117-46-165-115-69-56-127-21-71-82-67-19-59-134-53-6-157-153-129-135-178-48-96-32-7-9-66-110-49-181-145-113-55-130-146-128-155-61-101-88-119-148-189-198-70-20-136-78-39-160-12-104-167-99-143-109-29-0-191-8-133-97-182-44-199-171-91-63-33-138-27-76-38-83"
57,279010,100,184303,463313,1,"186-79-110-40-171-14-188-140-132-42-93-3-61-27-78-99-43-20-141-137-55-30-21-183-163-108-179-44-161-105-41-76-64-74-25-115-199-32-58-96-19-129-150-65-57-103-175-18-153-159-168-177-6-38-49-160-109-162-66-187-173-68-2-10-16-31-193-185-123-23-98-75-172-117-158-90-182-166-107-148-13-47-157-127-122-114-50-92-184-94-34-164-97-56-181-83-198-176-116-85"
58,273624,100,181333,454957,0,"181-64-118-186-162-18-198-5-157-81-159-4-193-66-42-167-84-132-96-75-144-1-70-49-199-152-137-63-171-87-135-165-149-117-85-32-78-172-27-114-80-109-166-140-67-6-52-148-126-90-190-133-39-100-191-58-129-179-94-97-127-105-17-124-145-7-106-20-56-134-59-61-12-0-196-173-99-103-195-14-104-50-10-46-194-89-98-121-22-24-102-44-184-185-147-62-36-164-35-170"
59,260280,100,164260,424540,0,"34-61-129-198-155-109-35-69-154-173-178-23-41-87-59-145-74-7-98-56-62-127-141-50-40-181-161-105-101-93-71-32-117-177-114-91-10-103-64-54-189-113-157-21-136-183-142-196-152-108-13-163-180-16-75-19-55-112-165-94-158-77-76-68-153-182-190-170-134-65-78-63-33-12-24-72-44-116-82-133-186-36-97-131-167-140-79-171-159-20-139-179-132-73-51-99-149-146-143-192"
60,258365,100,163548,421913,0,"157-58-61-141-116-144-114-173-183-75-140-125-129-83-184-9-127-68-25-74-182-65-152-98-118-163-193-196-101-77-43-72-103-190-86-76-6-174-162-48-113-132-34-194-92-96-73-122-176-0-90-195-160-147-131-41-67-7-158-192-47-51-148-191-197-40-91-5-137-30-109-165-39-63-18-45-99-21-198-185-69-149-172-13-179-139-188-78-102-10-31-138-124-108-120-135-105-128-2-14"
61,267920,100,169799,437719,0,"68-38-111-25-145-83-7-13-14-148-134-2-139-115-57-69-101-76-199-75-19-10-166-36-87-18-188-106-79-17-198-180-4-64-132-34-168-24-52-102-3-103-15-136-163-161-45-119-152-150-49-105-129-184-72-130-96-97-121-65-89-126-33-0-131-26-144-82-48-92-77-98-21-74-20-187-53-133-160-61-16-70-56-90-100-116-154-135-182-169-81-151-195-104-122-155-120-186-158-59"
62,274580,100,170888,445468,0,"157-137-65-153-3-199-138-116-38-25-57-56-99-108-167-36-126-83-85-44-128-110-170-69-130-159-54-119-91-115-173-135-195-49-152-18-77-26-123-133-169-162-11-161-67-7-31-149-165-190-50-191-111-6-48-28-74-63-166-86-58-155-55-52-45-174-188-70-62-59-146-79-42-88-136-101-24-143-68-185-151-113-51-107-189-96-10-21-89-15-147-14-114-72-87-182-32-17-93-76"
63,270001,100,172603,442604,0,"76-45-13-9-187-191-3-47-71-89-123-57-156-22-28-63-165-113-198-31-151-111-109-169-95-68-124-97-32-110-66-141-88-10-170-12-62-105-108-75-194-174-147-91-160-96-148-40-197-60-143-144-70-33-175-79-179-157-136-65-67-7-58-92-166-101-181-23-25-61-145-183-193-21-177-146-5-38-155-29-150-27-112-116-117-195-130-173-17-78-167-14-139-154-35-129-51-53-72-149"
64,260191,100,161424,421615,0,"146-101-139-76-128-122-102-11-188-91-151-99-69-13-80-167-29-154-199-83-52-63-37-35-33-164-17-178-135-181-194-119-81-73-25-127-89-68-191-184-148-168-130-82-46-31-116-173-183-104-115-137-66-79-59-163-166-57-196-53-6-85-20-92-49-132-44-72-185-117-162-47-15-30-197-161-180-112-38-134-175-10-87-124-54-159-71-90-75-138-158-5-65-195-48-141-121-24-3-192"
65,272578,100,182844,455422,0,"55-27-65-119-109-103-52-2-115-1-74-104-145-59-140-11-187-139-133-159-175-153-157-100-152-60-128-160-86-110-183-105-121-22-41-5-172-43-135-94-101-199-180-154-13-4-113-69-53-46-35-156-39-174-167-96-127-7-165-24-70-108-149-137-190-87-23-184-95-198-116-38-173-18-71-191-51-93-75-80-148-72-99-79-83-77-189-3-144-192-125-185-146-20-40-49-32-54-73-142"
66,271157,100,181043,452200,0,"193-17-174-178-59-186-136-86-71-130-35-55-65-96-7-151-78-165-131-79-163-148-154-81-19-192-38-101-156-117-124-152-13-20-110-32-176-61-185-68-2-56-171-137-105-128-196-69-111-116-144-187-14-46-47-98-134-0-194-29-53-11-82-177-77-90-127-88-54-170-103-10-106-153-104-198-190-113-159-91-139-199-44-102-36-157-31-1-67-135-22-94-167-64-183-99-180-175-118-89"
67,270569,100,175670,446239,0,"159-19-6-2-109-185-137-24-32-170-105-160-82-198-190-193-154-75-139-7-161-112-87-146-131-99-149-178-164-31-47-68-114-11-122-144-85-186-63-52-62-113-60-27-133-15-130-173-98-95-10-73-182-45-46-189-101-92-158-181-74-26-123-13-127-39-188-94-138-143-90-155-16-77-1-102-22-5-192-9-134-3-191-174-42-51-166-175-142-55-151-79-25-196-125-23-54-81-72-57"
68,263402,100,161840,425242,0,"128-113-168-40-132-122-89-31-52-81-33-147-199-118-92-148-149-22-72-0-173-187-150-165-21-57-47-138-174-53-39-87-130-5-198-38-29-62-60-169-156-68-28-65-193-25-176-42-133-95-45-181-117-189-153-103-11-108-172-48-183-59-23-19-4-157-163-88-161-127-93-32-76-144-114-79-124-54-170-129-41-18-194-102-90-197-37-101-137-126-166-151-107-141-196-195-191-162-34-67"
69,253972,100,155418,409390,0,"142-33-137-20-28-175-10-115-89-132-17-172-41-39-13-125-63-139-160-94-159-135-111-126-75-3-185-50-58-31-12-93-163-114-186-129-157-37-108-127-70-35-133-168-83-23-51-9-56-192-128-122-67-45-173-143-2-4-187-136-190-166-52-19-73-120-25-179-84-61-1-182-116-180-103-164-196-68-30-119-55-189-80-66-112-154-27-48-102-194-86-131-15-141-90-26-152-40-138-71"
70,259098,100,163756,422854,0,"29-47-42-100-0-166-72-133-15-195-197-77-121-116-74-160-25-34-57-122-91-117-154-150-5-97-82-11-159-148-4-138-26-155-16-12-84-196-89-70-198-45-60-120-176-58-88-172-78-187-169-118-140-6-10-71-101-123-61-184-149-41-94-81-83-68-186-183-131-199-27-165-110-115-36-63-142-21-107-170-111-31-152-40-51-13-79-161-9-7-53-90-136-157-191-76-109-171-178-93"
71,270512,100,173459,443971,0,"117-125-144-155-147-140-95-74-80-108-185-92-109-26-48-122-4-69-164-58-126-182-191-188-174-196-198-73-42-194-115-47-136-110-139-154-36-35-129-148-132-43-168-89-171-98-15-32-172-150-189-51-127-65-70-112-1-77-71-67-128-6-170-83-138-160-31-159-24-66-87-153-163-2-13-177-135-19-10-133-179-34-106-180-137-187-41-175-38-97-176-40-116-62-50-192-16-52-22-46"
72,259761,100,161370,421131,0,"46-79-5-136-25-101-147-163-191-161-91-84-36-65-62-59-16-113-138-151-185-150-145-172-173-44-103-7-99-28-93-108-29-122-159-82-132-128-30-80-148-55-107-119-95-2-70-90-15-180-4-189-39-156-40-26-76-152-184-135-110-57-22-66-37-137-14-109-155-98-63-60-89-120-52-64-83-54-146-87-42-141-133-157-166-6-165-10-100-174-139-194-50-126-112-61-187-53-0-24"
73,256721,100,158197,414918,0,"126-133-16-103-171-6-80-92-89-115-185-40-85-15-178-109-140-94-66-79-112-91-129-187-191-25-28-139-176-52-119-32-120-5-77-96-4-67-29-144-104-160-128-132-68-72-64-107-136-8-90-31-0-33-142-186-45-159-57-110-58-27-24-147-197-108-192-170-42-12-134-180-195-99-82-102-65-93-146-60-53-7-154-83-30-48-190-62-143-153-175-156-189-135-18-181-3-151-37-111"
74,259168,100,157695,416863,0,"91-55-56-173-166-19-193-168-184-142-100-194-90-9-159-195-66-1-155-36-174-87-162-182-89-128-153-189-94-105-85-78-119-186-150-61-127-148-199-34-117-124-53-39-31-145-98-86-167-144-192-126-123-8-170-181-121-20-133-10-7-108-106-139-82-77-69-190-2-120-132-24-114-18-134-149-151-152-196-156-154-110-37-169-47-54-43-23-163-93-84-64-33-179-172-11-40-187-96-178"
75,246804,100,152113,398917,1,"14-49-145-70-52-121-38-58-12-135-181-87-3-76-40-17-172-33-186-165-91-113-199-22-90-27-187-178-18-80-92-69-149-21-153-73-119-30-37-41-64-158-99-46-132-5-146-43-139-116-67-103-166-179-155-182-159-61-8-16-83-150-39-126-140-57-20-60-128-196-45-114-127-163-93-96-177-190-195-97-59-148-131-136-44-112-125-151-123-138-53-124-170-7-78-42-176-4-86-180"
76,275396,100,178914,454310,0,"149-10-56-84-188-98-181-148-130-139-67-135-108-64-44-115-11-132-99-105-101-197-90-76-30-161-62-170-15-59-19-96-155-163-3-113-194-114-75-192-128-0-162-16-123-107-146-166-28-50-89-196-95-41-33-157-26-34-51-100-138-112-124-175-141-93-43-47-54-48-46-91-27-198-185-7-63-40-23-79-159-167-32-160-154-177-55-83-77-61-127-150-178-171-129-131-14-133-186-142"
77,278312,100,180393,458705,0,"58-167-53-51-162-88-65-28-144-170-155-146-114-156-178-192-108-63-173-157-91-136-20-130-163-31-89-169-84-12-179-81-118-117-18-129-111-177-78-14-131-151-96-36-199-189-22-159-1-166-57-67-74-191-132-10-52-33-182-85-6-158-172-56-80-17-197-2-116-140-42-143-49-45-113-95-73-71-62-48-175-82-38-25-35-32-29-19-99-54-137-198-184-135-165-195-94-190-55-30"
78,264990,100,171810,436800,0,"143-196-153-61-124-166-156-33-91-21-16-3-147-4-31-159-99-160-179-78-98-165-122-149-104-65-189-114-76-69-180-1-106-63-30-137-119-183-37-169-129-42-116-34-92-108-150-40-195-67-82-49-148-136-58-164-45-120-118-184-174-152-86-66-85-139-43-38-68-0-171-198-54-95-47-39-103-127-134-187-194-56-162-44-52-32-18-60-23-70-181-133-138-175-155-57-130-163-11-199"
79,256343,100,163425,419768,0,"86-135-106-115-99-199-90-121-156-81-149-127-60-180-119-120-54-192-160-62-137-28-77-23-95-20-0-186-96-10-26-162-73-108-155-130-142-152-25-148-116-84-176-42-66-74-53-85-197-16-154-179-167-125-102-21-52-89-174-145-132-6-45-44-32-22-57-177-133-71-164-94-181-171-131-70-105-67-58-163-91-157-114-170-18-124-150-112-7-24-82-87-175-143-109-140-122-51-178-33"
80,253061,100,158197,411258,0,"51-197-130-93-137-26-102-112-190-74-169-85-90-123-198-9-113-172-161-196-140-60-97-182-164-116-70-47-166-115-58-86-176-63-84-29-17-96-101-23-80-110-53-151-35-100-154-122-139-136-126-170-107-48-61-50-75-65-118-127-30-121-188-55-143-125-81-193-91-109-1-103-184-16-111-92-43-31-174-129-148-183-132-33-191-179-32-187-128-82-159-78-177-87-165-3-104-153-94-62"
81,263907,100,166024,429931,0,"4-185-14-26-107-168-2-80-47-70-51-79-45-76-115-180-133-158-139-124-71-44-193-113-10-152-15-171-167-198-112-137-61-84-92-66-89-28-104-184-85-192-50-98-153-77-78-90-3-194-140-31-164-1-170-49-33-73-68-175-13-53-119-111-117-151-25-93-24-136-142-97-20-16-82-161-38-109-99-166-88-86-127-5-64-17-154-199-186-176-132-126-123-147-23-121-191-105-21-52"
82,283239,100,182496,465735,0,"13-118-103-40-121-61-148-5-167-158-33-22-147-194-50-66-48-8-73-2-107-127-9-138-69-34-108-25-136-7-29-16-97-26-10-89-47-30-130-161-175-32-1-80-53-189-198-165-4-27-3-124-35-141-12-119-88-133-36-58-86-59-143-94-131-170-152-195-197-114-112-85-150-151-164-79-64-146-90-28-70-11-71-105-187-145-159-168-74-125-177-37-6-49-72-157-183-160-75-135"
83,279388,100,175508,454896,0,"36-4-29-17-61-177-156-134-172-197-66-196-151-48-5-37-124-50-89-188-147-73-182-178-155-56-19-123-153-10-162-27-152-47-93-113-117-198-180-92-13-116-165-39-1-49-88-96-28-69-53-176-97-110-38-11-60-106-18-33-54-2-126-78-51-80-98-145-140-3-195-169-76-186-100-185-128-52-90-142-22-168-9-6-101-121-94-58-184-167-74-104-57-64-46-99-135-95-32-107"
84,257784,100,162152,419936,0,"108-128-14-90-76-68-199-116-2-160-143-41-78-10-63-167-23-126-105-111-136-0-62-127-100-80-185-96-120-86-131-15-65-176-75-152-64-13-112-196-149-71-7-6-38-88-21-55-28-69-104-59-171-107-31-93-162-155-11-17-43-122-51-147-189-188-153-89-117-73-148-110-142-67-191-91-45-198-172-49-103-166-186-118-164-74-97-94-53-156-181-144-134-102-35-154-163-183-132-1"
85,257961,100,160034,417995,0,"135-161-197-17-41-67-61-80-134-174-172-20-88-98-159-178-19-115-23-3-59-66-100-157-142-125-6-26-14-78-36-85-32-156-77-21-31-111-164-7-171-182-151-53-102-29-147-10-99-12-79-190-24-148-101-131-175-181-15-40-189-176-186-51-120-122-55-52-169-137-183-2-184-153-112-166-170-124-132-25-8-74-123-76-57-72-165-139-198-18-144-30-90-109-130-4-35-89-158-160"
86,266621,100,163967,430588,0,"161-179-36-24-29-12-132-57-95-173-122-163-68-174-157-44-181-130-4-186-128-142-8-17-112-164-31-154-180-138-87-39-175-72-121-160-32-58-96-98-78-111-116-102-23-176-182-50-113-80-16-198-187-118-56-11-120-14-151-97-15-191-148-52-73-55-109-67-19-166-114-40-133-10-136-99-146-108-13-178-91-34-48-115-79-3-129-159-167-137-127-185-60-89-172-85-168-126-150-28"
87,261288,100,163860,425148,0,"42-53-145-111-8-76-16-173-97-48-81-174-185-117-114-177-181-150-66-167-2-34-38-25-27-68-184-110-46-139-198-171-29-140-159-85-187-7-127-119-124-75-22-146-130-12-199-186-24-99-178-109-18-70-87-55-155-94-123-3-118-121-191-60-101-188-132-161-6-192-126-63-176-152-9-165-112-15-149-193-64-104-62-135-169-45-32-67-47-71-116-20-141-40-158-36-136-69-113-137"
88,272336,100,175630,447966,0,"143-13-64-9-105-184-22-180-155-167-87-69-17-48-16-160-35-83-79-187-71-93-152-50-127-109-58-196-102-63-182-141-139-107-76-85-34-39-140-136-125-157-134-42-33-132-96-45-169-142-123-70-41-32-165-19-199-1-40-164-133-57-104-84-53-2-103-55-29-120-10-7-163-82-170-121-178-80-158-171-31-131-192-52-46-193-115-12-72-151-49-99-78-153-59-4-11-146-189-106"
89,262751,100,163583,426334,0,"9-127-141-10-119-80-8-24-99-84-60-154-61-139-14-41-187-191-131-83-76-146-117-79-94-46-58-47-5-136-114-162-125-90-105-30-181-25-144-67-48-42-38-66-62-183-116-43-128-122-23-173-22-184-51-137-196-159-81-11-126-65-37-19-172-188-108-177-150-50-156-182-40-54-120-86-17-169-95-115-124-106-140-193-56-77-186-64-1-91-44-85-32-178-111-168-104-148-27-145"
90,269460,100,168442,437902,0,"123-130-100-125-159-41-146-98-42-102-157-13-34-9-75-11-110-137-133-190-139-52-112-106-62-134-33-23-108-0-61-104-10-8-160-82-3-107-96-179-187-95-88-39-43-63-135-147-97-120-114-93-193-156-85-194-164-173-131-127-142-172-191-186-18-175-17-14-6-105-185-32-163-141-36-103-132-79-129-171-109-170-162-99-144-55-94-90-4-192-167-30-152-47-83-69-197-168-37-53"
91,273060,100,171086,444146,0,"131-107-65-111-100-120-195-185-156-193-106-188-60-141-197-41-32-142-124-0-27-118-123-164-15-35-23-82-105-130-144-19-199-170-96-64-49-119-155-143-113-176-56-54-59-132-153-134-117-178-154-85-81-73-183-109-151-24-89-101-86-191-180-192-182-91-36-179-94-37-47-46-48-99-110-53-4-112-30-187-166-71-173-31-74-129-125-69-20-38-40-45-42-108-50-116-29-163-55-128"
92,257568,100,161825,419393,0,"138-105-27-17-110-120-63-115-57-168-72-36-121-123-111-139-48-143-117-181-184-78-24-114-6-136-52-98-185-126-14-109-79-162-150-33-131-28-51-195-182-133-68-15-161-137-107-16-93-165-11-64-191-0-56-85-188-128-174-55-113-146-145-135-66-164-147-69-74-148-60-58-179-43-127-189-5-149-199-4-31-29-152-112-35-7-89-76-21-53-54-106-62-118-42-19-1-96-12-116"
93,244789,100,145379,390168,0,"111-3-82-100-31-168-183-181-37-126-188-172-140-9-29-24-4-6-196-199-163-15-45-115-97-142-12-38-121-51-78-165-30-104-95-85-47-123-146-42-174-135-48-66-108-69-43-77-99-33-147-56-129-23-80-122-72-64-40-25-65-68-149-133-26-0-86-162-70-21-113-189-79-55-179-124-54-71-74-128-53-96-195-110-127-62-164-131-137-103-83-49-182-1-109-144-98-169-90-141"
94,245779,100,151721,397500,0,"59-127-90-148-80-91-57-104-115-30-181-10-35-87-99-144-74-113-152-52-173-86-111-189-139-38-27-103-147-142-140-15-69-185-160-47-108-34-36-177-97-187-126-43-73-83-107-171-8-119-197-4-194-191-67-84-70-42-117-29-193-21-122-32-44-190-172-180-45-134-55-11-159-17-129-188-106-154-5-102-49-135-78-138-31-53-184-81-162-198-123-16-92-37-174-50-149-39-109-131"
95,284821,100,181240,466061,0,"172-199-187-99-184-145-154-102-137-83-192-67-100-10-92-155-150-156-15-134-176-132-86-29-33-181-173-3-73-126-34-106-68-116-193-72-31-38-41-25-55-174-7-125-171-166-58-61-159-130-111-110-148-108-12-80-165-136-95-19-52-164-152-66-85-65-118-128-133-62-98-97-43-24-161-60-107-170-78-47-57-140-75-71-163-21-5-87-196-84-16-195-79-76-30-123-144-122-45-54"
96,256923,100,164045,420968,0,"114-96-167-102-75-154-24-62-193-111-89-105-103-19-135-28-34-180-171-143-169-141-137-78-71-144-120-151-35-95-63-183-139-148-29-49-126-108-101-136-186-52-145-165-197-74-170-79-2-168-152-11-153-51-130-117-184-59-38-100-21-47-106-199-73-188-155-14-160-121-88-32-163-9-3-4-142-109-39-159-8-162-17-44-125-149-15-132-69-172-30-91-20-41-176-133-97-99-27-64"
97,257659,100,162665,420324,1,"101-164-180-153-74-120-145-70-85-90-47-79-109-86-83-158-32-155-26-168-185-99-88-8-132-133-92-49-173-179-30-12-151-36-22-128-16-33-117-176-159-172-14-93-190-65-91-193-52-46-148-189-39-51-59-147-182-111-149-53-108-198-105-87-31-57-115-73-68-114-104-171-126-11-25-44-7-23-50-110-58-184-94-15-98-1-177-187-130-161-134-41-5-154-146-116-124-54-6-0"
98,270563,100,164363,434926,0,"164-30-162-64-25-144-198-75-156-132-111-1-4-77-173-63-50-99-2-122-136-139-102-110-107-36-195-140-52-109-27-83-184-40-148-6-45-138-61-169-66-96-82-81-186-88-13-116-181-47-125-8-119-175-153-89-46-18-118-104-56-129-74-183-42-84-86-28-95-93-101-147-165-91-12-11-174-53-180-121-120-105-161-142-170-166-72-126-117-172-31-9-20-178-67-14-151-188-171-159"
99,279035,100,186167,465202,0,"44-147-143-73-22-63-148-70-42-9-102-197-19-45-11-170-156-180-61-183-187-141-74-79-35-172-127-115-8-68-3-159-113-128-27-171-133-185-53-184-16-4-92-193-82-36-189-18-120-119-57-54-125-7-90-191-98-155-179-105-167-104-123-85-77-122-20-164-101-93-91-135-107-165-48-13-46-174-157-140-43-24-60-25-62-39-38-66-124-145-80-21-78-111-32-100-69-160-106-178"
100,269374,100,170120,439494,0,"74-78-68-195-100-89-182-160-137-50-124-102-65-153-197-119-173-90-44-111-10-81-185-54-39-0-70-8-19-142-121-4-145-36-38-45-187-27-107-109-37-192-88-16-61-94-84-170-193-91-72-162-103-73-194-63-161-147-188-174-49-106-56-132-149-53-28-152-146-59-179-75-87-141-14-92-15-168-20-189-154-85-42-11-105-6-34-135-199-79-108-159-9-30-118-112-31-40-165-136"
101,249892,100,154521,404413,0,"41-76-196-100-171-91-24-143-163-4-116-74-189-50-183-188-96-173-185-179-131-15-93-43-118-66-177-18-53-26-31-19-46-130-92-82-154-73-56-162-168-192-30-105-83-44-6-42-64-165-175-176-3-47-36-12-164-2-138-114-87-180-39-40-108-134-16-99-159-70-136-170-86-142-127-32-126-7-190-60-59-166-123-23-72-109-172-65-49-1-167-103-63-193-79-150-97-129-113-187"
102,266828,100,172128,438956,0,"27-50-1-133-198-75-131-82-165-2-42-11-38-126-105-121-96-68-189-134-64-58-85-176-108-112-91-74-182-180-53-79-48-135-187-86-40-125-84-164-199-15-110-139-65-150-52-76-80-90-140-51-170-19-156-95-175-178-24-21-188-128-97-57-124-116-138-109-195-4-171-192-41-71-16-148-33-56-122-190-7-22-100-55-153-158-43-145-81-136-127-63-172-34-174-54-47-87-69-120"
103,276314,100,181107,457421,0,"0-38-103-69-22-97-21-187-92-123-129-28-17-161-14-158-134-164-41-195-27-25-122-196-105-140-112-2-23-167-131-33-191-188-106-5-64-19-168-192-18-154-146-125-156-54-169-78-171-151-81-139-144-152-60-193-13-114-182-12-177-137-75-35-29-74-98-142-86-58-180-4-159-31-94-185-172-50-40-133-43-110-84-76-153-59-88-3-99-165-34-104-49-102-80-91-30-11-65-16"
104,246403,100,153667,400070,0,"182-54-104-199-163-121-27-18-145-87-140-20-112-72-110-71-19-119-57-88-101-138-150-47-114-80-176-189-49-128-181-113-21-96-135-7-131-51-33-8-115-48-191-137-83-17-90-9-79-16-185-139-86-160-31-77-12-67-53-183-198-42-4-118-73-3-168-22-134-167-59-1-106-154-122-69-159-173-15-184-76-14-24-65-37-164-143-52-64-93-161-102-61-28-177-5-78-23-141-124"
105,271353,100,175590,446943,0,"23-15-35-152-97-170-195-138-177-139-69-48-46-99-25-127-176-132-20-6-51-59-178-184-86-45-171-91-36-161-81-107-64-189-164-137-38-71-159-65-117-17-73-119-181-149-53-115-55-101-109-37-122-68-29-110-89-75-95-182-133-163-136-111-154-198-155-77-85-63-145-102-187-142-148-113-128-199-13-94-114-157-33-79-34-169-10-143-44-121-193-100-162-88-18-175-98-183-188-76"
106,259362,100,165729,425091,0,"132-138-122-121-189-135-51-33-127-136-5-198-107-62-4-108-196-16-26-44-140-63-52-146-21-178-88-181-19-27-164-126-194-70-54-176-117-165-83-23-187-14-30-47-29-193-75-77-119-90-197-3-32-133-118-82-169-6-106-0-96-145-99-157-68-124-112-177-57-191-134-22-15-161-110-175-67-141-7-150-69-190-173-80-115-97-34-53-65-58-61-71-184-25-120-179-131-104-182-185"
107,264323,100,160545,424868,0,"94-51-147-199-162-156-137-90-0-183-141-22-170-134-28-55-3-66-36-91-186-146-159-192-93-157-69-6-84-70-2-173-174-142-92-19-112-83-39-194-58-67-171-180-74-68-87-98-184-1-195-9-155-132-128-79-125-117-40-144-35-25-88-100-130-26-80-152-191-37-13-181-108-20-182-86-151-120-60-115-78-89-114-166-116-99-24-47-44-104-133-23-124-175-77-15-153-7-17-71"
108,273025,100,179696,452721,0,"127-114-34-145-111-59-158-135-174-78-184-185-46-20-194-81-2-190-28-44-54-85-102-45-196-58-164-36-75-188-179-143-38-7-183-119-79-175-41-93-40-39-17-27-96-100-170-108-29-168-186-5-162-80-112-52-191-16-53-167-146-83-192-50-123-3-37-151-22-26-121-113-173-171-163-18-104-98-178-159-60-66-95-90-156-122-140-117-33-107-120-176-69-106-166-110-141-71-8-89"
109,247378,100,152453,399831,0,"199-141-48-138-17-57-129-175-79-178-88-124-128-23-94-53-188-29-163-81-155-96-100-195-194-64-1-193-119-122-180-171-152-91-108-18-159-113-148-16-181-62-11-31-59-38-120-90-149-184-177-54-160-77-118-69-82-8-191-36-186-158-44-47-121-170-142-25-2-85-21-66-45-105-147-187-144-32-145-58-103-109-115-26-130-84-135-151-28-111-46-93-154-55-50-97-161-14-174-6"
110,255354,100,156543,411897,0,"79-58-73-137-17-192-189-117-150-164-106-0-89-70-122-71-179-197-109-186-181-28-138-139-30-177-62-143-59-82-68-45-132-173-43-91-199-5-144-90-41-168-129-166-75-87-31-156-14-33-57-141-81-151-157-133-37-88-167-69-102-135-93-84-54-60-1-74-19-175-180-171-40-142-155-36-148-80-121-152-123-125-99-131-11-47-2-97-83-161-72-77-25-126-190-35-100-44-116-111"
111,246387,100,151641,398028,0,"194-27-126-24-46-163-43-151-97-114-50-75-74-191-157-146-139-152-170-60-61-100-63-56-17-171-135-21-153-162-77-72-117-143-125-55-23-30-70-105-109-128-176-172-79-134-10-15-180-131-178-62-19-36-165-48-59-118-94-35-82-101-184-87-130-7-54-133-183-99-40-1-111-4-32-3-187-93-175-113-102-132-160-37-186-115-86-124-193-51-145-189-83-198-71-38-174-103-197-108"
112,262536,100,162726,425262,0,"126-118-178-81-195-182-177-190-29-71-79-198-30-28-181-179-1-176-91-167-141-75-148-8-42-9-67-189-82-173-133-26-139-144-169-60-101-7-88-161-149-72-119-131-124-180-20-18-121-85-109-4-48-185-50-102-70-117-146-13-55-193-41-106-186-112-150-99-122-43-2-22-5-52-156-51-128-46-68-0-162-87-64-23-56-69-111-105-125-116-142-83-77-84-120-76-171-166-86-107"
113,273368,100,171344,444712,0,"94-10-64-167-90-16-99-85-8-157-126-20-148-83-173-93-79-198-171-170-123-188-190-7-12-70-172-117-131-4-81-19-168-77-119-56-155-86-39-30-62-11-80-185-141-100-23-164-180-24-133-15-132-138-175-153-182-69-65-51-0-147-142-76-37-57-95-75-154-122-146-192-150-21-46-160-163-14-66-110-120-17-42-68-88-84-127-82-28-31-158-183-9-92-195-29-33-45-44-105"
114,251494,100,158025,409519,0,"49-196-108-175-144-28-151-170-157-152-199-91-118-16-63-114-184-20-24-138-119-141-64-194-169-79-36-55-187-96-103-35-67-183-173-150-89-47-116-85-90-177-143-46-120-165-198-26-149-185-186-3-22-112-56-71-81-8-176-126-73-125-128-39-38-111-70-179-135-156-10-72-100-15-158-80-105-101-83-12-0-191-195-174-94-99-17-97-4-34-18-51-127-92-82-75-9-140-159-57"
115,260564,100,163433,423997,0,"15-116-185-146-74-3-20-139-158-164-147-114-93-48-64-38-82-60-55-40-168-87-57-157-186-175-155-183-19-135-94-79-105-47-170-181-6-9-75-66-117-90-131-50-152-140-43-61-121-69-193-2-84-153-199-111-143-8-174-42-80-142-1-0-144-65-11-197-109-124-151-96-101-177-95-4-25-173-36-126-22-190-194-107-37-71-169-14-23-112-128-39-7-24-162-59-119-46-91-78"
116,263473,100,164337,427810,0,"40-144-60-149-95-198-141-145-176-135-11-53-25-2-196-107-14-0-42-50-123-105-197-8-74-26-166-162-65-156-179-184-114-45-177-93-55-153-161-125-97-44-20-37-115-112-122-71-158-121-17-159-4-119-88-46-187-116-127-143-64-52-180-173-108-73-118-100-83-12-169-168-111-132-35-85-90-113-148-70-19-137-1-36-13-104-103-89-147-81-79-59-32-51-28-178-41-170-57-72"
117,250273,100,145850,396123,0,"138-105-75-168-187-123-34-95-61-180-24-4-47-72-89-163-8-94-18-178-49-58-119-151-2-177-5-39-149-96-191-87-66-167-57-25-136-6-135-113-17-73-32-140-116-132-68-128-185-172-36-97-170-157-28-159-40-29-69-65-84-93-107-71-41-16-141-175-129-124-33-60-67-198-43-139-102-111-173-12-174-197-22-161-184-169-150-26-77-118-194-160-195-99-92-112-126-133-19-155"
118,260552,100,161914,422466,1,"103-107-16-70-65-131-188-153-78-170-135-183-161-77-11-1-126-156-129-54-69-179-43-122-81-87-191-41-163-85-100-190-62-165-147-25-72-24-60-136-75-66-89-0-17-4-8-67-137-39-63-15-30-186-76-158-174-102-6-37-9-31-168-42-95-155-106-182-173-178-195-146-142-84-148-120-180-181-10-160-49-101-29-116-130-104-45-171-167-193-109-79-46-105-96-138-58-139-73-2"
119,264868,100,158433,423301,0,"60-117-130-74-118-6-61-33-108-149-47-82-140-97-169-94-8-89-29-127-113-198-1-192-76-64-7-152-41-146-98-197-56-115-70-164-148-12-112-19-0-20-15-54-96-105-114-83-106-147-28-46-142-151-22-183-176-138-111-120-156-126-150-51-90-153-81-180-101-93-99-104-157-45-110-125-88-75-174-5-11-155-84-59-134-42-69-123-77-186-141-195-52-24-43-35-172-128-49-199"
120,277851,100,184100,461951,0,"16-90-34-67-150-88-199-75-24-145-7-96-20-70-165-179-148-164-76-46-190-172-4-144-28-55-84-19-108-2-71-94-180-175-29-23-82-44-158-1-95-50-183-188-161-14-131-54-160-92-142-72-60-68-52-157-41-168-176-189-143-97-138-18-151-93-33-69-43-100-89-136-91-38-107-78-195-169-73-12-132-53-5-77-57-177-159-153-22-154-27-109-8-36-10-45-186-17-171-42"
121,238919,100,146620,385539,0,"5-190-94-39-120-24-130-67-100-30-110-79-22-68-115-70-2-124-8-107-152-46-172-3-146-9-169-93-150-111-148-81-162-27-38-98-72-149-23-35-191-16-178-78-116-144-14-197-182-11-194-131-185-168-175-157-189-129-193-7-85-113-32-139-28-109-180-92-56-57-112-88-133-99-108-156-41-15-73-63-37-80-48-199-47-142-21-95-12-33-101-77-198-26-145-34-1-59-159-143"
122,267532,100,161049,428581,0,"37-166-134-122-10-27-124-190-57-171-73-194-65-5-54-101-170-141-103-142-175-85-32-46-13-75-42-28-169-131-179-109-102-81-6-99-30-72-197-95-74-125-47-187-71-129-188-161-172-24-41-80-184-133-68-83-140-17-139-196-53-76-38-78-25-160-18-12-7-93-70-66-22-147-29-123-89-79-0-156-26-86-128-49-11-21-153-35-173-132-39-162-33-9-174-186-58-15-149-2"
123,255150,100,161754,416904,0,"162-134-100-197-150-64-94-61-69-15-144-128-46-90-41-159-101-20-127-13-60-55-181-25-16-186-158-107-160-51-148-124-165-184-85-34-139-163-93-59-176-130-146-66-14-12-63-126-3-95-40-178-177-137-45-172-52-195-111-62-7-113-110-102-161-72-175-43-57-169-47-151-116-123-58-27-87-171-129-49-96-149-196-36-89-122-152-50-112-79-156-154-166-180-74-142-147-104-179-194"
124,254670,100,157927,412597,0,"107-25-51-170-40-124-59-193-171-64-97-52-122-187-126-36-137-43-79-73-69-102-128-190-123-116-16-32-44-85-47-176-35-93-63-180-83-178-12-183-56-71-148-10-82-13-61-23-139-77-101-31-198-80-165-119-91-130-118-132-161-37-110-33-98-144-92-62-65-20-38-135-87-84-197-114-89-182-76-117-48-8-168-140-70-6-166-53-14-155-39-28-27-57-54-68-74-142-94-143"
125,269562,100,168602,438164,0,"54-115-69-6-192-25-27-100-43-51-11-37-95-174-18-104-92-34-138-144-121-8-13-125-163-109-128-35-1-130-151-4-39-15-116-29-48-46-114-90-98-70-103-80-36-178-73-195-147-79-142-119-22-112-189-155-96-148-53-137-173-176-191-85-123-77-181-20-102-122-33-188-42-71-134-196-16-101-30-24-59-44-5-10-99-56-167-75-47-105-28-41-9-93-168-199-184-67-194-89"
126,263259,100,165683,428942,0,"12-53-80-23-122-51-175-167-25-21-192-103-61-2-6-97-24-179-58-114-76-125-3-8-163-172-56-178-84-108-13-189-93-26-191-186-166-180-35-47-184-65-38-107-4-29-198-36-177-133-19-146-78-83-94-187-40-154-72-20-190-1-105-63-118-75-81-123-140-142-150-16-109-132-139-39-28-68-171-162-95-159-37-128-124-155-170-106-100-164-69-33-31-160-41-173-27-18-183-46"
127,253084,100,156146,409230,0,"172-154-186-33-128-10-180-166-26-80-43-120-122-95-66-116-78-6-14-85-149-5-150-171-70-118-184-147-72-131-25-60-189-169-176-101-45-61-76-86-62-79-8-40-94-35-83-170-7-110-44-31-92-190-123-163-77-117-93-157-105-109-155-19-75-196-68-38-197-181-103-177-9-73-81-111-97-119-134-135-175-71-198-2-34-37-0-63-16-12-133-88-125-90-96-51-20-126-87-165"
128,277278,100,176407,453685,0,"61-163-188-54-28-37-23-80-39-143-118-88-18-190-108-132-5-157-70-92-140-111-164-82-15-130-20-131-27-79-150-123-21-184-103-31-133-125-129-174-166-159-115-199-10-162-74-161-9-33-104-109-56-46-8-45-173-38-89-35-90-136-50-32-137-152-78-19-75-148-11-16-149-3-14-48-181-51-171-158-160-121-0-177-192-144-30-42-87-189-84-25-141-196-155-172-197-96-135-117"
129,272344,100,173742,446086,0,"50-57-141-68-156-109-120-32-51-60-65-12-105-159-118-196-99-89-24-163-174-146-58-173-128-59-83-192-129-177-164-55-119-47-53-78-94-157-149-187-184-67-80-175-176-36-106-167-95-21-35-9-142-66-150-72-144-86-178-39-136-97-38-40-10-168-186-93-198-14-152-147-29-56-48-114-151-18-16-102-13-162-181-117-15-121-158-91-64-127-52-26-27-191-113-101-172-166-19-79"
130,251621,100,160166,411787,0,"76-148-134-48-125-150-102-7-72-168-171-179-143-163-178-109-12-26-174-104-137-138-25-34-56-193-149-147-20-68-10-19-93-144-75-152-6-154-113-187-158-82-117-185-77-3-54-184-62-142-47-84-55-130-115-122-9-123-181-105-2-49-186-32-94-108-8-180-177-18-59-50-52-16-129-191-118-58-155-44-5-121-90-41-11-15-126-95-169-78-170-151-120-74-157-135-194-190-199-80"
131,266296,100,160164,426460,0,"64-86-198-127-80-66-6-175-186-98-166-84-72-170-189-152-120-199-140-131-93-33-67-109-163-169-135-128-116-61-146-143-125-105-195-99-144-106-132-173-81-7-184-0-50-160-108-78-134-181-149-22-102-178-51-148-85-49-34-35-69-150-151-10-48-156-141-36-1-188-24-57-113-52-37-138-94-96-91-87-73-41-45-161-11-172-191-9-153-95-74-159-89-142-38-53-190-182-97-12"
132,259749,100,161541,421290,0,"56-148-174-39-105-195-155-107-44-137-122-78-143-178-77-167-5-64-27-31-7-81-80-145-172-92-25-29-65-30-55-185-62-101-115-28-128-75-23-43-106-192-152-20-153-193-1-191-54-58-102-83-161-170-130-157-150-166-140-100-38-48-183-74-132-82-168-123-113-164-76-72-131-13-104-120-96-186-182-73-42-198-45-99-51-165-6-127-71-187-151-19-144-133-189-79-52-135-181-50"
133,261092,100,165551,426643,0,"144-40-121-195-52-35-154-26-130-42-68-151-112-153-56-158-37-15-137-23-6-60-76-33-46-44-145-9-89-122-169-114-156-38-11-117-49-182-8-63-181-21-172-48-47-74-31-110-67-190-171-36-82-118-53-104-141-88-164-125-71-124-183-126-187-101-165-136-159-146-120-95-194-97-43-72-28-75-185-24-148-22-135-77-140-85-111-25-128-167-83-184-139-92-199-147-179-127-116-180"
134,262875,100,164169,427044,0,"69-38-137-67-89-117-22-2-178-174-78-68-154-16-169-64-92-107-129-197-132-198-27-46-13-8-135-149-50-66-175-148-133-6-10-139-131-143-128-55-9-115-159-176-168-71-52-88-185-7-102-62-35-45-32-121-122-48-191-199-29-182-96-21-177-196-157-116-58-118-192-98-189-53-90-51-14-80-79-188-57-93-24-25-151-101-85-147-76-111-105-127-186-162-161-109-100-104-134-31"
135,255714,100,153902,409616,0,"15-141-43-79-194-155-197-72-161-41-100-90-44-187-4-78-183-86-31-106-132-136-112-28-128-172-142-122-23-71-140-178-192-134-89-69-150-135-84-67-24-42-3-195-68-137-198-46-182-57-39-1-8-152-118-80-33-16-87-45-167-110-143-99-49-36-83-186-185-170-175-133-53-188-76-21-146-25-92-131-126-35-34-179-166-157-147-104-27-125-50-26-148-189-115-73-176-66-123-5"
136,263277,100,166167,429444,0,"193-64-149-43-152-108-34-21-42-66-32-130-14-59-136-101-11-77-124-83-187-89-185-48-167-55-49-82-176-62-76-8-198-98-84-1-172-166-72-79-4-139-162-113-60-109-40-39-46-58-189-183-74-118-73-145-197-35-115-195-174-111-188-146-68-126-37-150-6-29-194-148-22-15-112-181-27-88-128-144-121-81-41-12-116-30-196-97-141-100-53-156-168-140-122-151-71-91-65-3"
137,269031,100,168579,437610,0,"100-15-6-181-65-24-1-163-43-178-57-160-2-90-183-66-102-120-168-167-150-180-172-169-28-78-188-164-155-91-18-115-5-179-197-194-64-21-12-177-81-40-68-173-124-39-107-146-103-38-140-71-110-86-73-112-142-7-33-37-171-192-29-70-60-154-138-22-195-123-27-116-89-51-79-34-58-69-153-136-119-128-161-143-3-190-147-97-59-156-9-105-62-35-106-17-98-67-99-129"
138,250984,100,159296,410280,0,"75-93-131-35-43-114-98-40-178-189-51-198-175-179-49-24-164-38-128-37-99-25-9-193-136-186-107-138-134-120-10-110-101-7-63-84-151-140-102-145-141-112-46-183-153-36-13-182-60-64-86-48-148-111-33-69-159-81-2-80-166-20-139-147-31-172-27-105-118-113-53-126-1-41-97-57-72-89-127-90-135-92-132-190-187-96-149-130-59-144-124-160-18-45-169-152-142-163-177-184"
139,263890,100,168092,431982,0,"178-174-26-157-54-16-18-83-151-63-95-57-44-33-130-123-64-132-1-148-134-109-46-139-138-20-5-82-10-143-182-145-190-164-6-102-196-154-45-197-155-160-75-78-99-72-36-4-170-11-144-136-162-175-8-186-100-118-38-107-77-68-62-165-35-47-48-122-133-192-180-127-27-3-163-25-150-91-59-126-142-53-15-22-114-98-156-43-103-179-40-96-93-171-7-169-199-195-42-89"
140,251255,100,149580,400835,0,"56-20-77-105-12-132-19-143-101-58-61-22-52-8-173-43-140-80-98-53-32-123-103-190-70-112-5-38-86-158-199-198-138-115-41-94-130-125-110-169-30-16-99-155-187-40-87-75-157-95-179-121-131-37-126-175-152-91-113-107-17-2-97-170-15-14-49-57-81-104-93-129-45-174-100-128-24-82-182-186-197-164-46-167-63-90-26-156-92-161-191-139-96-68-60-176-133-120-150-163"
141,268112,100,170380,438492,0,"27-5-98-80-130-62-141-81-38-195-57-124-119-153-60-138-110-0-151-163-23-31-47-175-164-118-125-112-20-49-22-190-150-113-52-44-191-139-181-120-157-3-180-198-72-94-42-189-111-172-24-100-75-140-171-45-147-66-53-197-178-107-99-117-193-183-146-88-26-63-173-196-114-93-179-116-156-158-8-159-73-41-10-79-122-13-83-132-82-192-7-32-96-12-165-108-97-55-194-101"
142,258993,100,167210,426203,0,"95-176-91-33-98-68-121-153-79-21-69-23-16-130-90-71-54-173-151-104-37-191-102-48-183-197-55-187-64-77-178-115-66-47-57-129-196-148-180-106-0-198-156-114-10-18-80-192-181-5-78-32-86-144-109-42-154-146-155-117-45-149-189-131-164-72-185-134-75-120-40-65-188-24-34-132-9-1-12-160-60-184-51-89-19-56-111-84-135-81-61-2-87-139-101-30-124-122-138-194"
143,262654,100,167798,430452,0,"152-124-194-190-101-18-86-24-78-48-175-80-33-113-170-114-186-55-5-73-7-120-39-13-158-185-75-164-167-47-46-17-68-179-72-10-54-0-57-81-122-83-153-148-52-195-177-63-67-174-151-56-196-141-49-160-9-154-8-42-181-61-183-134-70-76-84-32-168-119-30-191-2-109-53-169-96-156-45-23-172-107-118-130-115-60-126-37-106-161-26-192-40-14-116-123-111-43-104-1"
144,273297,100,171805,445102,0,"32-150-99-28-75-72-127-87-191-68-156-98-106-35-198-123-173-36-95-197-44-143-47-185-89-167-149-152-113-151-91-24-111-199-181-69-93-26-125-107-43-9-165-136-144-153-86-159-66-12-20-194-83-13-16-108-17-37-118-49-195-105-90-54-121-45-184-0-142-14-182-134-8-166-94-63-3-114-97-48-71-7-19-179-110-6-40-112-157-119-148-145-38-1-186-56-79-84-135-82"
145,281040,100,172596,453636,0,"85-159-66-71-168-153-9-98-114-185-136-150-116-137-70-141-19-26-22-147-197-117-130-171-144-139-102-163-188-91-88-21-138-143-45-53-178-112-58-61-74-10-92-86-4-25-16-6-38-194-161-189-172-129-122-93-65-148-169-192-164-160-28-123-15-110-131-23-11-7-133-109-176-29-181-157-83-182-41-108-158-125-18-196-64-84-8-103-33-142-166-80-35-167-132-151-107-60-121-20"
146,269490,100,172074,441564,0,"186-52-11-171-35-188-13-50-18-113-40-104-131-28-190-39-56-83-20-140-25-10-12-103-44-49-136-85-172-15-21-189-192-5-16-117-19-166-70-26-141-89-129-75-187-161-61-178-194-9-162-137-80-120-160-108-63-164-110-6-106-74-124-115-116-191-72-170-133-42-107-123-30-17-158-90-195-97-154-37-69-193-163-179-67-156-34-7-14-185-84-111-132-65-46-198-66-174-23-47"
147,259027,100,168584,427611,0,"175-72-21-171-103-3-167-47-95-80-50-178-83-2-30-154-174-93-100-18-46-139-145-4-157-148-137-5-54-42-76-28-64-121-92-57-194-37-127-133-84-180-138-163-31-187-26-33-186-69-88-65-162-82-150-195-45-184-128-143-144-68-140-199-55-189-177-112-44-24-116-14-71-66-190-197-9-43-27-87-15-113-75-61-183-29-109-74-104-39-78-101-164-185-135-35-192-179-51-1"
148,274127,100,171198,445325,0,"147-84-121-41-156-0-191-134-22-20-56-192-175-181-158-73-190-148-119-34-89-166-135-106-80-26-88-97-155-86-45-61-92-115-47-172-5-197-177-64-103-1-60-94-23-140-16-32-14-114-133-118-126-71-110-150-122-24-17-154-39-87-50-161-182-196-2-168-93-195-173-107-159-145-21-171-188-130-169-111-43-79-81-49-174-112-138-113-75-167-143-102-30-199-165-37-58-7-136-31"
149,277948,100,181832,459780,0,"2-16-36-190-179-136-46-139-163-39-44-186-191-52-154-75-165-85-90-66-138-108-13-45-95-89-149-192-86-121-65-21-135-92-96-49-173-93-57-3-116-60-59-8-77-185-43-113-126-23-100-181-76-80-58-105-94-27-171-17-38-0-4-195-18-102-148-188-198-84-72-130-99-118-11-20-50-134-107-6-68-41-164-124-37-91-142-48-183-29-88-79-196-193-159-180-177-184-26-103"
150,257536,100,169876,427412,0,"181-97-109-130-151-89-147-3-92-143-56-6-185-198-43-83-115-34-98-140-8-65-70-4-170-135-76-190-127-60-193-163-136-93-180-55-29-86-17-129-28-113-107-196-5-171-40-87-179-21-118-80-165-90-138-160-39-79-0-117-122-131-114-27-108-177-23-91-94-25-18-75-33-191-101-161-16-175-15-47-145-167-152-100-111-168-48-61-148-116-195-52-78-37-20-112-69-31-149-35"
151,272904,100,177134,450038,1,"196-93-25-96-17-70-69-65-23-18-31-181-51-114-21-32-176-50-137-24-92-185-135-138-117-126-97-11-75-39-168-121-182-95-15-9-1-73-160-116-104-192-141-44-149-134-56-158-49-119-29-7-143-123-139-169-13-195-167-76-84-108-90-103-30-156-186-6-48-132-118-89-62-14-63-183-82-175-52-146-188-8-10-4-45-68-107-157-61-27-64-20-190-171-91-120-81-101-28-161"
152,247126,100,148886,396012,0,"16-99-88-150-96-102-39-195-142-137-4-59-187-7-119-62-140-86-176-90-113-58-128-186-191-178-84-108-82-172-21-155-55-199-85-81-17-2-114-148-23-64-18-159-41-56-122-72-173-192-115-53-107-170-15-12-139-133-126-24-51-77-22-89-103-169-125-112-194-27-83-69-93-25-138-54-190-1-135-157-145-9-57-35-100-136-174-182-185-105-46-154-68-33-36-65-149-161-63-134"
153,276386,100,183957,460343,0,"137-155-139-168-181-162-134-133-42-24-128-186-180-142-27-111-69-57-43-52-40-150-74-30-89-50-177-23-6-132-189-172-68-129-97-18-86-94-79-154-22-148-63-187-46-41-88-15-175-25-31-71-87-17-34-44-114-1-112-103-7-62-85-161-158-171-59-105-170-95-0-151-4-191-173-61-98-169-163-164-110-90-149-72-106-199-101-84-5-184-100-66-16-8-78-70-65-196-10-13"
154,267118,100,164048,431166,0,"171-174-30-176-168-15-172-183-166-82-160-56-119-106-151-22-87-16-25-137-31-158-1-124-121-134-140-100-67-6-85-153-104-139-177-126-29-78-185-69-197-94-50-37-113-48-156-89-120-72-188-32-88-46-157-51-3-76-149-58-39-135-199-112-75-24-91-178-198-70-19-21-65-101-45-191-162-133-136-84-83-33-195-54-7-182-60-130-141-73-71-49-96-170-127-12-36-173-9-144"
155,242146,100,150827,392973,0,"143-166-83-6-86-63-173-152-153-99-176-42-92-85-156-114-122-123-137-26-13-174-116-14-158-127-27-12-79-128-126-149-177-183-188-17-65-18-4-29-30-67-115-68-50-120-49-62-130-168-94-160-32-119-89-139-184-22-148-194-19-15-43-66-150-34-84-44-145-118-93-31-75-10-159-110-185-57-82-53-61-195-46-28-172-108-2-103-48-131-60-21-54-80-24-107-144-193-100-104"
156,279442,100,178872,458314,0,"34-62-176-121-129-78-79-97-26-40-95-98-173-137-31-134-188-166-155-107-64-86-142-15-5-190-6-57-157-182-152-114-175-10-187-2-85-30-83-150-164-93-94-71-82-198-13-60-112-113-185-77-61-44-192-81-131-118-102-47-27-66-90-96-87-126-139-199-146-1-14-41-50-70-128-25-144-125-194-20-49-120-148-115-159-172-156-73-108-63-45-80-110-51-88-33-9-123-161-35"
157,265854,100,169055,434909,0,"156-116-189-4-170-182-33-79-163-121-146-198-53-40-12-135-188-102-176-76-107-122-84-22-164-126-77-82-24-42-16-32-80-199-81-120-59-15-100-55-31-94-52-180-183-184-103-93-125-69-133-66-89-104-111-56-132-11-8-35-115-150-109-57-197-185-29-131-63-20-140-7-171-26-44-187-36-162-145-78-2-153-9-106-166-73-130-38-138-177-123-95-168-110-114-99-45-41-90-88"
158,270594,100,171875,442469,0,"174-99-194-36-176-12-123-195-187-29-74-115-182-161-20-94-173-27-71-191-21-91-66-6-0-50-171-198-149-39-116-184-54-124-7-84-104-85-172-8-144-146-26-179-35-5-31-177-101-121-150-47-102-82-147-153-55-166-180-52-76-86-41-92-118-113-105-15-45-139-120-134-189-4-122-23-117-151-77-70-119-131-43-148-40-1-162-11-125-53-136-143-42-63-160-30-196-38-73-103"
159,267906,100,166723,434629,0,"140-87-186-117-76-7-124-37-92-15-40-68-62-190-104-178-159-103-6-17-31-149-154-139-133-107-67-25-176-99-53-36-13-58-52-83-75-106-79-153-54-165-34-128-43-109-177-172-122-136-28-73-192-156-5-121-86-35-20-26-194-181-134-160-21-94-184-95-90-102-110-57-46-182-72-30-18-100-168-50-80-170-23-91-29-74-8-120-150-97-114-188-135-169-2-173-198-185-142-138"
160,262696,100,169892,432588,0,"92-36-199-4-186-37-192-80-191-86-111-131-40-82-124-139-75-93-28-59-25-189-144-197-152-91-55-95-41-87-181-116-198-182-128-22-100-65-70-53-135-7-163-69-62-188-54-126-16-47-34-77-110-44-67-48-148-63-78-32-58-127-43-61-166-169-31-19-29-17-74-147-156-174-98-177-112-178-83-109-195-14-90-0-57-118-106-1-108-21-79-66-165-193-49-8-162-88-64-97"
161,262881,100,160253,423134,0,"16-196-190-97-165-150-162-51-8-124-197-183-146-59-12-147-9-31-69-96-80-126-192-194-103-60-173-170-50-62-98-3-92-93-189-125-153-117-46-182-77-70-26-118-110-199-91-27-188-86-172-151-193-10-20-39-4-95-64-11-137-143-40-177-115-122-35-74-75-67-141-129-23-111-134-52-156-65-113-116-37-49-43-136-191-45-76-81-1-7-174-84-54-155-119-168-48-159-5-181"
162,289502,100,191647,481149,0,"111-128-47-54-124-105-126-113-79-78-46-168-100-41-45-24-117-3-121-4-136-42-58-5-87-189-89-11-53-170-192-138-17-93-150-57-115-48-179-183-142-94-190-178-35-97-77-86-70-107-181-28-34-157-62-131-145-163-110-74-199-56-1-0-30-191-187-69-19-135-104-114-27-65-39-6-50-193-125-171-130-186-185-10-2-81-167-14-176-103-132-197-164-90-156-80-140-196-71-133"
163,256075,100,158703,414778,0,"125-9-58-191-63-175-83-180-94-146-54-67-71-78-82-13-172-107-93-91-128-129-72-140-114-167-49-176-197-110-76-142-119-150-117-42-181-184-17-41-51-79-92-161-75-123-148-185-109-131-37-113-10-136-86-47-6-189-7-135-174-96-183-100-151-177-179-19-192-11-14-88-166-115-152-156-8-12-104-108-43-55-159-158-149-193-87-38-74-2-190-124-160-84-73-103-59-0-118-25"
164,265597,100,162967,428564,0,"146-38-45-29-163-47-13-64-2-37-171-40-28-89-76-77-112-11-151-6-63-189-167-132-15-10-178-49-56-4-30-149-193-9-108-60-116-187-120-117-195-23-80-130-140-129-94-43-20-84-194-152-128-82-96-24-103-33-88-81-125-121-44-69-70-17-35-192-90-79-170-157-127-97-1-36-73-138-191-183-164-137-145-172-0-177-119-93-83-109-39-147-61-158-122-48-12-159-86-71"
165,255996,100,161083,417079,0,"132-180-16-1-119-89-79-34-36-111-27-60-75-186-21-63-168-123-35-116-15-86-145-83-101-118-80-108-4-56-25-43-135-137-184-81-139-117-11-174-167-77-185-30-195-193-162-55-45-166-198-188-85-182-84-42-37-181-74-173-22-172-29-194-70-130-107-170-121-18-176-71-169-76-94-62-148-163-69-32-109-155-152-189-149-54-103-136-24-98-26-8-157-160-65-171-28-134-110-57"
166,255116,100,157433,412549,0,"125-41-80-54-71-170-130-65-77-169-91-93-85-38-122-159-106-136-55-144-105-7-9-48-196-160-57-175-189-120-35-156-176-78-126-72-49-186-28-1-199-59-30-191-13-69-47-76-110-12-82-66-75-128-24-64-184-51-14-194-131-19-143-193-165-17-138-118-26-84-103-158-89-114-178-61-129-50-70-135-5-102-52-16-36-62-87-152-149-3-56-171-39-132-23-141-40-88-33-86"
167,252623,100,152606,405229,0,"197-139-104-13-188-37-140-192-161-15-73-48-173-103-84-118-77-166-82-185-148-95-56-26-193-52-141-174-63-42-115-96-64-101-99-5-69-71-127-162-29-83-124-167-143-132-49-181-164-30-21-17-2-12-187-66-46-44-55-38-116-147-32-186-172-93-156-87-152-136-70-89-47-176-109-24-94-121-35-100-144-157-183-91-4-159-126-180-36-146-23-8-54-31-138-171-75-178-65-158"
168,254654,100,165043,419697,0,"46-155-30-179-92-189-122-54-147-3-40-184-9-198-145-57-168-148-185-102-116-39-95-55-22-58-63-1-177-91-136-38-21-85-143-79-67-17-120-162-191-62-87-16-103-18-193-141-61-167-44-64-70-165-181-119-110-101-100-41-50-27-14-94-78-194-142-24-43-114-158-53-159-93-196-72-170-180-178-97-15-59-88-74-175-99-51-129-109-117-25-82-156-52-199-153-26-157-68-96"
169,273998,100,172196,446194,0,"131-163-82-80-93-142-103-44-29-102-18-32-22-79-177-11-104-73-39-48-65-69-45-167-119-136-42-20-61-47-21-148-100-153-38-105-196-90-130-52-184-77-121-97-170-150-159-94-107-108-169-135-15-5-189-78-176-67-36-158-49-25-34-149-155-195-74-145-194-12-197-111-51-146-63-171-26-46-70-193-191-91-6-172-4-126-88-7-68-144-96-199-143-190-192-72-161-58-85-86"
170,260568,100,163595,424163,0,"108-116-159-107-172-197-162-46-85-48-24-143-41-152-30-138-101-13-192-57-12-117-127-196-52-47-120-3-157-82-14-188-36-144-9-23-139-137-34-103-124-166-128-5-189-20-95-75-142-136-179-190-123-195-151-191-112-72-96-145-62-102-118-67-42-129-168-76-92-173-59-155-77-170-37-165-2-106-81-153-94-65-109-0-121-32-134-182-125-175-110-54-45-38-158-177-51-180-187-111"
171,261208,100,169887,431095,0,"77-131-135-7-194-72-49-175-181-195-57-79-91-171-173-80-51-142-186-59-153-124-118-102-122-31-114-129-27-101-68-89-23-116-60-24-63-92-146-157-178-162-54-28-113-13-12-156-10-67-6-1-22-183-179-198-120-184-109-55-127-191-148-15-128-98-44-139-85-147-88-163-110-166-117-112-14-34-87-145-137-144-30-58-160-100-56-164-197-20-29-193-64-33-176-18-32-25-199-126"
172,271014,100,167904,438918,0,"155-103-94-23-140-58-138-192-54-55-153-56-197-44-181-38-89-95-163-180-136-62-67-8-79-84-189-11-36-69-24-141-147-107-101-133-132-31-100-199-131-77-12-15-51-116-185-78-174-19-125-70-177-25-173-164-134-57-65-161-176-73-48-150-26-105-80-137-97-90-172-198-40-28-34-151-122-126-167-124-32-188-83-66-45-114-109-165-145-106-16-159-74-110-119-21-194-160-52-98"
173,264292,100,165018,429310,0,"199-133-46-50-121-198-143-113-48-40-78-124-196-21-81-69-28-128-179-136-51-165-60-153-65-12-108-114-178-33-23-190-141-169-135-132-138-134-72-22-156-152-90-139-146-181-74-99-8-101-97-127-119-80-52-68-125-105-98-157-189-172-64-76-184-20-73-85-43-67-164-0-96-39-150-59-192-163-1-112-131-92-15-129-55-84-185-3-109-103-167-140-123-166-100-41-195-86-17-110"
174,259994,100,165550,425544,0,"113-188-150-84-165-93-126-78-0-83-152-176-128-137-53-121-61-62-99-44-189-134-103-145-30-24-116-193-159-56-192-130-79-135-37-170-89-115-131-143-42-31-87-8-6-91-187-22-90-80-45-95-66-40-59-147-138-39-54-141-52-2-107-175-148-136-28-144-97-123-132-86-73-98-23-104-184-67-75-157-172-127-29-124-183-48-162-118-5-7-120-146-129-20-108-36-12-96-179-181"
175,256017,100,165455,421472,0,"154-172-165-164-155-140-7-137-74-9-48-156-88-17-179-65-47-151-53-56-41-191-46-160-187-132-96-33-93-16-37-75-52-30-14-108-117-42-130-5-158-20-128-120-110-61-106-90-194-195-171-101-78-157-71-193-167-116-196-94-60-76-80-161-95-85-13-122-131-22-40-111-185-44-138-113-112-1-169-91-6-145-136-62-178-79-18-43-84-124-181-180-58-104-81-126-170-182-73-175"
176,267926,100,170379,438305,0,"8-33-98-82-42-52-89-178-158-29-172-109-124-11-198-14-179-90-18-76-78-147-86-19-44-96-174-139-141-160-100-138-63-164-197-31-104-83-55-105-168-93-132-39-131-20-75-112-163-87-140-170-118-161-165-49-113-142-169-92-24-21-80-22-130-185-16-102-135-145-111-122-79-114-146-110-117-136-46-137-50-154-9-3-68-15-51-125-64-189-167-40-66-70-176-162-150-58-34-121"
177,253134,100,170053,423187,0,"96-117-180-47-162-84-189-55-18-118-128-30-25-123-120-105-51-108-57-184-158-185-59-95-49-43-63-148-143-80-176-46-22-40-9-26-129-87-159-142-166-106-61-198-131-64-39-172-71-52-179-28-53-147-16-15-32-193-177-139-78-21-62-13-153-90-89-41-17-130-146-85-127-191-56-91-190-155-122-144-31-138-112-68-6-23-169-100-7-151-44-8-145-164-154-92-35-113-133-141"
178,263726,100,165513,429239,0,"148-166-22-66-142-95-5-175-34-75-184-131-60-102-39-53-160-44-19-27-124-174-30-187-171-79-84-8-170-88-107-62-106-109-76-100-137-153-18-127-147-152-110-130-67-197-198-104-77-125-80-183-105-64-38-103-167-120-165-133-140-87-178-113-161-10-63-21-4-54-149-150-23-52-172-74-0-190-26-50-122-91-90-126-115-56-37-196-25-144-117-159-42-169-85-78-58-82-73-143"
179,263200,100,164696,427896,0,"161-80-24-113-192-134-148-101-61-90-67-81-124-166-56-168-179-40-183-135-185-71-30-151-33-119-171-180-25-174-39-137-88-154-143-103-83-150-147-14-187-121-100-3-170-52-158-57-196-41-184-97-48-63-142-64-96-182-35-84-188-146-49-37-62-10-11-160-68-5-167-72-190-152-141-9-122-99-155-104-20-127-126-58-34-59-87-115-177-110-156-139-75-105-19-118-65-29-38-193"
180,255005,100,153782,408787,0,"26-190-17-72-171-147-85-157-21-35-77-141-54-8-64-149-169-97-31-161-195-125-150-5-167-138-45-91-128-107-112-57-50-166-133-114-12-70-83-158-123-115-66-60-176-178-46-22-79-100-196-74-137-159-37-53-58-153-164-9-25-156-122-193-118-93-48-117-6-179-78-173-146-110-131-42-101-197-47-184-4-136-109-163-3-98-165-51-145-111-49-143-183-23-71-132-181-55-191-186"
181,264638,100,162468,427106,0,"114-134-118-160-195-112-64-117-22-192-45-183-197-175-26-109-52-87-126-169-63-165-1-88-11-189-30-158-96-101-91-77-76-13-70-83-168-111-39-130-170-172-75-99-43-67-145-94-98-190-37-84-180-120-100-173-163-161-14-80-129-125-25-81-171-107-56-57-2-102-16-82-54-7-140-8-9-143-131-104-4-113-186-18-198-27-59-141-93-92-122-187-0-17-72-121-146-166-177-44"
182,266568,100,157715,424283,0,"193-76-5-12-15-136-196-116-27-87-168-104-23-114-49-19-108-137-34-32-138-159-110-51-156-86-82-31-28-59-142-139-10-83-98-20-36-182-149-194-107-13-185-35-93-163-30-60-141-177-170-47-8-102-70-131-122-187-79-150-84-106-175-155-26-128-61-195-179-48-199-72-95-157-22-117-41-6-17-186-7-174-165-89-158-99-50-126-167-124-148-64-92-66-135-46-1-190-85-45"
183,276147,100,177658,453805,0,"74-116-148-67-86-66-138-72-22-79-169-45-187-65-59-33-40-75-163-43-90-19-126-36-23-149-102-166-14-99-84-78-52-141-11-182-197-51-180-30-5-82-2-49-21-47-124-195-170-174-175-144-27-155-198-61-34-151-50-96-109-161-73-158-12-114-119-177-160-20-8-146-97-157-48-133-92-113-35-188-115-162-111-129-89-147-185-46-37-70-184-104-93-7-69-190-56-154-13-64"
184,260429,100,163610,424039,0,"158-199-48-161-82-153-134-39-146-125-131-79-109-167-107-47-170-64-115-22-35-150-24-160-190-62-73-99-140-80-27-13-192-176-92-154-178-195-194-55-185-21-105-175-53-136-98-188-37-164-90-96-54-135-2-84-189-193-6-113-70-50-97-36-149-157-89-166-63-1-57-126-7-60-78-118-42-141-18-162-5-95-45-51-59-69-169-49-15-179-71-23-186-30-68-108-26-72-66-67"
185,261604,100,160391,421995,0,"178-98-103-148-24-193-96-145-90-7-139-48-71-67-146-118-124-101-84-133-159-187-22-100-0-107-16-6-151-68-37-99-127-55-157-131-92-97-109-3-188-171-82-119-73-102-104-122-46-45-110-116-52-194-158-35-186-76-168-19-5-185-39-198-108-28-135-125-50-74-1-155-160-164-175-153-138-191-189-64-136-34-129-17-60-166-81-174-72-47-79-10-26-197-137-58-14-87-15-117"
186,278272,100,180985,459257,0,"156-152-102-154-89-184-22-59-159-179-188-180-49-98-42-66-84-135-88-124-118-93-15-41-43-16-46-172-155-34-197-119-149-141-11-19-27-147-145-29-132-181-78-110-21-83-94-0-64-177-51-44-85-194-131-45-171-3-36-123-157-37-151-142-125-74-100-133-146-178-24-73-139-101-126-20-38-153-17-103-55-106-81-86-77-176-70-6-30-130-67-76-120-191-105-50-193-148-40-18"
187,261093,100,166847,427940,0,"156-143-153-61-163-144-113-135-56-176-119-30-92-161-16-170-192-11-18-43-178-127-155-108-159-3-140-5-36-100-197-187-35-29-168-101-87-116-1-51-83-77-7-139-65-70-91-111-137-120-130-20-148-21-145-54-151-19-75-141-34-32-194-134-180-15-164-50-112-71-82-154-181-0-124-86-40-102-117-172-57-128-123-41-115-105-103-147-93-73-121-39-12-133-58-177-22-109-199-96"
188,268164,100,163655,431819,0,"173-125-32-8-108-30-122-51-101-133-134-37-132-118-165-171-185-110-128-137-86-55-27-56-141-170-103-143-85-150-109-157-61-49-54-140-138-91-19-83-88-167-15-116-28-176-145-81-17-64-97-115-123-174-35-156-106-159-162-181-22-93-163-98-46-21-178-192-20-39-4-146-90-70-52-1-62-194-161-5-33-169-172-199-7-66-9-107-153-105-75-117-120-13-95-12-111-36-130-69"
189,249060,100,155262,404322,0,"143-185-4-30-189-159-119-165-193-15-113-173-180-182-77-62-167-188-153-100-34-112-45-142-179-19-139-186-53-76-84-175-3-40-83-170-74-26-199-80-155-181-198-5-51-184-152-49-79-122-176-71-96-78-120-86-101-89-149-59-141-123-110-43-156-88-93-44-33-169-95-27-38-150-178-85-55-130-22-121-37-35-166-144-6-48-16-32-70-145-195-54-7-104-65-162-128-107-99-56"
190,267158,100,161883,429041,0,"6-118-172-101-63-129-7-125-98-38-1-185-136-0-88-95-3-11-31-61-13-8-142-119-15-147-168-163-190-67-85-77-153-59-73-50-189-21-126-27-54-116-183-186-46-149-110-12-19-182-64-81-105-150-123-68-37-65-87-169-32-102-20-177-41-159-180-89-181-74-76-145-164-139-96-122-70-108-72-52-39-80-66-44-106-170-36-86-69-144-161-141-93-29-152-92-100-16-24-124"
191,264035,100,168757,432792,0,"182-155-103-138-5-77-46-136-180-95-54-153-171-194-33-189-50-193-79-34-84-187-196-12-156-130-197-149-176-124-115-120-101-69-29-40-179-94-104-162-102-123-117-178-9-134-60-163-82-119-20-6-183-140-16-143-145-43-62-144-133-31-45-48-26-172-59-126-159-129-154-32-107-86-152-51-4-158-150-81-148-30-91-63-68-192-37-151-56-14-105-114-116-191-186-173-188-64-83-190"
192,267066,100,162163,429229,0,"83-20-181-123-157-182-2-5-88-147-144-17-170-102-152-186-7-192-138-65-84-178-196-128-141-71-148-115-52-124-199-98-95-24-12-72-135-93-63-197-57-15-140-105-173-77-183-117-85-13-97-96-134-191-125-43-11-133-6-49-159-30-87-53-75-10-51-161-176-116-60-132-188-61-33-194-80-122-187-91-162-69-129-193-167-79-38-29-23-92-82-164-34-107-114-177-111-25-151-76"
193,267442,100,172133,439575,0,"79-12-82-8-11-63-157-92-133-34-14-24-3-95-103-70-78-100-48-102-146-193-185-26-86-115-81-114-61-107-49-17-183-84-51-53-16-110-75-59-83-50-119-153-150-18-199-88-121-73-104-35-65-1-149-58-97-101-169-89-66-147-44-37-140-196-39-122-197-137-156-178-64-192-43-136-162-30-106-174-131-171-29-38-41-99-124-90-15-62-142-113-155-68-126-182-5-112-91-23"
194,282268,100,182460,464728,0,"107-81-181-90-26-53-134-160-50-97-20-194-87-195-112-23-163-111-35-144-120-156-167-100-151-173-199-131-18-13-29-56-190-49-1-99-21-10-105-96-182-124-172-36-145-52-103-32-161-176-113-133-58-198-178-157-166-126-16-140-33-191-168-123-62-55-148-45-39-149-94-86-106-40-17-98-118-7-38-169-92-147-175-150-119-116-162-22-130-95-15-11-189-170-70-44-135-174-27-109"
195,277587,100,174871,452458,0,"165-23-37-154-172-94-140-115-129-120-0-96-111-69-179-59-105-90-175-153-142-56-74-17-130-58-124-102-182-138-72-148-91-4-40-73-98-103-155-119-68-41-146-11-29-100-54-57-192-52-67-151-180-30-87-7-48-16-60-51-125-188-198-176-76-15-189-44-26-89-133-168-28-79-81-177-66-20-113-99-25-197-122-77-49-86-190-191-194-173-43-50-65-80-136-128-18-19-163-187"
196,265209,100,160901,426110,0,"42-105-64-193-83-6-25-87-10-98-75-168-147-163-45-118-60-0-99-115-194-167-9-156-178-47-197-159-30-126-128-112-13-35-81-161-4-122-114-89-191-132-21-171-170-181-26-17-12-43-91-61-137-39-164-131-1-103-8-97-111-73-16-49-19-102-65-92-44-185-36-149-134-84-50-71-14-188-29-27-20-143-173-86-55-108-110-139-124-68-54-186-162-190-48-70-100-113-32-127"
197,261255,100,158793,420048,0,"89-103-68-114-35-145-95-139-192-191-36-112-77-142-179-79-19-26-181-119-136-38-23-0-152-176-17-50-43-101-175-177-188-120-12-96-111-134-158-172-81-178-190-157-21-193-74-102-32-162-93-118-168-124-92-87-167-107-88-44-171-140-155-166-183-187-128-2-72-97-71-109-126-182-194-154-42-195-90-125-27-85-99-66-129-63-7-159-18-6-10-131-28-1-94-164-173-69-153-3"
198,277773,100,171747,449520,0,"173-159-117-22-170-114-18-116-5-10-164-165-79-127-74-61-40-27-1-154-76-60-104-185-149-9-15-98-188-3-45-156-119-158-107-192-171-162-29-64-54-187-86-66-135-39-6-31-141-33-138-105-190-89-109-147-87-100-183-85-11-90-88-111-115-25-84-132-134-13-63-32-195-110-62-78-186-106-17-2-92-103-131-102-112-82-81-28-67-152-43-146-24-199-197-95-130-23-182-59"
199,262632,100,163705,426337,0,"159-88-158-76-194-92-115-20-138-167-41-33-90-120-188-143-169-39-130-37-155-157-40-178-173-110-195-108-192-153-117-42-171-3-47-46-95-142-83-140-121-2-126-199-131-193-189-82-98-77-135-190-116-93-28-51-12-129-43-63-150-132-22-91-23-67-5-27-0-26-170-58-184-4-109-196-107-65-180-166-68-164-104-97-55-102-53-6-19-57-123-163-50-69-118-152-16-71-56-14"
200,261273,100,162308,423581,0,"59-79-169-181-127-126-66-109-68-188-86-104-39-33-108-186-23-60-115-46-142-185-37-25-71-174-28-190-163-178-78-130-175-158-101-162-90-111-26-152-93-74-179-35-73-91-165-69-156-7-119-114-62-100-81-123-13-47-149-161-21-1-167-164-187-54-42-128-113-5-40-168-11-160-19-55-141-195-22-77-45-192-139-64-120-43-18-155-24-53-95-136-153-82-157-88-10-106-191-27"
