SolutionID,TotalCost,NumNodes,TotalDistance,ObjectiveFunction,Cycle
1,72839,100,23546,96385,"8-165-90-81-196-40-119-185-179-145-78-31-56-113-175-171-16-25-44-120-2-75-86-26-94-63-79-80-137-23-89-183-143-176-133-151-51-118-59-115-46-68-139-193-41-5-42-181-159-69-108-18-22-146-34-160-48-54-30-177-10-190-4-112-84-35-184-43-116-65-131-149-162-123-127-70-135-154-180-53-100-101-1-97-152-129-92-57-55-52-106-178-49-102-148-9-62-144-14-138"
2,72022,100,24246,96268,"149-123-127-162-151-133-135-70-180-154-53-100-26-86-75-44-25-16-171-175-113-56-31-78-145-179-92-57-52-185-119-40-196-81-90-165-106-178-14-144-62-9-148-102-49-55-129-120-2-101-1-97-152-124-94-63-79-80-176-137-23-186-89-183-143-117-0-51-118-59-115-46-68-139-193-41-5-42-181-159-69-108-18-22-146-34-160-48-54-177-10-190-4-112-84-184-43-116-65-131"
3,73029,100,24354,97383,"173-135-70-154-53-100-26-86-75-44-25-16-171-175-113-56-31-78-145-179-92-57-52-185-119-40-196-81-90-165-106-178-14-144-62-9-148-102-49-55-129-120-2-101-1-97-152-124-94-63-79-80-176-137-23-186-89-183-143-117-0-51-118-59-115-46-68-139-193-41-5-42-181-159-69-108-18-22-146-34-160-48-54-177-10-190-112-84-184-43-116-65-131-149-123-127-162-151-133-180"
4,72458,100,24162,96620,"163-139-68-46-115-118-59-51-0-117-143-183-89-186-23-137-176-80-79-63-94-124-152-97-1-101-2-120-129-55-49-102-148-9-62-144-14-178-106-165-90-81-196-40-119-185-52-57-92-179-145-78-31-56-113-175-171-16-25-44-75-86-26-100-53-154-180-70-135-133-151-162-127-123-149-131-65-116-43-184-84-112-190-10-177-54-48-160-34-181-42-5-41-193-159-146-22-18-69-108"
5,71948,100,23548,95496,"106-52-55-57-92-129-152-97-1-101-100-53-180-154-135-70-127-123-162-149-131-65-116-43-184-35-84-112-4-190-10-177-30-54-48-160-34-146-22-18-108-69-159-181-42-5-41-193-139-68-46-115-59-118-51-151-133-176-0-143-183-89-23-137-80-79-63-94-26-86-75-2-120-44-25-16-171-175-113-56-31-78-145-179-185-119-40-196-81-90-165-138-14-144-62-9-148-102-49-178"
6,73679,100,24065,97744,"127-70-135-154-53-180-121-100-26-86-75-44-25-16-171-175-113-56-31-78-145-179-92-57-52-185-119-40-196-81-90-165-106-178-3-14-144-62-9-148-102-49-55-129-120-2-101-1-97-152-124-94-63-79-80-137-23-89-183-176-133-151-51-118-59-115-46-68-139-193-41-5-42-181-159-69-108-18-22-146-34-160-48-54-30-177-10-190-4-112-84-35-184-43-116-65-131-149-162-123"
7,72629,100,24449,97078,"199-139-68-46-115-118-59-51-0-117-143-183-89-186-23-137-176-80-79-63-94-124-152-97-1-101-2-120-129-55-49-102-148-9-62-144-14-178-106-165-90-81-196-40-119-185-52-57-92-179-145-78-31-56-113-175-171-16-25-44-75-86-26-100-53-154-180-70-135-133-151-162-127-123-149-131-65-116-43-184-84-112-190-10-177-54-48-160-34-181-42-5-193-41-159-146-22-18-108-69"
8,72081,100,24305,96386,"65-131-149-123-127-162-151-133-135-70-180-154-53-100-26-86-75-44-25-16-171-175-113-56-31-78-145-179-92-57-52-185-119-40-196-81-90-165-106-178-14-144-62-9-148-102-49-55-129-120-2-101-1-97-152-124-94-63-79-80-176-137-23-186-89-183-143-117-0-51-59-118-115-46-68-139-193-41-5-42-181-159-69-108-18-22-146-34-160-48-54-177-10-190-4-112-84-184-43-116"
9,72484,100,24033,96517,"109-118-46-115-139-193-41-5-42-181-159-69-108-18-22-146-34-160-48-54-30-177-10-190-4-112-84-35-184-43-65-116-59-151-133-162-123-127-70-135-180-154-53-100-26-86-75-44-25-16-171-175-113-56-31-78-145-179-92-57-52-185-119-40-196-81-90-165-106-178-14-144-62-9-148-102-49-55-129-120-2-101-1-97-152-124-94-63-79-80-176-137-23-186-89-183-143-117-0-51"
10,71948,100,23548,95496,"144-14-138-165-90-81-196-40-119-185-179-145-78-31-56-113-175-171-16-25-44-120-2-75-86-26-94-63-79-80-137-23-89-183-143-0-176-133-151-51-118-59-115-46-68-139-193-41-5-42-181-159-69-108-18-22-146-34-160-48-54-30-177-10-190-4-112-84-35-184-43-116-65-131-149-162-123-127-70-135-154-180-53-100-101-1-97-152-129-92-57-55-52-106-178-49-102-148-9-62"
11,72752,100,23585,96337,"26-100-94-124-148-102-49-178-106-52-55-185-119-40-196-81-90-165-138-14-144-62-9-15-186-89-183-23-137-176-80-151-162-127-123-149-131-65-116-43-184-35-84-112-4-190-10-177-54-48-160-34-146-22-18-108-69-159-181-42-5-41-193-139-68-46-115-59-118-51-133-79-63-180-135-70-154-53-86-75-44-25-16-171-175-113-56-31-78-145-179-92-57-129-120-2-101-1-152-97"
12,73679,100,24065,97744,"123-162-149-131-65-116-43-184-35-84-112-4-190-10-177-30-54-48-160-34-146-22-18-108-69-159-181-42-5-41-193-139-68-46-115-59-118-51-151-133-176-183-89-23-137-80-79-63-94-124-152-97-1-101-2-120-129-55-49-102-148-9-62-144-14-3-178-106-165-90-81-196-40-119-185-52-57-92-179-145-78-31-56-113-175-171-16-25-44-75-86-26-100-121-180-53-154-135-70-127"
13,71987,100,23509,95496,"57-55-52-49-102-148-9-62-144-14-3-178-106-185-165-119-40-90-81-196-179-145-78-31-56-113-175-171-16-25-44-120-2-75-86-26-94-63-79-80-137-23-89-183-143-0-176-133-151-51-118-59-115-46-68-139-193-41-5-42-181-159-69-108-18-22-146-34-160-48-54-30-177-10-190-4-112-84-35-184-43-116-65-131-149-162-123-127-70-135-154-180-53-100-101-1-97-152-129-92"
14,72674,100,23389,96063,"121-100-26-86-75-44-25-16-171-175-113-56-31-78-145-179-92-57-129-120-2-101-1-97-152-94-124-148-102-49-178-106-52-55-185-119-40-196-81-90-165-138-14-144-62-9-15-186-89-183-23-137-176-80-151-162-127-123-149-131-65-116-43-184-84-112-4-190-10-177-54-48-160-34-146-22-18-108-69-159-181-42-5-41-193-139-68-46-115-59-118-51-133-79-63-180-135-70-154-53"
15,72639,100,24161,96800,"2-75-86-26-94-63-79-80-137-23-89-183-143-0-176-133-151-51-118-59-115-46-68-139-193-41-5-42-181-159-69-108-18-22-146-34-160-48-54-30-177-10-190-4-112-84-35-184-43-116-65-131-149-162-123-127-70-135-154-180-53-100-101-1-97-152-129-55-49-102-148-9-62-144-14-3-178-106-165-90-81-196-40-119-185-52-57-92-179-145-78-31-56-113-175-171-16-25-44-120"
16,72674,100,23389,96063,"121-100-26-86-75-44-25-16-171-175-113-56-31-78-145-179-92-57-129-120-2-101-1-97-152-94-124-148-102-49-178-106-52-55-185-119-40-196-81-90-165-138-14-144-62-9-15-186-89-183-23-137-176-80-151-162-127-123-149-131-65-116-43-184-84-112-4-190-10-177-54-48-160-34-146-22-18-108-69-159-181-42-5-41-193-139-68-46-115-59-118-51-133-79-63-180-135-70-154-53"
17,72602,100,23435,96037,"100-26-86-75-44-25-16-171-175-113-56-31-78-145-179-92-57-129-120-2-101-1-97-152-94-124-148-102-49-178-106-52-55-185-119-40-196-81-90-165-138-14-144-62-9-15-186-89-183-23-137-176-80-151-162-127-123-149-131-65-116-43-184-35-84-112-4-190-10-177-54-48-160-34-146-22-18-108-69-159-181-42-5-41-193-139-68-46-115-59-118-51-133-79-63-180-135-70-154-53"
18,73674,100,23543,97217,"125-1-101-2-120-129-57-92-179-145-78-31-56-113-175-171-16-25-44-75-86-53-154-70-135-180-63-79-133-51-118-59-115-46-68-139-193-41-5-42-181-159-69-108-18-22-146-34-160-48-54-177-10-190-4-112-84-184-43-116-65-131-149-123-127-162-151-80-176-137-23-183-89-186-15-9-62-144-14-138-165-90-81-196-40-119-185-55-52-106-178-49-102-148-124-94-100-26-97-152"
19,72920,100,24748,97668,"28-43-65-131-149-123-127-162-151-133-135-70-180-154-53-100-26-86-75-44-25-16-171-175-113-56-31-78-145-179-92-57-52-185-119-40-196-81-90-165-106-178-14-144-62-9-148-102-49-55-129-120-2-101-1-97-152-124-94-63-79-80-176-137-23-186-89-183-143-117-0-51-59-118-115-46-68-139-193-41-116-42-181-159-69-108-18-22-146-34-160-48-54-177-10-190-4-112-84-184"
20,71948,100,23548,95496,"102-148-9-62-144-14-138-165-90-81-196-40-119-185-179-145-78-31-56-113-175-171-16-25-44-120-2-75-86-26-94-63-79-80-137-23-89-183-143-0-176-133-151-51-118-59-115-46-68-139-193-41-5-42-181-159-69-108-18-22-146-34-160-48-54-30-177-10-190-4-112-84-35-184-43-116-65-131-149-162-123-127-70-135-154-180-53-100-101-1-97-152-129-92-57-55-52-106-178-49"
21,72813,100,23396,96209,"189-152-97-1-101-2-120-129-57-92-179-145-78-31-56-113-175-171-16-25-44-75-86-26-100-53-154-70-135-180-63-79-133-51-118-59-115-46-68-139-193-41-5-42-181-159-69-108-18-22-146-34-160-48-54-177-10-190-4-112-84-184-43-116-65-131-149-123-127-162-151-80-176-137-23-183-89-186-15-9-62-144-14-138-165-90-81-196-40-119-185-55-52-106-178-49-102-148-124-94"
22,72747,100,23227,95974,"27-39-165-138-14-144-62-9-148-102-49-178-106-52-55-57-92-129-152-97-1-101-100-53-180-154-135-70-127-123-162-149-131-65-116-43-184-35-84-112-4-190-10-177-30-54-48-160-34-146-22-18-108-69-159-181-42-5-41-193-139-68-46-115-59-118-51-151-133-176-183-89-23-137-80-79-63-94-26-86-75-2-120-44-25-16-171-175-113-56-31-78-145-179-185-119-40-196-81-90"
23,72813,100,23396,96209,"189-152-97-1-101-2-120-129-57-92-179-145-78-31-56-113-175-171-16-25-44-75-86-26-100-53-154-70-135-180-63-79-133-51-118-59-115-46-68-139-193-41-5-42-181-159-69-108-18-22-146-34-160-48-54-177-10-190-4-112-84-184-43-116-65-131-149-123-127-162-151-80-176-137-23-183-89-186-15-9-62-144-14-138-165-90-81-196-40-119-185-55-52-106-178-49-102-148-124-94"
24,72350,100,24104,96454,"198-46-115-118-59-51-0-117-143-183-89-186-23-137-176-80-79-63-94-124-152-97-1-101-2-120-129-55-49-102-148-9-62-144-14-178-106-165-90-81-196-40-119-185-52-57-92-179-145-78-31-56-113-175-171-16-25-44-75-86-26-100-53-154-180-70-135-133-151-162-127-123-149-131-65-116-43-184-84-112-4-190-10-177-54-48-160-34-146-22-18-108-69-159-181-42-5-41-193-139"
25,72561,100,24404,96965,"72-51-0-117-143-183-89-186-23-137-176-80-79-63-94-124-152-97-1-101-2-120-129-55-49-102-148-9-62-144-14-178-106-165-90-81-196-40-119-185-52-57-92-179-145-78-31-56-113-175-171-16-25-44-75-86-26-100-53-154-180-70-135-133-151-162-127-123-149-131-65-116-43-184-84-112-190-10-177-54-48-160-34-146-22-18-108-69-159-181-42-5-41-193-139-68-46-115-118-59"
26,72426,100,24275,96701,"96-43-116-65-131-149-123-127-162-151-133-135-70-180-154-53-100-26-86-75-44-25-16-171-175-113-56-31-78-145-179-92-57-52-185-119-40-196-81-90-165-106-178-14-144-62-9-148-102-49-55-129-120-2-101-1-97-152-124-94-63-79-80-176-137-23-186-89-183-143-117-0-51-59-118-115-46-68-139-41-193-159-69-108-18-22-146-181-34-160-48-54-177-10-190-112-84-184-42-5"
27,72594,100,23799,96393,"15-144-14-138-165-90-81-196-40-119-185-179-145-78-31-56-113-175-171-16-25-44-120-2-75-86-26-94-63-79-80-137-23-89-183-143-176-133-151-51-118-59-115-46-68-139-193-41-5-42-181-159-69-108-18-22-146-34-160-48-54-30-177-10-190-4-112-84-35-184-43-116-65-131-149-162-123-127-70-135-154-180-53-100-101-1-97-152-129-92-57-55-52-106-178-49-102-62-9-148"
28,72561,100,24404,96965,"72-51-0-117-143-183-89-186-23-137-176-80-79-63-94-124-152-97-1-101-2-120-129-55-49-102-148-9-62-144-14-178-106-165-90-81-196-40-119-185-52-57-92-179-145-78-31-56-113-175-171-16-25-44-75-86-26-100-53-154-180-70-135-133-151-162-127-123-149-131-65-116-43-184-84-112-190-10-177-54-48-160-34-146-22-18-108-69-159-181-42-5-41-193-139-68-46-115-118-59"
29,72752,100,23585,96337,"26-100-94-124-148-102-49-178-106-52-55-185-119-40-196-81-90-165-138-14-144-62-9-15-186-89-183-23-137-176-80-151-162-127-123-149-131-65-116-43-184-35-84-112-4-190-10-177-54-48-160-34-146-22-18-108-69-159-181-42-5-41-193-139-68-46-115-59-118-51-133-79-63-180-135-70-154-53-86-75-44-25-16-171-175-113-56-31-78-145-179-92-57-129-120-2-101-1-152-97"
30,71926,100,24150,96076,"108-69-139-68-46-115-118-59-51-0-117-143-183-89-186-23-137-176-80-79-63-94-124-152-97-1-101-2-120-129-55-49-102-148-9-62-144-14-178-106-165-90-81-196-40-119-185-52-57-92-179-145-78-31-56-113-175-171-16-25-44-75-86-26-100-53-154-180-70-135-133-151-162-127-123-149-131-65-116-43-184-84-112-4-190-10-177-54-48-160-34-181-42-5-41-193-159-146-22-18"
31,72815,100,24337,97152,"113-56-31-145-78-179-92-57-52-185-119-40-196-81-90-165-106-178-3-14-144-62-9-148-102-49-55-129-152-97-1-101-100-53-180-154-135-70-127-123-162-149-131-65-116-43-184-35-84-112-4-190-10-177-30-54-48-160-34-146-22-18-108-69-159-181-42-5-41-193-139-68-46-115-59-118-51-151-133-176-0-143-183-89-23-137-80-79-63-94-26-86-75-2-120-44-25-16-171-175"
32,72639,100,24161,96800,"44-25-16-171-175-113-56-31-78-145-179-92-57-52-185-119-40-196-81-90-165-106-178-3-14-144-62-9-148-102-49-55-129-152-97-1-101-100-53-180-154-135-70-127-123-162-149-131-65-116-43-184-35-84-112-4-190-10-177-30-54-48-160-34-146-22-18-108-69-159-181-42-5-41-193-139-68-46-115-59-118-51-151-133-176-0-143-183-89-23-137-80-79-63-94-26-86-75-2-120"
33,72081,100,24305,96386,"115-118-59-51-0-117-143-183-89-186-23-137-176-80-79-63-94-124-152-97-1-101-2-120-129-55-49-102-148-9-62-144-14-178-106-165-90-81-196-40-119-185-52-57-92-179-145-78-31-56-113-175-171-16-25-44-75-86-26-100-53-154-180-70-135-133-151-162-127-123-149-131-65-116-43-184-84-112-4-190-10-177-54-48-160-34-146-22-18-108-69-159-181-42-5-41-193-139-68-46"
34,72475,100,24804,97279,"10-190-4-112-84-35-184-43-65-131-149-123-127-162-151-133-135-70-180-154-53-100-26-86-75-44-25-16-171-175-113-56-31-78-145-179-92-57-52-185-119-40-196-81-90-165-106-178-14-144-62-9-148-102-49-55-129-120-2-101-1-97-152-124-94-63-79-80-176-137-23-186-89-183-143-117-0-51-59-118-115-46-68-139-69-108-18-22-146-159-193-41-116-42-181-160-34-48-54-177"
35,71926,100,24150,96076,"18-22-146-159-193-41-5-42-181-34-160-48-54-177-10-190-4-112-84-184-43-116-65-131-149-123-127-162-151-133-135-70-180-154-53-100-26-86-75-44-25-16-171-175-113-56-31-78-145-179-92-57-52-185-119-40-196-81-90-165-106-178-14-144-62-9-148-102-49-55-129-120-2-101-1-97-152-124-94-63-79-80-176-137-23-186-89-183-143-117-0-51-59-118-115-46-68-139-69-108"
36,73320,100,23384,96704,"64-144-14-138-165-90-81-196-40-119-185-179-145-78-31-56-113-175-171-16-25-44-120-2-75-86-26-94-63-79-80-137-176-133-151-51-118-59-115-46-68-139-193-41-5-42-181-159-69-108-18-22-146-34-160-48-54-177-10-190-4-112-84-184-43-116-65-131-149-162-123-127-70-135-154-180-53-100-101-1-97-152-129-92-57-55-52-106-178-49-102-62-9-148-15-186-23-89-183-114"
37,72752,100,23585,96337,"152-1-101-2-120-129-57-92-179-145-78-31-56-113-175-171-16-25-44-75-86-53-154-70-135-180-63-79-133-51-118-59-115-46-68-139-193-41-5-42-181-159-69-108-18-22-146-34-160-48-54-177-10-190-4-112-84-35-184-43-116-65-131-149-123-127-162-151-80-176-137-23-183-89-186-15-9-62-144-14-138-165-90-81-196-40-119-185-55-52-106-178-49-102-148-124-94-100-26-97"
38,73436,100,24039,97475,"128-167-148-9-62-102-144-14-49-178-106-165-90-81-196-40-119-185-52-55-57-179-145-78-31-56-113-175-171-16-25-44-120-2-75-86-26-94-63-79-80-137-23-89-183-143-176-133-151-51-118-59-115-46-68-139-193-41-5-42-181-159-69-108-18-22-146-34-160-48-54-30-177-10-190-4-112-84-35-184-43-116-65-131-149-162-123-127-70-135-154-180-53-100-101-1-97-152-129-92"
39,73061,100,24329,97390,"6-154-53-100-26-86-75-44-25-16-171-175-113-56-31-78-145-179-92-57-52-185-119-40-196-81-90-165-106-178-14-144-62-9-148-102-49-55-129-120-2-101-1-97-152-124-94-63-79-80-176-137-23-186-89-183-143-117-0-51-118-59-115-46-68-139-193-41-5-42-181-159-69-108-18-22-146-34-160-48-54-177-10-190-112-84-184-43-116-65-131-149-123-127-162-151-133-180-70-135"
40,72507,100,24123,96630,"192-181-146-22-18-108-69-159-193-41-139-68-46-115-118-59-51-0-117-143-183-89-186-23-137-176-80-79-63-94-124-152-97-1-101-2-120-129-55-49-102-148-9-62-144-14-178-106-165-90-81-196-40-119-185-52-57-92-179-145-78-31-56-113-175-171-16-25-44-75-86-26-100-53-154-180-70-135-133-151-162-127-123-149-131-65-116-43-42-184-84-112-4-190-10-177-54-48-160-34"
41,72081,100,24305,96386,"59-118-115-46-68-139-193-41-5-42-181-159-69-108-18-22-146-34-160-48-54-177-10-190-4-112-84-184-43-116-65-131-149-123-127-162-151-133-135-70-180-154-53-100-26-86-75-44-25-16-171-175-113-56-31-78-145-179-92-57-52-185-119-40-196-81-90-165-106-178-14-144-62-9-148-102-49-55-129-120-2-101-1-97-152-124-94-63-79-80-176-137-23-186-89-183-143-117-0-51"
42,72584,100,24340,96924,"20-22-146-159-41-193-5-42-181-34-160-48-54-177-10-190-112-84-184-43-116-65-131-149-123-127-162-151-133-135-70-180-154-53-100-26-86-75-44-25-16-171-175-113-56-31-78-145-179-92-57-52-185-119-40-196-81-90-165-106-178-14-144-62-9-148-102-49-55-129-120-2-101-1-97-152-124-94-63-79-80-176-137-23-186-89-183-143-117-0-51-59-118-115-46-68-139-69-108-18"
43,73023,100,23462,96485,"12-148-102-49-178-106-52-55-185-119-40-196-81-90-165-138-14-144-62-9-15-186-89-183-23-137-176-80-151-162-127-123-149-131-65-116-43-184-84-112-4-190-10-177-54-48-160-34-146-22-18-108-69-159-181-42-5-41-193-139-68-46-115-59-118-51-133-79-63-180-135-70-154-53-100-26-86-75-44-25-16-171-175-113-56-31-78-145-179-92-57-129-120-2-101-1-97-152-94-124"
44,73649,100,23166,96815,"17-196-81-90-40-119-165-185-106-178-3-14-144-62-9-148-102-49-52-55-57-179-145-78-92-129-152-97-1-101-100-53-180-154-135-70-127-123-162-149-131-65-116-43-184-35-84-112-4-190-10-177-30-54-48-160-34-146-22-18-108-69-159-181-42-5-41-193-139-68-46-115-59-118-51-151-133-176-183-89-23-137-80-79-63-94-26-86-75-2-120-44-25-16-171-175-113-56-31-157"
45,72602,100,23435,96037,"94-152-97-1-101-2-120-129-57-92-179-145-78-31-56-113-175-171-16-25-44-75-86-26-100-53-154-70-135-180-63-79-133-51-118-59-115-46-68-139-193-41-5-42-181-159-69-108-18-22-146-34-160-48-54-177-10-190-4-112-84-35-184-43-116-65-131-149-123-127-162-151-80-176-137-23-183-89-186-15-9-62-144-14-138-165-90-81-196-40-119-185-55-52-106-178-49-102-148-124"
46,72022,100,24246,96268,"149-123-127-162-151-133-135-70-180-154-53-100-26-86-75-44-25-16-171-175-113-56-31-78-145-179-92-57-52-185-119-40-196-81-90-165-106-178-14-144-62-9-148-102-49-55-129-120-2-101-1-97-152-124-94-63-79-80-176-137-23-186-89-183-143-117-0-51-118-59-115-46-68-139-193-41-5-42-181-159-69-108-18-22-146-34-160-48-54-177-10-190-4-112-84-184-43-116-65-131"
47,72702,100,24348,97050,"24-149-131-116-65-43-184-84-112-190-10-177-54-48-160-34-146-22-18-108-69-159-181-42-5-41-193-139-68-46-115-59-118-51-0-117-143-183-89-186-23-137-176-80-79-63-94-124-152-97-1-101-2-120-129-55-49-102-148-9-62-144-14-178-106-165-90-81-196-40-119-185-52-57-92-179-145-78-31-56-113-175-171-16-25-44-75-86-26-100-53-154-180-70-135-133-151-162-127-123"
48,71948,100,23548,95496,"49-102-148-9-62-144-14-138-165-90-81-196-40-119-185-179-145-78-31-56-113-175-171-16-25-44-120-2-75-86-26-94-63-79-80-137-23-89-183-143-0-176-133-151-51-118-59-115-46-68-139-193-41-5-42-181-159-69-108-18-22-146-34-160-48-54-30-177-10-190-4-112-84-35-184-43-116-65-131-149-162-123-127-70-135-154-180-53-100-101-1-97-152-129-92-57-55-52-106-178"
49,73373,100,22852,96225,"95-7-164-27-90-81-196-40-119-185-179-145-78-31-56-113-175-171-16-25-44-120-2-75-86-26-94-63-79-80-137-176-133-151-51-118-59-115-46-68-139-193-41-5-42-181-159-69-108-18-22-146-34-160-48-54-30-177-10-190-4-112-84-35-184-43-116-65-131-149-162-123-127-70-135-154-180-53-100-101-1-97-152-129-92-57-55-52-106-178-49-102-148-9-62-144-14-138-165-39"
50,71948,100,23548,95496,"81-196-40-119-185-179-145-78-31-56-113-175-171-16-25-44-120-2-75-86-26-94-63-79-80-137-23-89-183-143-0-176-133-151-51-118-59-115-46-68-139-193-41-5-42-181-159-69-108-18-22-146-34-160-48-54-30-177-10-190-4-112-84-35-184-43-116-65-131-149-162-123-127-70-135-154-180-53-100-101-1-97-152-129-92-57-55-52-106-178-49-102-148-9-62-144-14-138-165-90"
51,72835,100,24148,96983,"182-121-100-26-86-75-44-25-16-171-175-113-56-31-78-145-179-92-57-52-185-119-40-196-81-90-165-106-178-14-144-62-9-148-102-49-55-129-120-2-101-1-97-152-124-94-63-79-80-176-137-23-186-89-183-143-117-0-51-118-59-115-46-68-139-193-41-5-42-181-159-69-108-18-22-146-34-160-48-54-177-10-190-84-184-43-116-65-131-149-123-127-162-151-133-180-135-70-154-53"
52,72602,100,23435,96037,"94-152-97-1-101-2-120-129-57-92-179-145-78-31-56-113-175-171-16-25-44-75-86-26-100-53-154-70-135-180-63-79-133-51-118-59-115-46-68-139-193-41-5-42-181-159-69-108-18-22-146-34-160-48-54-177-10-190-4-112-84-35-184-43-116-65-131-149-123-127-162-151-80-176-137-23-183-89-186-15-9-62-144-14-138-165-90-81-196-40-119-185-55-52-106-178-49-102-148-124"
53,72087,100,24311,96398,"79-80-176-137-23-186-89-183-143-117-0-51-118-59-115-46-68-139-193-41-5-42-181-159-69-108-18-22-146-34-160-48-54-177-10-190-4-112-84-184-43-116-65-131-149-123-127-162-151-133-180-135-70-154-53-100-26-86-75-44-25-16-171-175-113-56-31-78-145-179-92-57-52-185-119-40-196-81-90-165-106-178-14-144-62-9-148-102-49-55-129-120-2-101-1-97-152-124-94-63"
54,72475,100,24804,97279,"10-190-4-112-84-35-184-43-65-131-149-123-127-162-151-133-135-70-180-154-53-100-26-86-75-44-25-16-171-175-113-56-31-78-145-179-92-57-52-185-119-40-196-81-90-165-106-178-14-144-62-9-148-102-49-55-129-120-2-101-1-97-152-124-94-63-79-80-176-137-23-186-89-183-143-117-0-51-59-118-115-46-68-139-69-108-18-22-146-159-193-41-116-42-181-160-34-48-54-177"
55,71948,100,23548,95496,"165-90-81-196-40-119-185-179-145-78-31-56-113-175-171-16-25-44-120-2-75-86-26-94-63-79-80-137-23-89-183-143-0-176-133-151-51-118-59-115-46-68-139-193-41-5-42-181-159-69-108-18-22-146-34-160-48-54-30-177-10-190-4-112-84-35-184-43-116-65-131-149-162-123-127-70-135-154-180-53-100-101-1-97-152-129-92-57-55-52-106-178-49-102-148-9-62-144-14-138"
56,72022,100,24246,96268,"51-118-59-115-46-68-139-193-41-5-42-181-159-69-108-18-22-146-34-160-48-54-177-10-190-4-112-84-184-43-116-65-131-149-123-127-162-151-133-135-70-180-154-53-100-26-86-75-44-25-16-171-175-113-56-31-78-145-179-92-57-52-185-119-40-196-81-90-165-106-178-14-144-62-9-148-102-49-55-129-120-2-101-1-97-152-124-94-63-79-80-176-137-23-186-89-183-143-117-0"
57,72980,100,24302,97282,"21-144-62-9-148-102-49-178-106-52-55-57-92-129-152-97-1-101-100-53-180-154-135-70-127-123-162-149-131-65-116-43-184-35-84-112-4-190-10-177-30-54-48-160-34-146-22-18-108-69-159-181-42-5-41-193-139-68-46-115-59-118-51-151-133-176-143-183-89-23-137-80-79-63-94-26-86-75-2-120-44-25-16-171-175-113-56-31-78-145-179-185-119-40-196-81-90-165-138-14"
58,71951,100,24175,96126,"151-133-162-123-127-70-135-180-154-53-100-26-86-75-44-25-16-171-175-113-56-31-78-145-179-92-57-52-185-119-40-196-81-90-165-106-178-14-144-62-9-148-102-49-55-129-120-2-101-1-97-152-124-94-63-79-80-176-137-23-186-89-183-143-117-0-51-118-59-115-46-68-139-193-41-5-42-181-159-69-108-18-22-146-34-160-48-54-177-10-190-4-112-84-184-43-116-65-131-149"
59,72752,100,23585,96337,"152-1-101-2-120-129-57-92-179-145-78-31-56-113-175-171-16-25-44-75-86-53-154-70-135-180-63-79-133-51-118-59-115-46-68-139-193-41-5-42-181-159-69-108-18-22-146-34-160-48-54-177-10-190-4-112-84-35-184-43-116-65-131-149-123-127-162-151-80-176-137-23-183-89-186-15-9-62-144-14-138-165-90-81-196-40-119-185-55-52-106-178-49-102-148-124-94-100-26-97"
60,71891,100,24115,96006,"5-43-116-65-131-149-123-127-162-151-133-135-70-180-154-53-100-26-86-75-44-25-16-171-175-113-56-31-78-145-179-92-57-52-185-119-40-196-81-90-165-106-178-14-144-62-9-148-102-49-55-129-120-2-101-1-97-152-124-94-63-79-80-176-137-23-186-89-183-143-117-0-51-59-118-115-46-68-139-41-193-159-69-108-18-22-146-181-34-160-48-54-177-10-190-4-112-84-184-42"
61,72475,100,24804,97279,"190-4-112-84-35-184-43-65-131-149-123-127-162-151-133-135-70-180-154-53-100-26-86-75-44-25-16-171-175-113-56-31-78-145-179-92-57-52-185-119-40-196-81-90-165-106-178-14-144-62-9-148-102-49-55-129-120-2-101-1-97-152-124-94-63-79-80-176-137-23-186-89-183-143-117-0-51-59-118-115-46-68-139-69-108-18-22-146-159-193-41-116-42-181-160-34-48-54-177-10"
62,71926,100,24150,96076,"159-146-22-18-108-69-139-68-46-115-118-59-51-0-117-143-183-89-186-23-137-176-80-79-63-94-124-152-97-1-101-2-120-129-55-49-102-148-9-62-144-14-178-106-165-90-81-196-40-119-185-52-57-92-179-145-78-31-56-113-175-171-16-25-44-75-86-26-100-53-154-180-70-135-133-151-162-127-123-149-131-65-116-43-184-84-112-4-190-10-177-54-48-160-34-181-42-5-41-193"
63,73406,100,24226,97632,"83-89-183-143-117-0-176-80-151-162-127-123-149-131-65-116-43-184-190-10-177-54-48-160-34-146-22-18-108-69-159-181-42-5-41-193-139-68-46-115-59-118-51-133-79-63-180-135-70-154-53-100-26-86-75-44-25-16-171-175-113-56-31-78-145-179-92-57-129-120-2-101-1-97-152-94-124-148-102-49-178-106-52-55-185-119-40-196-81-90-165-138-14-144-62-9-15-137-23-186"
64,72081,100,24305,96386,"118-115-46-68-139-193-41-5-42-181-159-69-108-18-22-146-34-160-48-54-177-10-190-4-112-84-184-43-116-65-131-149-123-127-162-151-133-135-70-180-154-53-100-26-86-75-44-25-16-171-175-113-56-31-78-145-179-92-57-52-185-119-40-196-81-90-165-106-178-14-144-62-9-148-102-49-55-129-120-2-101-1-97-152-124-94-63-79-80-176-137-23-186-89-183-143-117-0-51-59"
65,71926,100,24150,96076,"69-108-18-22-146-159-193-41-5-42-181-34-160-48-54-177-10-190-4-112-84-184-43-116-65-131-149-123-127-162-151-133-135-70-180-154-53-100-26-86-75-44-25-16-171-175-113-56-31-78-145-179-92-57-52-185-119-40-196-81-90-165-106-178-14-144-62-9-148-102-49-55-129-120-2-101-1-97-152-124-94-63-79-80-176-137-23-186-89-183-143-117-0-51-59-118-115-46-68-139"
66,71948,100,23548,95496,"14-144-62-9-148-102-49-178-106-52-55-57-92-129-152-97-1-101-100-53-180-154-135-70-127-123-162-149-131-65-116-43-184-35-84-112-4-190-10-177-30-54-48-160-34-146-22-18-108-69-159-181-42-5-41-193-139-68-46-115-59-118-51-151-133-176-0-143-183-89-23-137-80-79-63-94-26-86-75-2-120-44-25-16-171-175-113-56-31-78-145-179-185-119-40-196-81-90-165-138"
67,72179,100,23701,95880,"179-196-81-40-119-90-165-185-106-178-3-14-144-62-9-148-102-49-52-55-57-92-129-152-97-1-101-100-53-180-154-135-70-127-123-162-149-131-65-116-43-184-35-84-112-4-190-10-177-30-54-48-160-34-146-22-18-108-69-159-181-42-5-41-193-139-68-46-115-59-118-51-151-133-176-0-143-183-89-23-137-80-79-63-94-26-86-75-2-120-44-25-16-171-175-113-56-31-78-145"
68,72815,100,24337,97152,"171-16-25-44-120-2-75-86-26-94-63-79-80-137-23-89-183-143-0-176-133-151-51-118-59-115-46-68-139-193-41-5-42-181-159-69-108-18-22-146-34-160-48-54-30-177-10-190-4-112-84-35-184-43-116-65-131-149-162-123-127-70-135-154-180-53-100-101-1-97-152-129-55-49-102-148-9-62-144-14-3-178-106-165-90-81-196-40-119-185-52-57-92-179-78-145-31-56-113-175"
69,73477,100,23444,96921,"87-2-120-129-57-92-179-145-78-31-56-113-175-171-16-25-44-75-86-53-154-70-135-180-63-79-133-51-118-59-115-46-68-139-193-41-5-42-181-159-69-108-18-22-146-34-160-48-54-177-10-190-4-112-84-184-43-116-65-131-149-123-127-162-151-80-176-137-23-183-89-186-15-9-62-144-14-138-165-90-81-196-40-119-185-55-52-106-178-49-102-148-124-94-100-26-1-101-97-152"
70,73679,100,24065,97744,"123-162-149-131-65-116-43-184-35-84-112-4-190-10-177-30-54-48-160-34-146-22-18-108-69-159-181-42-5-41-193-139-68-46-115-59-118-51-151-133-176-183-89-23-137-80-79-63-94-124-152-97-1-101-2-120-129-55-49-102-148-9-62-144-14-3-178-106-165-90-81-196-40-119-185-52-57-92-179-145-78-31-56-113-175-171-16-25-44-75-86-26-100-121-180-53-154-135-70-127"
71,72081,100,24305,96386,"59-118-115-46-68-139-193-41-5-42-181-159-69-108-18-22-146-34-160-48-54-177-10-190-4-112-84-184-43-116-65-131-149-123-127-162-151-133-135-70-180-154-53-100-26-86-75-44-25-16-171-175-113-56-31-78-145-179-92-57-52-185-119-40-196-81-90-165-106-178-14-144-62-9-148-102-49-55-129-120-2-101-1-97-152-124-94-63-79-80-176-137-23-186-89-183-143-117-0-51"
72,73131,100,23642,96773,"32-14-144-62-9-148-102-49-178-106-52-55-57-92-129-152-97-1-101-100-53-180-154-135-70-127-123-162-149-131-65-116-43-184-35-84-112-4-190-10-177-30-54-48-160-34-146-22-18-108-69-159-181-42-5-41-193-139-68-46-115-59-118-51-151-133-176-143-183-89-23-137-80-79-63-94-26-86-75-2-120-44-25-16-171-175-113-56-31-78-145-179-185-119-40-196-81-90-165-138"
73,72752,100,23585,96337,"97-26-100-94-124-148-102-49-178-106-52-55-185-119-40-196-81-90-165-138-14-144-62-9-15-186-89-183-23-137-176-80-151-162-127-123-149-131-65-116-43-184-35-84-112-4-190-10-177-54-48-160-34-146-22-18-108-69-159-181-42-5-41-193-139-68-46-115-59-118-51-133-79-63-180-135-70-154-53-86-75-44-25-16-171-175-113-56-31-78-145-179-92-57-129-120-2-101-1-152"
74,71773,100,24102,95875,"181-146-22-18-108-69-159-193-41-139-68-46-115-118-59-51-0-117-143-183-89-186-23-137-176-80-79-63-94-124-152-97-1-101-2-120-129-55-49-102-148-9-62-144-14-178-106-165-90-81-196-40-119-185-52-57-92-179-145-78-31-56-113-175-171-16-25-44-75-86-26-100-53-154-180-70-135-133-151-162-127-123-149-131-65-116-43-42-184-35-84-112-4-190-10-177-54-48-160-34"
75,72815,100,24337,97152,"175-113-56-31-145-78-179-92-57-52-185-119-40-196-81-90-165-106-178-3-14-144-62-9-148-102-49-55-129-152-97-1-101-100-53-180-154-135-70-127-123-162-149-131-65-116-43-184-35-84-112-4-190-10-177-30-54-48-160-34-146-22-18-108-69-159-181-42-5-41-193-139-68-46-115-59-118-51-151-133-176-0-143-183-89-23-137-80-79-63-94-26-86-75-2-120-44-25-16-171"
76,73679,100,24065,97744,"127-70-135-154-53-180-121-100-26-86-75-44-25-16-171-175-113-56-31-78-145-179-92-57-52-185-119-40-196-81-90-165-106-178-3-14-144-62-9-148-102-49-55-129-120-2-101-1-97-152-124-94-63-79-80-137-23-89-183-176-133-151-51-118-59-115-46-68-139-193-41-5-42-181-159-69-108-18-22-146-34-160-48-54-30-177-10-190-4-112-84-35-184-43-116-65-131-149-162-123"
77,73894,100,24313,98207,"38-145-78-179-92-57-52-185-119-40-196-81-90-165-106-178-3-14-144-62-9-148-102-49-55-129-152-97-1-101-100-53-180-154-135-70-127-123-162-149-131-65-116-43-184-35-84-112-4-190-10-177-30-54-48-160-34-146-22-18-108-69-159-181-42-5-41-193-139-68-46-115-59-118-51-151-133-176-143-183-89-23-137-80-79-63-94-26-86-75-2-120-44-25-16-171-175-113-56-31"
78,72639,100,24161,96800,"120-2-75-86-26-94-63-79-80-137-23-89-183-143-0-176-133-151-51-118-59-115-46-68-139-193-41-5-42-181-159-69-108-18-22-146-34-160-48-54-30-177-10-190-4-112-84-35-184-43-116-65-131-149-162-123-127-70-135-154-180-53-100-101-1-97-152-129-55-49-102-148-9-62-144-14-3-178-106-165-90-81-196-40-119-185-52-57-92-179-145-78-31-56-113-175-171-16-25-44"
79,72639,100,24161,96800,"25-44-120-2-75-86-26-94-63-79-80-137-23-89-183-143-0-176-133-151-51-118-59-115-46-68-139-193-41-5-42-181-159-69-108-18-22-146-34-160-48-54-30-177-10-190-4-112-84-35-184-43-116-65-131-149-162-123-127-70-135-154-180-53-100-101-1-97-152-129-55-49-102-148-9-62-144-14-3-178-106-165-90-81-196-40-119-185-52-57-92-179-145-78-31-56-113-175-171-16"
80,72360,100,24332,96692,"158-154-70-135-180-133-151-162-127-123-149-131-65-116-43-184-84-112-190-10-177-54-48-160-34-146-22-18-108-69-159-181-42-5-41-193-139-68-46-115-59-118-51-0-117-143-183-89-186-23-137-176-80-79-63-94-124-152-97-1-101-2-120-129-55-49-102-148-9-62-144-14-178-106-165-90-81-196-40-119-185-52-57-92-179-145-78-31-56-113-175-171-16-25-44-75-86-26-100-53"
81,72283,100,23978,96261,"167-148-9-62-102-144-14-49-178-106-165-90-81-196-40-119-185-52-55-57-179-145-78-31-56-113-175-171-16-25-44-120-2-75-86-26-94-63-79-80-137-23-89-183-143-0-176-133-151-51-118-59-115-46-68-139-193-41-5-42-181-159-69-108-18-22-146-34-160-48-54-30-177-10-190-4-112-84-35-184-43-116-65-131-149-162-123-127-70-135-154-180-53-100-101-1-97-152-129-92"
82,71951,100,24175,96126,"151-133-162-123-127-70-135-180-154-53-100-26-86-75-44-25-16-171-175-113-56-31-78-145-179-92-57-52-185-119-40-196-81-90-165-106-178-14-144-62-9-148-102-49-55-129-120-2-101-1-97-152-124-94-63-79-80-176-137-23-186-89-183-143-117-0-51-118-59-115-46-68-139-193-41-5-42-181-159-69-108-18-22-146-34-160-48-54-177-10-190-4-112-84-184-43-116-65-131-149"
83,73679,100,24065,97744,"123-162-149-131-65-116-43-184-35-84-112-4-190-10-177-30-54-48-160-34-146-22-18-108-69-159-181-42-5-41-193-139-68-46-115-59-118-51-151-133-176-183-89-23-137-80-79-63-94-124-152-97-1-101-2-120-129-55-49-102-148-9-62-144-14-3-178-106-165-90-81-196-40-119-185-52-57-92-179-145-78-31-56-113-175-171-16-25-44-75-86-26-100-121-180-53-154-135-70-127"
84,71987,100,23509,95496,"57-55-52-49-102-148-9-62-144-14-3-178-106-185-165-119-40-90-81-196-179-145-78-31-56-113-175-171-16-25-44-120-2-75-86-26-94-63-79-80-137-23-89-183-143-0-176-133-151-51-118-59-115-46-68-139-193-41-5-42-181-159-69-108-18-22-146-34-160-48-54-30-177-10-190-4-112-84-35-184-43-116-65-131-149-162-123-127-70-135-154-180-53-100-101-1-97-152-129-92"
85,72326,100,23848,96174,"55-49-102-148-9-62-144-14-3-178-106-165-90-81-196-40-119-185-179-145-78-31-56-113-175-171-16-25-44-120-2-75-86-26-94-63-79-80-137-23-89-183-143-0-176-133-151-51-118-59-115-46-68-139-193-41-5-42-181-159-69-108-18-22-146-34-160-48-54-30-177-10-190-4-112-84-35-184-43-116-65-131-149-162-123-127-70-135-154-180-53-100-101-1-97-152-129-92-57-52"
86,72815,100,24337,97152,"113-56-31-145-78-179-92-57-52-185-119-40-196-81-90-165-106-178-3-14-144-62-9-148-102-49-55-129-152-97-1-101-100-53-180-154-135-70-127-123-162-149-131-65-116-43-184-35-84-112-4-190-10-177-30-54-48-160-34-146-22-18-108-69-159-181-42-5-41-193-139-68-46-115-59-118-51-151-133-176-0-143-183-89-23-137-80-79-63-94-26-86-75-2-120-44-25-16-171-175"
87,73351,100,24725,98076,"147-177-10-190-4-112-84-184-43-65-131-149-123-127-162-151-133-135-70-180-154-53-100-26-86-75-44-25-16-171-175-113-56-31-78-145-179-92-57-52-185-119-40-196-81-90-165-106-178-14-144-62-9-148-102-49-55-129-120-2-101-1-97-152-124-94-63-79-80-176-137-23-186-89-183-143-117-0-51-59-118-115-46-68-139-69-108-18-22-146-159-193-41-116-42-181-160-34-48-54"
88,73649,100,23166,96815,"17-196-81-90-40-119-165-185-106-178-3-14-144-62-9-148-102-49-52-55-57-179-145-78-92-129-152-97-1-101-100-53-180-154-135-70-127-123-162-149-131-65-116-43-184-35-84-112-4-190-10-177-30-54-48-160-34-146-22-18-108-69-159-181-42-5-41-193-139-68-46-115-59-118-51-151-133-176-183-89-23-137-80-79-63-94-26-86-75-2-120-44-25-16-171-175-113-56-31-157"
89,72749,100,25039,97788,"30-34-160-181-42-43-116-41-193-159-146-22-18-108-69-139-68-46-115-118-59-65-131-149-151-51-0-117-143-183-89-186-23-137-176-80-79-63-94-124-152-97-1-101-2-120-129-55-49-102-148-9-62-144-14-178-106-165-90-81-196-40-119-185-52-57-92-179-145-78-31-56-113-175-171-16-25-44-75-86-26-100-53-154-180-70-135-133-162-123-127-112-4-84-35-184-190-10-177-54"
90,72752,100,23585,96337,"101-1-152-97-26-100-94-124-148-102-49-178-106-52-55-185-119-40-196-81-90-165-138-14-144-62-9-15-186-89-183-23-137-176-80-151-162-127-123-149-131-65-116-43-184-35-84-112-4-190-10-177-54-48-160-34-146-22-18-108-69-159-181-42-5-41-193-139-68-46-115-59-118-51-133-79-63-180-135-70-154-53-86-75-44-25-16-171-175-113-56-31-78-145-179-92-57-129-120-2"
91,71773,100,24102,95875,"160-48-54-177-10-190-4-112-84-35-184-42-43-116-65-131-149-123-127-162-151-133-135-70-180-154-53-100-26-86-75-44-25-16-171-175-113-56-31-78-145-179-92-57-52-185-119-40-196-81-90-165-106-178-14-144-62-9-148-102-49-55-129-120-2-101-1-97-152-124-94-63-79-80-176-137-23-186-89-183-143-117-0-51-59-118-115-46-68-139-41-193-159-69-108-18-22-146-181-34"
92,73029,100,24354,97383,"173-135-70-154-53-100-26-86-75-44-25-16-171-175-113-56-31-78-145-179-92-57-52-185-119-40-196-81-90-165-106-178-14-144-62-9-148-102-49-55-129-120-2-101-1-97-152-124-94-63-79-80-176-137-23-186-89-183-143-117-0-51-118-59-115-46-68-139-193-41-5-42-181-159-69-108-18-22-146-34-160-48-54-177-10-190-112-84-184-43-116-65-131-149-123-127-162-151-133-180"
93,72752,100,23585,96337,"1-101-2-120-129-57-92-179-145-78-31-56-113-175-171-16-25-44-75-86-53-154-70-135-180-63-79-133-51-118-59-115-46-68-139-193-41-5-42-181-159-69-108-18-22-146-34-160-48-54-177-10-190-4-112-84-35-184-43-116-65-131-149-123-127-162-151-80-176-137-23-183-89-186-15-9-62-144-14-138-165-90-81-196-40-119-185-55-52-106-178-49-102-148-124-94-100-26-97-152"
94,72772,100,24326,97098,"191-193-41-5-42-181-159-69-108-18-22-146-34-160-48-54-177-10-190-112-84-184-43-116-65-131-149-123-127-162-151-133-135-70-180-154-53-100-26-86-75-44-25-16-171-175-113-56-31-78-145-179-92-57-52-185-119-40-196-81-90-165-106-178-14-144-62-9-148-102-49-55-129-120-2-101-1-97-152-124-94-63-79-80-176-137-23-186-89-183-143-117-0-51-59-118-115-46-68-139"
95,73273,100,23841,97114,"169-40-119-90-165-138-14-144-62-9-148-102-49-178-106-52-55-57-92-129-152-97-1-101-100-53-180-154-135-70-127-123-162-149-131-65-116-43-184-35-84-112-4-190-10-177-30-54-48-160-34-146-22-18-108-69-159-181-42-5-41-193-139-68-46-115-59-118-51-151-133-176-143-183-89-23-137-80-79-63-94-26-86-75-2-120-44-25-16-171-175-113-56-31-78-145-179-185-81-196"
96,72702,100,24348,97050,"24-149-131-116-65-43-184-84-112-190-10-177-54-48-160-34-146-22-18-108-69-159-181-42-5-41-193-139-68-46-115-59-118-51-0-117-143-183-89-186-23-137-176-80-79-63-94-124-152-97-1-101-2-120-129-55-49-102-148-9-62-144-14-178-106-165-90-81-196-40-119-185-52-57-92-179-145-78-31-56-113-175-171-16-25-44-75-86-26-100-53-154-180-70-135-133-151-162-127-123"
97,72594,100,23799,96393,"15-144-14-138-165-90-81-196-40-119-185-179-145-78-31-56-113-175-171-16-25-44-120-2-75-86-26-94-63-79-80-137-23-89-183-143-176-133-151-51-118-59-115-46-68-139-193-41-5-42-181-159-69-108-18-22-146-34-160-48-54-30-177-10-190-4-112-84-35-184-43-116-65-131-149-162-123-127-70-135-154-180-53-100-101-1-97-152-129-92-57-55-52-106-178-49-102-62-9-148"
98,73273,100,23841,97114,"169-40-119-90-165-138-14-144-62-9-148-102-49-178-106-52-55-57-92-129-152-97-1-101-100-53-180-154-135-70-127-123-162-149-131-65-116-43-184-35-84-112-4-190-10-177-30-54-48-160-34-146-22-18-108-69-159-181-42-5-41-193-139-68-46-115-59-118-51-151-133-176-143-183-89-23-137-80-79-63-94-26-86-75-2-120-44-25-16-171-175-113-56-31-78-145-179-185-81-196"
99,72458,100,24162,96620,"163-139-68-46-115-118-59-51-0-117-143-183-89-186-23-137-176-80-79-63-94-124-152-97-1-101-2-120-129-55-49-102-148-9-62-144-14-178-106-165-90-81-196-40-119-185-52-57-92-179-145-78-31-56-113-175-171-16-25-44-75-86-26-100-53-154-180-70-135-133-151-162-127-123-149-131-65-116-43-184-84-112-190-10-177-54-48-160-34-181-42-5-41-193-159-146-22-18-69-108"
100,72326,100,23848,96174,"52-55-49-102-148-9-62-144-14-3-178-106-165-90-81-196-40-119-185-179-145-78-31-56-113-175-171-16-25-44-120-2-75-86-26-94-63-79-80-137-23-89-183-143-0-176-133-151-51-118-59-115-46-68-139-193-41-5-42-181-159-69-108-18-22-146-34-160-48-54-30-177-10-190-4-112-84-35-184-43-116-65-131-149-162-123-127-70-135-154-180-53-100-101-1-97-152-129-92-57"
