SolutionID,TotalCost,NumNodes,TotalDistance,ObjectiveFunction,Cycle
1,207527,100,160577,368104,"112-79-73-182-31-133-89-81-176-63-51-14-94-4-86-103-6-140-161-54-137-3-173-95-187-62-194-28-90-139-123-21-199-111-144-49-186-58-174-197-190-195-135-64-74-155-70-101-171-0-75-68-69-166-61-93-1-159-44-18-168-52-66-130-25-127-163-50-29-107-78-196-149-41-151-85-99-84-42-105-11-45-48-59-156-100-24-153-37-141-179-185-17-114-27-72-131-169-119-191"
2,197260,100,147217,344477,"169-31-41-104-175-17-141-121-118-100-171-147-192-196-103-190-38-140-44-129-15-2-197-191-49-64-194-131-98-72-20-150-10-91-136-142-168-156-87-12-90-188-53-33-144-80-69-137-164-0-32-89-153-79-85-193-161-165-143-134-182-39-83-27-177-160-22-46-133-9-152-132-74-173-13-109-58-102-37-57-199-59-111-29-82-155-25-60-159-184-3-93-14-43-61-55-35-158-125-84"
3,218545,100,167341,385886,"128-47-4-65-126-44-142-182-156-58-172-45-63-86-146-93-143-199-81-98-190-90-38-192-138-1-12-95-10-154-106-50-124-155-13-123-49-165-79-127-179-14-94-32-163-130-198-26-16-101-71-151-80-42-159-68-147-176-157-6-85-20-164-29-23-125-51-110-96-40-62-187-140-148-52-137-102-77-73-158-28-53-195-104-97-82-129-19-48-17-150-144-84-7-197-183-145-72-88-169"
4,223434,100,173239,396673,"164-42-126-89-107-49-148-93-108-43-177-109-118-79-140-31-172-68-153-77-157-198-150-116-191-189-100-95-129-158-15-64-197-183-40-111-62-17-131-113-125-16-76-102-50-98-178-53-162-78-143-6-73-195-47-65-115-179-175-156-97-171-12-105-199-166-10-151-176-48-4-134-34-186-18-163-20-67-137-104-2-136-173-92-56-38-51-152-9-1-13-180-182-39-114-167-188-124-168-117"
5,222874,100,171387,394261,"128-135-106-55-48-116-99-140-192-79-52-50-94-164-194-62-73-83-113-43-190-120-171-154-178-68-26-44-182-76-101-78-61-57-162-25-151-188-123-69-46-133-81-18-7-98-15-21-191-13-84-32-14-185-136-183-159-176-125-33-157-36-28-45-168-51-42-169-110-75-152-134-165-74-8-17-23-91-142-129-147-119-172-127-197-121-102-96-97-174-138-86-34-161-70-22-71-187-64-132"
6,216727,100,165736,382463,"173-91-162-22-30-112-50-94-152-136-159-157-41-8-33-53-7-44-66-96-143-130-65-95-19-197-4-64-169-160-108-6-51-93-137-109-150-14-193-133-3-9-118-120-15-62-124-155-25-175-168-178-170-17-114-134-110-165-76-52-56-13-59-140-101-122-0-61-1-2-116-183-127-111-92-166-42-37-31-39-194-47-179-69-73-28-21-139-24-71-105-40-78-43-98-181-38-20-85-82"
7,216644,100,164480,381124,"76-100-147-91-6-184-31-111-94-192-174-86-34-16-125-29-138-25-121-199-19-75-43-183-151-180-61-105-23-88-68-7-89-26-11-54-77-178-133-27-169-79-49-109-115-13-129-158-95-189-157-163-87-65-36-45-15-32-98-161-47-143-50-103-71-4-53-135-84-48-46-106-2-17-35-83-160-124-172-3-96-149-93-186-92-187-30-73-21-74-41-176-123-166-139-191-164-38-170-142"
8,210666,100,159607,370273,"156-49-68-113-196-183-27-164-42-112-142-12-53-81-96-60-104-126-4-161-139-114-35-101-174-93-2-195-103-32-169-107-38-124-41-89-170-190-56-133-97-84-70-118-46-128-21-102-148-77-83-125-1-119-82-11-188-145-153-130-141-100-26-111-176-152-134-187-162-192-90-199-75-36-178-22-61-180-136-58-67-71-55-5-69-173-184-15-144-177-43-85-165-132-7-171-19-157-115-78"
9,205757,100,156042,361799,"16-195-8-22-199-72-169-152-161-33-138-19-43-23-156-29-50-139-107-30-186-35-85-15-182-83-28-51-77-24-97-63-132-75-13-61-65-167-3-131-153-74-90-96-53-129-145-4-71-92-135-174-1-157-102-115-42-95-80-89-79-64-36-123-134-136-183-103-110-0-119-38-140-69-17-173-172-39-9-10-44-91-191-106-150-55-86-66-47-82-81-26-149-146-112-164-133-122-45-147"
10,214865,100,169737,384602,"169-2-149-88-164-129-135-70-178-148-42-11-153-120-24-189-46-86-138-82-80-33-115-188-45-16-13-108-162-140-177-62-50-73-54-57-126-171-64-101-145-67-167-81-72-34-198-181-79-71-28-175-18-65-61-90-66-0-4-144-103-3-35-182-102-125-6-51-160-111-63-59-109-29-139-124-41-170-99-174-156-132-180-76-142-114-31-104-74-22-147-187-8-17-136-179-154-106-152-141"
11,221605,100,173893,395498,"14-113-165-33-191-82-118-9-38-2-93-176-123-196-130-116-179-153-96-178-29-139-13-136-85-189-90-75-70-31-95-73-52-42-168-27-163-41-184-109-11-185-117-172-58-25-129-26-186-104-112-177-114-105-45-35-120-56-78-5-167-156-159-142-141-65-7-151-53-62-99-122-10-79-149-171-4-121-83-49-18-98-36-86-173-20-140-166-92-71-170-175-160-110-133-1-57-132-169-100"
12,210043,100,162578,372621,"190-8-54-89-170-107-52-90-198-153-173-26-115-24-68-117-13-36-142-18-184-188-75-168-15-136-96-35-11-113-98-17-102-193-16-122-62-45-9-126-186-137-33-10-20-139-85-176-0-77-4-157-172-97-138-196-124-116-141-120-44-32-61-103-181-56-119-134-154-146-23-106-29-30-2-123-100-165-187-95-112-6-92-42-38-109-7-131-49-25-64-110-40-149-87-5-160-143-3-130"
13,228421,100,179185,407606,"167-6-186-58-22-77-115-57-25-17-155-147-91-120-176-113-30-55-150-119-78-28-145-134-94-177-187-5-63-12-74-44-2-67-126-75-70-137-118-7-157-158-14-43-38-93-185-62-138-181-151-183-128-173-53-27-123-98-24-11-66-40-189-140-175-21-96-194-97-161-182-87-112-32-179-72-35-117-143-31-80-159-124-197-13-148-45-125-180-102-99-81-86-162-165-59-48-18-139-188"
14,204619,100,155657,360276,"77-149-154-0-166-124-8-148-181-127-59-129-159-114-125-199-25-30-32-116-183-195-23-19-55-4-136-10-81-191-135-173-126-94-168-121-68-186-46-139-88-165-7-104-113-108-120-35-176-150-179-97-38-22-18-105-111-143-54-101-83-74-45-39-15-128-117-24-93-140-5-29-123-42-109-56-44-26-85-63-187-167-189-14-175-31-145-137-82-192-115-100-40-122-162-11-37-33-99-184"
15,217502,100,166784,384286,"30-55-2-10-63-124-73-177-17-4-67-136-176-37-107-75-182-150-128-190-34-74-90-112-42-51-133-145-61-5-181-137-96-7-71-32-125-185-66-120-86-115-129-183-40-89-41-118-132-131-57-91-81-94-167-82-14-99-155-44-141-166-146-93-52-87-178-6-138-147-199-104-19-92-70-161-148-88-39-116-102-168-79-194-0-3-187-84-151-105-48-23-189-158-111-191-119-45-27-103"
16,212059,100,161236,373295,"91-13-173-121-18-134-107-52-129-110-25-28-96-199-115-172-75-24-182-104-179-160-171-181-60-8-31-180-154-42-166-45-65-123-36-139-40-73-117-98-108-86-68-149-58-39-100-22-168-46-106-141-153-192-169-41-136-61-30-135-47-76-140-0-44-78-191-26-95-146-167-15-187-103-14-48-81-155-119-54-175-7-87-186-131-16-132-122-105-35-127-66-57-150-195-120-82-2-53-133"
17,213394,100,165385,378779,"45-133-131-28-198-11-27-88-163-132-25-110-93-71-3-57-182-106-86-98-67-69-70-63-26-195-155-35-171-173-74-40-44-8-16-165-128-140-175-94-187-119-78-193-59-64-72-76-46-95-5-139-15-137-168-179-33-17-92-112-152-101-2-115-176-18-196-167-153-12-7-147-162-184-188-135-91-118-192-161-39-1-145-60-13-134-105-185-73-80-85-157-62-103-120-50-99-97-81-6"
18,195135,100,143903,339038,"11-41-150-169-167-71-182-142-134-85-147-103-59-149-128-79-141-82-63-183-181-192-121-68-38-14-53-135-92-105-146-60-69-198-193-25-170-94-185-44-188-144-39-139-108-91-7-196-78-186-191-35-67-95-187-180-99-31-171-21-86-98-164-137-61-148-189-49-17-151-73-70-65-54-16-24-77-190-64-138-161-33-2-88-12-51-113-75-112-145-97-9-20-29-6-162-154-100-179-58"
19,210831,100,160578,371409,"45-135-143-17-72-87-55-76-179-26-170-146-65-94-126-70-4-187-84-95-174-48-107-139-53-178-172-145-162-50-98-58-13-129-31-113-80-7-177-152-182-62-125-108-118-90-86-120-16-49-186-138-11-15-88-74-115-114-93-71-46-122-192-131-140-183-30-54-195-196-154-158-159-169-150-102-128-28-14-1-184-5-64-199-109-153-21-29-101-20-23-6-66-51-67-117-141-191-10-82"
20,216834,100,167156,383990,"39-140-171-169-170-61-57-130-81-31-70-21-133-95-122-7-84-46-153-108-142-149-159-51-160-193-47-195-67-125-0-17-132-30-48-143-1-94-127-45-74-117-179-18-71-26-144-111-192-105-65-34-68-106-4-156-32-72-164-3-129-120-85-12-151-181-79-158-66-93-123-131-194-174-98-78-121-36-118-113-5-165-101-198-96-89-35-25-188-178-189-191-145-77-168-175-41-58-137-146"
21,217989,100,169988,387977,"53-177-175-46-68-13-146-197-16-74-138-10-87-141-139-21-47-1-40-69-140-147-97-116-171-79-18-94-118-132-0-83-98-29-152-135-185-52-64-102-91-129-117-66-163-19-3-44-165-158-42-41-61-86-121-157-22-156-8-134-60-7-65-111-39-82-55-169-194-92-144-62-189-43-75-77-35-133-32-59-107-95-179-100-155-170-37-67-120-119-164-166-56-45-154-25-149-81-162-96"
22,192169,100,148920,341089,"168-157-91-155-21-33-31-5-182-13-51-56-135-23-34-173-9-26-144-98-64-113-149-73-139-133-83-68-150-75-124-87-95-120-86-2-131-47-152-112-114-78-92-63-54-189-6-192-166-151-174-22-69-72-195-169-134-158-61-76-163-191-50-89-53-1-147-85-80-122-153-104-35-28-143-82-7-183-187-145-179-194-20-117-96-123-176-162-111-185-148-142-175-105-108-118-10-15-3-77"
23,219453,100,168042,387495,"53-39-18-82-66-51-33-124-144-108-37-0-139-68-65-71-43-120-100-187-169-106-171-180-167-182-72-152-58-45-22-93-122-142-83-21-12-92-34-166-179-170-57-146-76-149-85-89-127-35-107-97-81-177-20-156-63-84-164-90-150-102-130-163-161-168-119-19-189-105-4-42-17-70-64-54-5-155-183-38-7-193-49-86-197-55-104-136-129-115-186-192-80-28-99-110-116-125-41-40"
24,218956,100,172091,391047,"80-0-126-59-162-58-65-30-188-120-35-7-123-105-197-136-102-111-3-93-154-125-23-141-60-13-186-17-55-104-131-112-115-70-61-79-6-142-121-85-127-124-44-183-181-190-167-147-114-47-71-198-37-193-57-91-187-117-149-171-2-109-38-21-9-25-199-83-145-27-106-196-19-194-156-29-43-152-168-130-34-73-54-160-195-53-185-8-82-40-20-41-151-177-92-179-33-137-66-15"
25,205660,100,156943,362603,"108-63-51-178-118-17-196-131-168-6-44-75-179-169-105-85-120-80-198-195-177-138-137-49-91-180-23-153-16-97-1-24-73-158-48-152-40-38-29-174-145-57-160-60-165-10-193-173-186-163-34-89-132-66-114-143-156-52-56-90-140-127-13-146-119-2-129-182-167-15-171-54-191-106-123-62-81-19-36-88-192-187-122-172-76-67-150-189-188-83-72-124-147-4-151-77-103-194-128-197"
26,223686,100,170272,393958,"110-67-24-157-116-121-93-124-151-177-78-107-74-72-47-134-50-115-55-192-4-23-66-25-148-182-106-49-176-20-150-7-158-30-153-70-73-140-22-53-135-19-102-155-84-91-9-123-64-51-32-133-83-183-62-10-113-156-28-17-164-127-197-90-199-167-14-126-18-92-13-45-171-15-54-187-1-172-77-146-42-98-37-56-125-159-12-118-161-101-188-144-189-154-108-117-61-75-11-46"
27,191728,100,141943,333671,"195-37-54-125-116-191-10-108-174-114-48-41-143-145-126-109-105-65-199-182-35-43-59-138-101-118-24-198-122-7-8-183-163-26-194-55-68-15-112-0-94-170-84-151-20-6-111-51-157-95-168-167-52-77-110-23-148-128-113-28-106-89-135-190-56-178-175-160-150-74-165-136-72-16-103-142-33-131-180-5-11-98-17-124-42-96-156-62-81-9-92-99-161-154-36-91-119-132-14-58"
28,221225,100,170646,391871,"191-154-176-127-138-112-181-42-172-131-118-95-8-149-33-155-185-85-141-96-10-51-58-190-52-89-198-156-126-4-21-97-122-165-186-124-49-32-36-71-133-103-24-98-17-174-38-153-30-56-91-50-196-184-86-189-65-108-31-6-0-187-143-1-76-40-92-111-44-35-78-55-134-100-123-171-34-99-167-140-105-39-84-60-83-175-169-87-129-130-81-180-145-193-161-115-2-179-178-88"
29,218533,100,169920,388453,"30-40-78-6-51-153-189-56-27-175-184-57-92-22-112-47-172-116-64-62-105-110-43-178-193-118-167-101-54-115-107-129-63-133-185-86-169-186-26-102-81-157-156-65-168-94-84-46-108-4-131-95-35-18-174-25-171-124-44-16-160-80-146-139-170-179-187-183-72-83-66-8-60-194-79-177-24-164-151-36-48-49-128-162-147-109-188-87-3-5-197-45-17-130-39-42-91-117-190-143"
30,214360,100,166714,381074,"113-65-162-75-94-62-194-24-76-19-170-9-137-140-13-39-190-25-107-53-72-121-98-101-44-67-149-161-128-73-139-136-61-119-106-99-49-117-187-82-177-197-71-105-8-63-122-152-34-51-115-130-56-125-55-14-60-150-77-89-147-156-29-185-86-112-66-10-104-189-158-95-33-83-12-192-84-68-78-180-45-179-41-102-166-171-16-114-59-181-103-126-21-1-133-198-141-79-4-90"
31,203918,100,155120,359038,"194-31-109-83-82-152-154-151-55-87-86-155-70-3-180-79-178-115-63-118-107-134-160-156-144-14-147-84-179-17-161-77-119-89-6-176-91-39-41-123-38-97-106-168-92-196-32-159-42-189-141-75-128-177-99-95-66-27-64-126-58-94-140-40-80-7-198-169-43-131-121-69-173-181-4-47-16-104-54-138-35-85-28-30-19-34-185-193-129-186-132-56-12-71-133-136-13-48-120-72"
32,208827,100,161963,370790,"116-139-72-57-133-100-113-34-126-0-160-11-88-182-96-169-21-123-136-147-12-59-163-40-172-6-42-141-127-119-47-189-10-90-167-137-155-159-3-31-13-46-60-195-94-104-197-19-171-80-79-65-83-15-129-196-87-32-198-194-164-103-23-89-64-54-105-71-70-153-95-29-117-44-28-16-177-190-69-188-86-185-134-150-109-152-4-162-111-36-56-25-9-158-110-148-76-112-61-53"
33,204939,100,155904,360843,"191-121-71-182-167-126-46-166-23-97-158-169-40-16-122-148-102-143-57-179-127-48-79-62-45-83-173-124-49-41-131-32-185-164-24-193-199-5-84-31-8-130-195-37-137-141-112-151-70-177-108-140-35-22-50-76-101-153-42-9-89-144-145-75-139-154-6-36-147-68-13-2-51-19-25-12-116-171-115-38-14-128-30-72-135-88-183-134-187-44-34-20-93-155-77-81-18-61-85-120"
34,204175,100,153224,357399,"139-90-123-33-160-120-169-161-71-61-14-58-100-186-31-167-184-89-67-25-65-21-70-133-91-68-51-0-35-7-63-180-84-150-28-66-130-145-22-129-141-32-50-197-134-16-39-198-85-55-157-53-188-57-191-88-168-172-29-190-107-77-104-152-76-159-122-111-26-196-97-98-113-125-110-138-185-38-135-156-142-62-114-99-34-49-82-46-54-176-64-146-13-45-30-79-42-101-174-121"
35,216982,100,168642,385624,"159-1-186-49-143-97-166-144-104-11-153-148-81-167-30-39-80-61-188-154-79-124-142-162-125-7-36-135-106-5-13-94-68-19-31-147-197-137-139-52-72-75-172-173-17-131-14-169-67-15-64-77-164-56-50-3-40-82-181-108-152-191-47-78-120-114-53-107-133-95-127-190-165-102-123-196-23-141-33-27-151-99-22-103-168-26-119-88-74-34-134-161-175-146-187-150-21-177-183-9"
36,211236,100,162740,373976,"131-1-73-28-72-105-171-118-119-63-49-158-88-15-177-30-143-75-133-151-125-25-120-19-27-66-0-16-78-150-135-124-48-107-141-160-46-155-23-59-139-167-64-129-7-162-168-137-159-2-190-96-43-9-113-41-20-103-152-74-144-56-114-138-82-18-55-95-70-127-164-51-182-24-147-175-60-21-12-183-172-65-117-52-98-173-191-180-192-193-87-185-32-106-90-166-145-10-181-99"
37,196972,100,149175,346147,"8-177-79-18-88-59-89-193-119-137-140-170-143-24-19-41-61-112-55-95-16-27-130-161-9-34-72-36-190-117-21-37-14-179-109-39-145-10-151-53-160-101-187-0-171-118-102-48-184-107-126-176-136-1-98-91-128-86-199-149-99-46-122-6-47-147-154-94-96-92-125-113-58-28-90-54-83-68-172-167-97-138-100-35-150-20-110-164-60-191-51-78-175-104-76-80-134-85-74-141"
38,220232,100,170489,390721,"31-132-34-43-133-89-86-129-110-96-88-122-142-27-154-3-56-135-4-120-36-174-64-183-67-39-108-148-144-128-156-134-69-186-145-131-72-199-159-28-35-23-73-94-127-70-153-161-71-11-175-10-119-140-95-48-7-38-22-76-65-25-98-84-178-29-19-173-58-18-15-152-92-77-16-53-169-176-164-191-85-196-190-179-1-195-68-146-109-162-51-97-182-141-32-49-62-54-87-197"
39,221601,100,173607,395208,"112-109-56-173-61-70-13-151-190-2-166-59-55-58-22-33-139-163-15-63-60-48-148-141-36-125-165-14-179-124-67-10-162-1-157-35-168-146-40-16-183-24-174-196-12-137-18-133-144-161-47-77-19-26-140-80-44-123-50-105-129-176-193-127-32-99-138-51-30-171-76-83-150-79-198-117-199-54-90-81-116-152-128-113-102-103-114-85-75-121-57-52-110-108-170-197-155-11-3-64"
40,215142,100,167754,382896,"72-151-144-20-112-199-147-31-134-8-195-133-85-96-187-55-106-89-137-142-102-135-169-92-119-125-61-19-9-172-103-176-50-76-153-13-171-26-29-52-132-198-30-148-128-48-130-83-131-185-113-27-182-123-99-178-175-129-24-23-33-84-5-80-95-81-196-91-97-194-38-70-43-108-154-12-40-162-63-183-138-104-66-110-165-6-120-62-174-170-44-3-60-56-136-16-64-53-177-47"
41,210627,100,161407,372034,"120-73-147-168-135-156-2-188-138-176-56-28-24-115-83-52-37-113-65-12-55-26-38-57-23-70-81-40-140-94-96-36-107-125-161-195-158-152-47-72-58-145-54-199-198-7-41-157-182-82-19-104-117-133-45-165-151-129-116-170-137-131-141-105-64-48-5-111-25-185-106-153-122-191-8-68-154-186-160-190-92-150-136-22-114-180-163-62-76-127-10-15-39-31-17-50-95-66-164-101"
42,215371,100,165470,380841,"164-132-147-5-173-163-101-50-198-43-188-57-183-175-157-178-84-168-19-62-1-153-72-194-86-17-115-137-109-180-92-10-27-63-23-8-13-31-54-127-21-64-66-174-83-38-74-102-103-143-144-87-98-45-134-60-139-82-28-185-68-187-56-55-15-78-47-112-58-36-171-0-131-26-107-91-182-48-69-104-159-161-186-125-162-24-196-99-11-96-14-133-116-44-93-71-121-117-59-136"
43,216936,100,164057,380993,"10-138-156-68-124-52-1-5-153-141-71-76-128-178-100-98-30-83-125-37-87-139-174-140-155-51-34-48-137-190-93-77-43-14-110-149-154-99-150-112-79-122-15-187-89-42-97-27-88-121-23-163-170-101-57-160-28-198-181-105-134-38-24-85-53-32-115-73-17-12-114-80-96-22-148-109-60-185-143-90-81-191-159-120-7-13-151-92-86-169-135-104-64-46-116-197-157-183-94-65"
44,206279,100,152555,358834,"170-101-63-161-175-62-7-190-142-139-6-164-136-84-100-85-149-75-12-173-98-145-59-126-111-163-103-92-107-171-31-88-26-66-112-160-144-78-140-30-51-53-150-14-22-76-151-193-40-141-191-42-2-186-77-97-71-39-34-58-57-102-41-81-159-109-28-137-65-46-1-169-155-116-172-185-17-90-121-129-10-44-197-55-74-192-99-64-128-38-49-166-73-37-110-153-148-4-168-154"
45,224815,100,174341,399156,"4-44-176-79-64-65-183-92-39-86-70-71-182-116-108-179-119-192-163-94-198-73-130-83-28-25-103-197-47-158-43-87-169-101-34-14-149-74-8-154-93-21-115-30-82-141-132-188-78-57-177-137-139-32-145-157-20-196-125-35-55-1-72-126-199-120-80-15-76-166-142-50-84-67-54-5-77-38-194-105-134-162-143-99-178-16-131-121-24-185-3-193-97-46-171-140-184-165-96-19"
46,205305,100,157063,362368,"123-110-95-93-195-46-30-50-173-164-69-125-57-49-89-43-51-122-179-0-28-61-45-112-175-107-91-62-21-59-169-53-166-150-145-5-10-176-22-40-188-159-137-172-8-1-77-36-186-76-7-109-163-14-177-20-68-103-9-116-81-196-146-139-157-133-75-183-126-140-198-73-19-154-113-35-121-147-78-197-37-97-174-149-41-11-26-187-136-94-12-98-148-178-144-16-27-156-120-54"
47,203101,100,157663,360764,"68-189-43-122-40-16-199-66-99-188-176-35-57-22-50-152-175-198-154-94-190-19-142-150-148-180-183-135-160-136-143-155-157-98-79-82-32-103-129-29-131-146-171-177-59-9-115-172-60-47-55-134-37-140-80-84-181-18-162-121-4-193-25-112-72-62-110-5-49-87-36-107-125-33-173-77-24-185-101-76-42-168-186-191-63-20-6-102-144-106-153-34-197-109-132-15-28-10-93-65"
48,202940,100,152959,355899,"143-111-132-17-182-45-191-11-195-90-185-178-147-188-0-28-66-25-43-99-125-197-40-140-58-47-105-7-33-38-8-171-84-79-14-109-118-123-78-98-150-48-196-75-181-55-101-20-166-46-3-94-127-130-148-170-167-68-129-35-23-5-138-93-160-9-54-15-102-120-39-80-27-117-92-158-29-131-157-86-124-2-57-10-95-24-77-71-61-104-49-87-137-169-44-83-189-172-108-91"
49,218715,100,171616,390331,"87-176-179-137-131-193-40-56-83-166-21-185-151-17-192-101-7-174-51-186-94-150-61-190-139-109-105-97-67-110-20-79-49-70-11-62-129-155-149-162-175-60-160-107-156-77-31-170-177-74-113-52-43-0-48-32-4-81-130-143-125-55-36-189-53-171-172-161-122-89-182-34-194-16-72-183-73-103-57-69-44-154-128-126-1-133-6-102-15-63-46-96-54-163-169-104-199-47-19-50"
50,214741,100,168334,383075,"1-115-138-20-42-41-4-184-195-16-99-22-82-70-105-71-150-118-94-126-81-40-47-147-131-190-153-21-97-83-112-52-181-18-168-163-50-132-117-65-149-57-9-135-187-119-146-171-169-109-180-10-191-183-30-199-151-32-8-173-48-107-116-155-26-74-125-85-113-192-60-43-179-174-80-122-114-127-133-145-177-128-136-188-77-95-28-53-121-167-49-86-185-100-186-106-56-91-39-79"
51,211751,100,159042,370793,"191-55-38-8-143-199-91-52-178-70-133-17-167-56-190-46-93-37-169-158-194-62-99-182-18-129-76-155-195-30-15-11-162-36-83-68-69-65-29-197-6-187-88-108-104-170-0-141-67-5-186-72-165-47-196-24-114-164-121-175-181-19-43-87-89-117-50-59-134-198-21-120-193-177-119-135-77-152-23-39-9-12-125-84-20-180-7-166-116-98-25-103-26-126-81-102-150-130-74-151"
52,220229,100,172429,392658,"102-119-5-83-126-179-10-60-89-166-110-140-193-72-27-185-163-64-63-157-176-183-122-41-55-16-71-48-133-156-147-116-94-178-181-92-13-189-26-182-24-2-58-107-44-168-152-39-56-186-25-57-77-85-0-153-184-196-154-73-31-68-78-172-6-3-66-18-143-14-80-109-117-91-35-130-148-54-36-74-161-127-135-34-96-106-173-199-62-194-9-151-150-7-115-177-46-191-84-195"
53,226388,100,176684,403072,"152-169-149-150-21-175-113-95-108-198-197-148-102-140-82-65-174-98-193-30-2-19-199-75-188-171-51-115-172-87-66-10-130-18-103-122-84-104-78-23-142-137-121-195-156-144-116-73-155-14-5-76-93-92-139-146-27-110-127-70-54-90-4-118-159-32-136-50-126-133-120-123-11-141-55-48-166-36-89-196-33-67-99-134-96-94-43-173-105-63-160-37-163-107-179-6-29-79-57-128"
54,202154,100,152733,354887,"96-70-185-174-30-111-20-184-52-95-189-134-135-198-23-169-191-17-27-119-180-186-157-173-85-72-142-178-21-84-110-3-67-102-165-48-65-121-98-63-88-122-131-156-1-125-140-24-190-29-106-179-60-55-170-47-8-160-73-143-163-18-149-32-86-139-19-5-58-153-75-14-148-81-28-82-10-69-25-76-16-159-50-64-177-22-136-152-120-92-175-132-138-196-9-7-61-26-101-199"
55,207608,100,159726,367334,"186-120-6-172-135-0-69-75-132-33-84-161-16-140-45-152-113-39-124-154-151-115-71-25-121-108-48-130-22-174-66-67-88-195-103-189-159-99-162-144-170-23-188-177-57-96-118-47-15-62-146-60-168-133-52-109-82-138-107-1-137-78-28-160-58-102-90-21-167-190-178-95-36-14-97-126-145-64-157-148-26-171-35-110-43-141-127-10-70-13-38-173-77-176-54-129-79-7-41-153"
56,211530,100,161502,373032,"188-160-76-155-145-146-67-183-102-87-77-122-28-23-17-32-136-5-54-37-39-141-175-89-166-195-58-193-103-196-144-59-9-3-148-36-46-135-64-44-10-42-172-47-84-7-124-190-38-114-8-180-178-199-168-72-187-111-170-105-106-119-18-80-128-157-151-85-22-26-63-31-186-30-173-161-143-79-34-68-153-104-115-70-20-57-0-69-182-88-24-16-21-139-101-110-98-65-174-194"
57,197705,100,148131,345836,"62-57-113-23-16-108-41-2-40-122-51-6-48-8-52-9-74-168-33-73-105-90-91-61-144-72-92-135-142-94-127-154-177-97-22-138-171-56-93-167-88-155-147-178-188-190-78-50-100-128-3-182-199-75-191-116-27-131-186-7-114-132-165-82-15-79-148-173-141-29-66-60-126-166-129-184-159-12-136-67-103-161-172-35-10-11-193-39-30-117-58-49-28-85-198-187-145-162-158-95"
58,203737,100,155304,359041,"13-65-77-14-140-188-119-112-197-31-145-199-154-33-79-18-132-118-115-76-179-98-16-130-24-196-57-49-116-35-19-8-136-90-10-89-102-165-25-1-191-123-71-68-134-124-181-104-38-108-88-67-87-75-175-133-17-106-83-127-164-120-183-23-80-81-144-110-189-148-107-103-152-143-86-146-27-193-34-150-109-153-105-5-46-185-138-92-91-29-141-82-128-180-61-157-169-44-166-194"
59,215504,100,166552,382056,"65-5-86-197-102-1-194-101-110-139-132-133-87-84-169-80-2-161-94-134-40-199-96-148-9-99-45-0-8-165-181-60-154-25-20-83-150-37-50-168-11-97-106-149-51-49-77-4-191-189-125-158-151-128-72-43-42-93-162-52-159-141-105-143-104-34-100-55-74-35-22-54-146-78-81-12-123-23-21-122-28-184-66-3-135-98-10-144-33-176-185-32-173-119-120-179-38-13-126-175"
60,210119,100,158951,369070,"174-98-52-162-100-179-21-168-84-91-80-76-72-33-7-116-89-141-20-9-13-185-133-193-155-58-132-34-27-173-159-110-45-151-77-49-189-99-146-16-30-123-157-153-32-74-199-177-85-41-124-161-71-97-60-138-167-0-5-164-184-175-117-122-12-145-95-121-19-87-23-111-61-81-171-17-69-182-86-102-8-15-22-113-24-108-118-53-172-79-65-147-150-92-196-136-94-186-163-198"
61,214737,100,167659,382396,"21-36-190-162-138-27-84-9-69-32-66-187-95-47-165-49-41-112-80-160-194-70-15-52-197-56-114-93-199-131-161-51-59-5-23-103-139-20-29-155-111-104-157-152-30-185-151-89-126-60-48-87-91-74-45-78-40-108-198-121-128-156-163-4-105-154-64-142-136-18-133-0-173-61-50-102-63-44-158-35-17-125-180-107-196-147-8-67-183-172-82-119-116-26-28-122-132-117-113-19"
62,209416,100,157337,366753,"34-9-142-187-105-36-194-11-178-172-25-89-136-184-22-30-109-111-106-19-188-154-98-125-15-3-85-1-32-132-18-180-144-149-110-88-60-64-46-177-115-157-96-171-7-114-50-71-119-129-137-102-152-116-84-48-52-190-167-74-4-63-146-113-159-156-17-61-175-120-197-83-12-169-192-148-49-77-193-21-134-31-181-126-13-128-151-158-166-133-40-41-26-97-90-199-82-8-155-145"
63,227448,100,176695,404143,"63-138-170-19-130-198-155-20-103-109-96-101-56-113-195-166-105-132-22-149-168-65-121-97-115-128-124-0-161-190-189-110-153-27-187-107-31-30-167-42-158-148-10-83-23-123-6-7-66-53-117-75-139-49-62-199-11-76-44-133-14-29-80-180-26-82-100-4-145-127-70-163-186-41-47-171-154-183-98-173-125-38-85-151-9-184-79-174-73-157-51-108-95-120-146-178-126-119-3-116"
64,227475,100,174755,402230,"74-41-19-144-163-86-115-156-184-192-165-64-162-2-10-121-146-37-93-196-106-63-0-90-60-73-147-32-29-149-145-52-120-129-183-28-87-193-61-25-36-137-195-47-191-76-172-49-140-114-171-67-133-199-127-130-116-43-4-40-84-110-30-24-83-99-72-155-123-6-173-161-107-126-164-154-7-1-79-68-15-12-26-175-152-9-135-150-23-178-109-187-97-38-77-142-85-159-181-33"
65,211573,100,163564,375137,"134-46-101-77-196-20-150-148-82-27-67-74-177-76-166-62-39-116-132-191-97-57-79-180-125-43-164-111-161-47-32-90-182-185-34-167-107-194-129-172-5-145-181-6-110-11-179-21-18-105-156-169-48-9-38-121-86-12-17-197-68-109-72-35-69-142-139-100-112-14-95-160-146-1-81-33-25-40-131-84-22-78-44-89-190-19-184-2-28-147-162-133-168-189-55-154-106-140-66-36"
66,193015,100,145101,338116,"191-16-116-171-56-8-141-58-137-113-25-127-130-181-114-15-167-157-128-136-142-172-149-45-33-49-196-118-30-96-27-13-178-152-53-177-123-18-119-115-185-158-106-166-195-89-183-193-39-140-175-180-164-138-182-199-42-100-14-83-72-29-135-133-198-74-184-47-20-11-162-62-86-66-5-153-147-125-112-80-120-194-109-43-197-111-146-139-35-108-28-192-134-76-95-85-78-68-161-12"
67,215138,100,163482,378620,"6-34-2-8-46-84-65-52-16-76-67-109-134-5-32-191-141-81-103-83-101-18-151-160-125-156-161-48-178-4-51-145-177-154-44-26-71-30-164-39-87-82-120-1-69-146-186-142-75-143-176-15-47-106-171-23-112-133-95-183-0-182-192-122-63-136-50-61-165-24-181-11-155-129-12-108-68-91-9-27-29-196-149-94-77-197-78-70-20-85-158-100-104-53-147-127-111-35-139-80"
68,200205,100,147712,347917,"149-27-67-37-170-7-142-57-107-134-177-126-193-190-175-144-49-157-110-121-44-69-19-85-150-131-26-127-29-78-191-136-56-135-30-32-34-118-184-6-65-87-195-103-128-21-124-186-54-8-90-40-159-77-75-192-158-178-120-174-160-151-83-125-58-162-101-50-147-187-132-189-13-152-104-181-179-194-4-119-80-43-35-164-198-79-64-48-11-60-3-123-92-59-122-182-0-130-139-115"
69,220692,100,173819,394511,"150-109-137-113-177-68-118-134-106-17-4-55-27-31-33-94-194-136-3-182-18-76-173-78-164-197-42-74-8-96-154-6-111-23-77-162-98-148-152-163-95-183-92-143-86-61-62-142-69-5-158-22-89-104-179-79-90-156-91-71-48-35-20-168-186-37-192-147-40-193-107-175-103-1-9-108-199-58-196-123-2-151-70-105-65-28-26-30-51-166-120-19-127-146-34-132-93-72-59-198"
70,208408,100,159211,367619,"192-43-129-86-27-170-188-80-65-130-61-174-89-41-13-132-177-96-160-110-148-5-57-70-161-1-37-196-195-194-47-103-10-18-83-52-63-107-199-101-109-34-14-179-85-144-197-163-124-25-73-158-122-66-119-0-123-42-173-169-126-9-142-165-69-140-95-94-105-46-12-149-88-56-49-71-135-17-145-100-35-48-183-172-136-82-22-157-68-23-114-11-159-133-185-112-60-98-62-176"
71,220289,100,170617,390906,"60-24-147-85-63-193-130-27-109-197-94-74-56-43-2-110-189-194-32-48-72-112-61-4-166-98-55-38-142-198-105-33-91-152-36-41-30-45-145-115-65-181-6-54-73-190-159-177-89-164-71-96-170-59-149-185-172-31-34-156-57-44-80-50-114-138-77-53-79-134-1-184-104-14-132-158-0-11-20-46-35-188-22-196-103-107-5-87-137-160-26-19-17-70-12-37-182-15-75-165"
72,199303,100,151349,350652,"15-87-155-86-102-195-68-117-10-159-185-61-73-100-176-119-128-189-121-17-143-179-112-122-91-139-38-157-140-83-156-58-106-191-14-31-20-64-142-137-183-71-8-39-144-32-98-167-7-11-60-51-126-182-77-19-123-41-109-141-21-34-84-2-196-164-129-125-190-147-46-82-22-101-78-171-194-12-118-42-174-153-133-169-192-131-186-26-104-66-47-168-0-187-94-163-178-29-4-25"
73,213130,100,164090,377220,"127-125-27-79-82-139-138-180-130-131-9-42-59-78-40-75-10-100-186-192-56-67-37-154-195-91-193-96-123-71-121-32-65-199-117-30-170-169-36-166-120-115-44-190-197-135-104-155-110-188-173-6-87-184-177-109-102-156-189-52-25-21-62-118-141-103-35-95-64-198-187-153-144-54-150-58-126-176-17-5-2-14-148-98-124-60-51-24-111-172-28-0-48-73-152-83-26-157-122-143"
74,216659,100,169759,386418,"176-103-65-55-89-63-36-192-87-85-74-152-177-16-116-181-37-157-168-48-125-14-9-91-194-179-32-144-17-104-94-188-22-139-141-199-153-66-174-191-170-164-18-30-96-165-109-15-24-40-20-82-110-113-86-105-88-182-114-146-77-197-5-78-25-42-38-175-143-0-10-148-158-44-185-171-100-149-35-76-160-133-145-93-155-161-130-159-21-3-83-118-39-12-59-147-124-111-60-31"
75,217526,100,167270,384796,"178-89-23-191-34-46-98-29-123-57-137-170-28-186-76-188-163-91-32-196-56-114-146-1-65-112-198-20-120-152-64-24-103-42-31-175-100-113-97-93-131-90-106-60-41-63-135-150-184-36-174-81-140-126-52-85-141-119-156-17-47-192-122-151-66-26-8-121-124-127-9-165-132-35-194-144-77-5-27-96-171-116-25-172-13-94-101-108-37-83-74-39-125-79-16-157-136-147-72-11"
76,206914,100,161025,367939,"191-45-133-87-141-55-23-47-3-74-147-192-60-134-112-179-152-158-62-136-142-148-129-178-169-182-89-126-28-97-118-155-29-20-98-187-86-22-82-1-18-157-83-145-127-183-63-25-99-193-100-8-17-165-15-166-50-106-128-150-101-5-119-31-65-34-189-94-57-46-111-95-194-105-175-85-11-162-103-170-48-171-56-12-115-19-53-113-123-140-43-173-92-177-130-42-153-68-14-70"
77,226532,100,174353,400885,"41-101-75-56-50-138-122-186-137-42-20-2-88-184-169-180-198-149-17-47-44-152-7-73-32-11-181-123-153-90-136-34-145-161-28-159-176-111-170-54-37-58-182-189-107-165-64-25-199-188-151-185-76-15-110-155-116-48-92-4-14-179-67-114-158-23-183-166-79-128-74-81-171-19-22-27-177-0-131-129-12-89-190-30-117-24-196-83-53-150-35-52-3-133-80-29-97-98-194-127"
78,210839,100,161628,372467,"163-18-143-141-53-161-194-157-142-69-5-39-1-28-88-33-32-172-25-97-89-156-112-17-178-94-82-73-104-95-2-145-126-181-46-190-146-47-186-140-135-197-101-150-124-153-23-188-54-159-16-117-170-164-21-196-27-105-51-134-52-68-192-31-79-182-92-11-149-29-84-191-177-123-36-199-113-10-102-9-175-67-107-35-8-122-139-57-158-176-152-144-129-72-62-116-38-195-174-22"
79,219306,100,169623,388929,"51-172-194-152-11-143-166-173-195-32-153-114-54-175-170-187-198-19-41-53-85-158-147-159-80-188-89-99-193-146-133-4-65-73-160-162-189-92-43-151-125-59-191-10-82-67-2-69-83-26-87-66-149-126-185-12-129-192-62-141-124-72-105-106-155-107-47-108-52-135-64-150-13-142-165-90-118-15-109-190-117-3-181-119-8-134-97-81-46-123-58-178-7-184-179-33-16-148-75-169"
80,204753,100,158588,363341,"14-144-190-30-199-134-114-191-82-145-17-171-13-137-71-63-70-117-192-75-143-24-2-122-50-159-64-197-187-51-133-108-19-67-4-33-149-90-29-109-189-26-56-163-131-102-80-52-127-94-180-120-6-135-164-168-183-169-87-153-36-74-167-18-31-47-60-128-69-15-72-170-107-179-126-22-194-98-123-113-111-12-3-37-34-40-185-86-186-132-161-89-49-83-27-155-130-140-173-105"
81,201963,100,154166,356129,"112-101-152-84-75-77-67-175-29-160-56-164-163-25-134-39-118-104-167-8-18-132-124-69-168-165-48-59-27-82-40-140-189-119-102-154-5-158-41-148-192-30-24-187-35-0-61-138-60-149-88-184-90-9-64-49-182-89-116-71-144-4-26-10-23-57-22-135-162-125-45-105-177-28-131-139-21-100-183-173-42-194-122-95-172-11-7-6-188-128-73-1-193-117-78-74-161-185-157-129"
82,225377,100,174829,400206,"99-38-184-23-2-54-116-111-67-81-132-17-159-98-162-70-186-19-101-44-146-135-143-84-30-165-80-32-124-119-40-137-16-71-117-185-161-139-25-183-3-145-163-114-10-43-8-37-31-97-154-150-89-28-72-102-18-86-100-110-79-46-6-131-128-26-160-155-4-51-42-125-85-199-153-93-78-120-129-166-103-68-192-182-151-59-29-66-121-113-88-127-168-107-164-126-198-35-56-57"
83,210087,100,157302,367389,"88-72-102-92-148-124-49-23-106-172-45-91-60-17-15-51-143-130-53-59-78-95-182-178-144-131-52-174-111-154-47-165-146-119-97-159-42-136-55-29-190-21-149-123-118-7-84-157-125-34-137-115-164-186-176-26-71-33-142-161-24-120-81-134-69-166-173-108-80-5-192-66-175-139-180-46-19-189-145-54-184-191-197-40-170-199-89-169-112-68-98-37-90-56-193-113-147-6-58-116"
84,208157,100,158750,366907,"1-83-162-25-165-52-198-195-192-12-31-123-72-71-51-47-19-116-96-62-33-65-163-59-50-193-113-183-133-40-107-124-121-29-134-63-38-20-143-34-78-10-114-81-179-15-199-28-174-0-156-186-194-58-67-70-157-104-171-180-111-117-110-182-119-129-166-18-27-64-161-9-45-41-127-3-189-56-77-92-80-197-66-46-23-137-93-188-32-74-17-170-43-6-89-105-108-164-84-61"
85,217866,100,166155,384021,"114-177-193-166-129-90-32-9-155-96-59-56-161-148-139-100-81-164-8-69-46-13-10-23-113-122-31-24-184-142-192-143-68-115-182-15-127-53-183-29-162-74-85-37-195-3-36-165-94-77-158-92-54-128-50-196-71-131-111-26-47-7-130-126-136-144-63-48-45-175-101-160-30-189-152-178-104-97-123-147-86-125-171-27-146-83-65-78-159-19-34-4-110-40-70-98-39-38-72-82"
86,236268,100,188169,424437,"186-142-60-50-52-156-101-8-23-80-64-188-173-157-94-27-117-59-54-130-146-13-126-86-121-183-177-108-181-6-159-28-65-182-115-63-51-167-9-37-162-42-68-95-143-195-153-155-166-34-85-147-133-10-18-107-100-111-88-7-57-114-31-62-191-102-76-70-193-124-104-138-33-26-92-93-170-46-71-172-40-20-61-169-150-74-91-81-99-165-16-194-98-58-122-163-161-41-137-158"
87,229691,100,180741,410432,"20-84-153-126-121-185-180-21-168-95-173-199-177-184-3-182-107-102-22-88-167-28-54-109-48-198-181-193-14-0-130-170-128-138-154-191-118-72-163-92-82-64-24-157-67-55-166-156-33-1-23-112-2-13-65-51-127-63-120-43-7-71-150-66-108-96-192-36-139-18-75-151-149-111-4-76-80-90-164-12-175-115-98-165-133-178-135-197-62-31-32-35-131-183-117-100-171-10-187-40"
88,227008,100,179391,406399,"128-2-102-45-186-12-62-74-184-123-13-32-173-162-177-54-39-103-89-105-106-31-59-57-155-61-44-77-198-47-98-83-176-193-148-50-64-141-152-11-8-180-158-120-121-171-94-42-33-99-170-147-72-154-129-116-14-199-196-76-81-183-169-63-60-3-26-9-163-30-78-187-150-179-132-36-51-20-194-134-143-73-191-58-37-107-95-189-93-135-119-10-86-144-195-41-137-145-131-4"
89,208977,100,159904,368881,"150-32-110-144-194-22-140-4-199-187-166-119-103-67-168-12-142-182-45-138-42-0-83-18-176-162-175-3-35-92-79-107-30-80-154-100-156-149-8-6-146-50-34-89-123-136-130-196-180-63-133-47-90-54-198-51-70-55-109-36-65-7-155-151-38-85-95-121-170-16-125-114-2-9-15-174-131-84-143-58-108-186-72-75-68-10-25-134-112-5-165-106-127-164-41-160-56-148-74-17"
90,214390,100,165534,379924,"97-36-82-40-158-20-9-133-11-85-26-187-92-34-5-191-54-28-99-50-121-27-32-190-107-183-150-37-126-189-128-184-172-160-77-145-17-120-73-124-12-70-3-89-79-66-161-155-68-141-96-110-58-71-48-76-192-182-109-91-137-139-1-93-180-148-23-151-193-179-159-108-103-30-81-38-199-63-14-100-104-119-43-25-84-178-72-185-45-195-95-138-112-62-188-153-6-123-173-114"
91,214165,100,165143,379308,"83-20-36-4-37-137-192-170-107-152-125-105-176-172-32-197-183-141-15-126-1-144-39-185-103-54-44-33-73-166-78-28-108-139-26-62-93-150-194-114-130-34-102-160-119-179-121-184-17-19-70-56-118-187-151-96-116-159-143-21-145-94-38-74-0-72-76-77-92-156-140-181-138-67-135-71-174-104-91-97-41-84-48-186-158-61-111-80-191-188-127-53-50-99-14-112-25-106-45-178"
92,206122,100,155795,361917,"146-175-84-51-112-40-79-41-100-31-106-68-141-44-188-127-186-179-144-23-46-70-166-88-192-53-92-181-86-13-33-27-83-101-95-103-96-125-107-126-110-119-137-58-130-47-182-124-21-39-118-139-111-196-4-136-62-74-20-57-132-97-198-2-12-49-73-67-176-60-32-109-108-5-163-177-117-191-161-199-99-133-14-173-157-56-128-42-29-134-65-71-19-28-153-35-77-11-155-120"
93,215029,100,165205,380234,"135-51-134-22-7-136-77-17-184-100-45-137-72-163-194-30-73-25-70-42-56-103-191-174-43-151-55-85-108-157-119-75-60-65-186-132-112-11-80-166-0-142-78-58-86-148-3-147-195-101-37-63-5-109-66-129-162-67-149-83-153-168-189-99-169-46-88-35-105-95-113-74-19-13-76-34-173-79-138-181-31-89-159-126-146-24-61-1-123-96-52-33-16-115-12-47-175-54-118-82"
94,211086,100,163953,375039,"13-86-93-121-103-139-133-166-147-83-32-53-118-67-55-190-51-157-160-158-43-175-192-177-4-80-196-134-18-49-170-9-198-129-197-39-164-174-128-113-21-0-106-142-193-87-172-94-71-189-70-144-143-64-191-178-78-154-2-184-188-165-25-110-120-122-90-180-102-141-179-130-6-156-167-61-98-41-81-76-36-10-145-62-182-16-117-138-27-73-125-66-115-35-3-186-31-187-79-63"
95,200470,100,153781,354251,"119-177-163-56-100-108-16-39-73-102-5-107-20-198-160-186-184-114-145-110-199-146-27-133-131-90-93-106-17-173-147-144-80-196-88-132-162-74-36-62-70-123-187-111-185-91-13-53-85-47-99-28-101-35-8-127-22-191-180-194-72-105-68-4-113-182-60-64-115-190-67-128-130-23-118-11-15-197-124-135-156-143-18-161-81-82-176-83-164-138-25-31-149-3-174-129-95-152-61-165"
96,204528,100,156110,360638,"165-172-136-103-0-118-134-171-71-151-2-191-38-73-25-45-133-138-90-113-128-1-50-33-193-140-197-24-20-88-175-192-164-147-10-160-79-156-49-17-122-6-166-190-99-9-22-195-168-130-135-68-114-198-83-174-51-3-173-189-159-132-112-161-74-109-107-37-89-188-52-53-162-82-7-60-155-18-14-137-55-19-139-127-115-110-111-129-150-77-116-85-42-65-31-47-62-181-4-169"
97,219685,100,166481,386166,"188-56-165-170-44-154-99-158-180-27-55-10-157-87-90-69-71-149-9-169-32-15-142-64-144-108-123-162-52-109-93-36-173-172-116-59-121-120-4-113-2-94-118-66-159-31-18-110-48-65-119-14-17-129-62-28-176-92-21-45-164-105-49-30-50-53-76-183-25-13-197-195-100-78-111-7-5-174-20-80-19-43-74-70-198-168-179-106-112-117-46-39-135-125-58-34-133-22-95-124"
98,205052,100,155480,360532,"66-56-34-20-127-185-188-83-196-49-136-70-169-26-102-35-155-159-128-134-124-184-176-148-10-173-46-33-77-60-57-9-181-141-183-25-109-24-18-79-92-116-11-0-131-53-50-189-3-74-190-110-30-198-123-45-8-171-106-164-192-75-130-98-158-145-156-69-175-68-180-41-182-114-197-167-163-87-174-13-89-153-67-132-115-179-178-51-39-17-147-96-42-95-193-154-55-63-120-52"
99,226930,100,179438,406368,"133-175-29-88-100-0-112-69-24-76-187-125-75-104-198-162-74-130-107-70-126-92-149-53-103-7-9-183-90-108-64-135-20-156-1-165-68-89-118-44-42-71-129-117-87-191-170-25-137-56-106-2-120-111-163-43-51-164-95-54-147-36-41-12-6-72-116-185-52-28-40-174-153-66-121-16-119-38-61-78-166-145-144-146-141-105-152-67-62-99-82-31-102-148-39-150-179-122-4-184"
100,210500,100,163947,374447,"145-164-49-21-83-91-135-39-10-124-137-44-99-104-86-1-198-193-185-20-54-163-56-141-33-106-40-155-81-194-55-36-5-32-14-93-172-149-98-78-47-197-151-131-62-140-111-110-112-90-128-186-119-8-43-138-82-144-183-51-123-114-195-45-101-120-0-17-199-70-113-61-181-79-30-42-80-156-127-177-130-60-18-71-97-134-52-171-89-179-102-129-64-4-192-158-76-59-173-2"
