SolutionID,TotalCost,NumNodes,TotalDistance,ObjectiveFunction,Cycle
1,219307,100,166942,386249,"186-188-9-103-184-74-173-171-158-104-199-96-183-95-24-198-121-147-115-51-179-41-73-170-49-97-80-3-177-175-62-61-44-29-101-27-36-100-63-13-85-123-127-155-59-53-167-181-172-153-78-87-84-56-93-39-94-142-174-119-133-196-82-79-152-194-145-46-164-162-66-67-148-77-168-16-37-130-65-182-75-52-120-154-151-68-141-161-138-166-10-137-1-76-107-19-111-88-69-26"
2,203234,100,151958,355192,"154-130-92-122-126-32-165-88-189-16-109-191-157-187-107-150-114-164-184-95-86-11-123-178-169-173-153-172-56-44-110-81-108-2-176-137-181-120-36-6-186-115-102-163-57-149-174-28-0-101-45-192-5-141-69-193-72-31-124-199-27-29-151-53-77-182-1-90-142-42-30-171-7-143-198-106-66-4-52-75-61-96-139-195-98-132-160-3-197-10-145-133-116-21-23-64-8-33-119-111"
3,226945,100,175438,402383,"0-124-191-12-184-10-169-32-189-97-82-160-194-155-85-75-164-174-118-196-102-145-93-140-7-168-107-69-112-11-156-159-167-105-98-84-86-63-119-16-62-4-138-78-181-81-35-179-53-193-121-161-106-158-57-5-61-72-43-178-51-24-33-99-31-64-101-73-188-177-125-137-96-103-92-176-2-116-79-115-17-15-77-197-108-49-100-6-123-47-65-143-162-9-29-70-150-192-80-114"
4,212070,100,162829,374899,"82-51-189-148-135-107-92-195-194-61-171-165-166-43-132-37-73-84-0-62-139-142-38-112-14-95-152-81-96-191-48-128-131-149-20-28-105-88-42-106-116-182-154-69-173-198-119-33-179-24-31-5-150-167-10-103-157-158-101-65-151-168-177-137-2-120-78-53-108-155-188-178-3-59-70-15-35-72-144-185-39-109-25-17-91-57-55-8-183-79-110-80-22-126-190-56-89-7-147-76"
5,220080,100,169166,389246,"108-30-119-197-23-159-43-186-94-161-181-106-44-91-81-140-39-199-33-148-57-63-176-174-152-162-107-118-8-9-135-194-34-113-29-53-90-17-13-150-32-167-16-52-96-70-147-142-73-24-62-46-104-64-185-170-100-10-68-85-132-131-55-114-50-120-164-21-136-41-196-103-189-172-130-129-72-66-22-5-102-175-69-79-59-128-61-191-60-160-54-111-6-4-89-77-25-141-173-88"
6,206133,100,155205,361338,"108-184-172-53-173-0-159-14-68-91-183-15-30-22-121-190-44-136-135-82-69-161-96-120-94-132-174-24-113-110-150-19-126-182-57-55-100-72-66-29-99-51-97-142-199-154-2-63-198-125-145-186-124-160-6-37-180-33-49-39-148-123-130-114-176-43-87-101-143-85-102-89-171-45-50-181-77-26-178-157-8-86-163-192-107-71-177-179-4-131-20-5-90-109-64-166-147-169-196-36"
7,210401,100,158418,368819,"25-24-70-108-134-188-22-62-187-98-171-40-172-4-193-36-32-154-105-131-55-47-65-182-169-143-150-68-174-101-52-61-168-181-12-123-1-199-29-127-151-100-11-76-166-164-139-192-51-122-59-46-106-142-66-128-35-116-147-67-156-19-41-195-17-87-125-112-136-42-140-27-173-176-14-133-88-114-113-75-170-58-15-74-121-80-177-18-21-9-92-126-96-83-45-50-44-118-104-146"
8,204722,100,155224,359946,"169-62-81-139-126-131-18-50-21-0-142-46-135-45-94-4-73-2-129-33-98-72-99-114-192-47-5-144-103-14-110-183-89-51-71-54-158-117-163-87-127-37-149-174-148-180-92-82-175-150-59-69-78-48-19-123-75-124-167-151-101-10-80-109-164-141-177-112-29-168-193-197-104-191-147-7-49-20-130-172-195-66-105-30-27-53-11-146-108-165-8-102-176-23-64-70-184-138-100-88"
9,213279,100,165063,378342,"41-76-88-174-25-114-64-81-29-154-87-15-31-109-92-131-4-103-32-195-36-89-169-107-193-71-50-143-176-194-79-173-105-188-136-42-185-181-147-171-94-177-159-184-40-113-158-111-156-77-157-138-160-137-2-54-130-125-16-33-65-162-59-75-55-11-86-3-83-151-68-183-192-28-129-18-191-140-167-102-161-99-178-70-108-9-182-152-14-80-22-150-112-141-119-106-95-49-63-69"
10,208884,100,160105,368989,"171-108-187-59-8-26-144-126-125-131-69-14-73-197-145-54-117-44-78-48-49-183-150-46-155-147-38-41-6-109-138-104-110-184-21-74-51-94-45-153-189-195-40-22-168-130-70-175-91-122-66-60-129-101-23-47-158-194-115-162-139-172-83-113-19-107-28-178-53-123-159-174-95-135-142-1-199-193-2-156-121-68-119-13-24-182-93-4-98-64-77-3-86-52-141-188-63-160-111-50"
11,221269,100,173368,394637,"85-104-150-118-179-132-123-80-115-56-151-107-48-184-78-75-11-79-25-35-21-180-87-29-91-6-103-161-46-50-110-155-183-173-134-71-181-2-38-192-122-124-31-20-105-92-117-62-51-166-70-36-95-178-68-96-52-12-15-67-82-17-27-177-185-23-34-187-176-13-42-159-149-140-143-108-86-127-49-76-40-167-16-197-28-194-170-174-190-1-59-54-102-30-128-169-106-147-193-189"
12,227478,100,177488,404966,"124-57-17-183-24-38-105-93-15-66-173-186-10-198-46-126-140-71-53-19-128-141-52-187-113-30-11-92-101-179-14-41-182-13-112-194-199-50-2-111-121-161-163-90-154-104-78-190-58-60-51-137-36-117-176-172-54-100-178-191-149-29-153-85-95-150-91-97-164-174-79-9-192-43-35-65-70-89-138-151-21-152-22-75-108-146-94-1-184-49-83-145-131-195-32-82-96-81-16-166"
13,210140,100,161504,371644,"107-161-104-185-137-111-82-90-141-174-105-50-114-1-110-131-160-77-150-115-57-123-62-88-21-79-20-119-132-122-4-134-124-2-135-54-85-74-51-29-68-149-136-116-168-61-178-108-164-112-147-34-165-144-47-11-76-41-22-186-78-148-92-194-5-36-15-17-99-143-118-126-13-24-87-159-86-176-9-196-181-39-127-169-158-170-35-28-56-7-16-66-117-73-162-199-8-163-146-151"
14,229575,100,180607,410182,"166-173-142-22-34-152-121-129-82-42-102-149-83-127-27-90-64-120-57-62-76-43-70-59-137-187-184-30-139-140-60-20-51-32-168-122-47-55-197-49-29-37-193-58-158-28-119-53-160-50-115-143-92-86-99-135-93-194-189-185-111-16-146-39-186-190-198-15-24-98-148-65-199-33-107-151-101-161-48-10-31-180-45-172-145-44-89-108-75-123-195-141-132-128-147-67-41-191-109-38"
15,213740,100,164355,378095,"89-108-177-10-65-197-127-51-184-19-199-39-55-188-181-119-187-4-62-28-147-114-72-134-105-13-133-29-159-74-78-61-126-26-191-98-92-94-182-97-59-79-5-160-16-153-52-163-172-190-90-102-198-21-194-125-69-178-142-156-189-41-45-91-195-23-7-71-173-35-162-44-54-137-80-157-158-121-136-166-155-27-129-11-122-141-40-139-135-100-171-73-24-53-66-111-33-46-146-83"
16,206324,100,158249,364573,"169-192-85-79-60-13-194-178-189-41-95-94-113-54-124-132-134-45-142-30-161-29-131-167-152-73-24-158-20-4-87-154-36-140-68-164-163-22-119-144-184-166-37-43-110-31-186-12-162-108-159-63-173-81-17-50-32-198-42-118-153-76-86-88-151-191-14-74-16-180-61-59-141-58-0-49-89-84-193-28-146-128-1-183-19-80-177-168-109-145-117-115-75-55-114-137-27-62-143-135"
17,226287,100,175788,402075,"196-154-131-174-5-14-81-28-163-199-115-53-182-61-198-67-23-7-170-79-113-124-180-161-123-10-194-189-134-56-9-191-58-187-69-118-193-148-120-80-110-142-116-20-49-108-168-114-152-31-47-106-144-169-57-66-63-178-119-42-19-159-51-195-186-181-60-77-44-2-139-72-94-91-12-171-36-40-73-156-6-1-90-22-192-13-17-179-11-74-177-29-27-84-121-126-65-122-165-83"
18,206797,100,158846,365643,"103-20-96-38-165-139-7-152-74-192-15-36-69-149-48-0-75-24-178-132-76-179-3-160-131-144-28-14-95-185-141-113-129-138-87-172-146-90-187-109-51-79-180-120-119-130-17-56-99-71-137-195-198-94-66-50-182-164-80-161-121-61-171-151-34-135-43-83-110-136-41-46-29-177-197-156-168-199-77-8-73-12-68-106-108-37-89-183-157-170-45-58-127-65-133-148-147-44-117-33"
19,187273,100,140121,327394,"46-74-170-68-81-21-141-54-92-72-197-96-70-82-136-162-0-83-6-62-125-144-66-185-114-154-8-134-133-128-198-148-5-43-4-47-121-7-199-3-160-173-157-137-106-129-113-166-90-36-30-1-131-111-73-158-126-35-64-25-63-61-175-27-122-163-194-188-85-15-87-187-118-76-84-69-167-48-31-100-183-94-110-38-159-39-28-186-196-142-109-22-93-182-104-11-99-181-80-116"
20,212823,100,163571,376394,"41-139-167-35-70-101-187-34-54-165-44-22-40-57-140-150-63-144-8-151-4-2-77-189-113-198-190-72-12-131-179-174-168-169-9-5-162-126-178-3-52-104-164-60-194-184-108-197-83-118-59-143-133-132-28-18-119-29-114-109-49-76-78-30-157-102-73-98-43-103-158-180-146-149-27-111-14-31-115-42-130-110-134-45-192-82-183-48-121-25-50-153-105-53-88-94-148-154-90-19"
21,219597,100,168050,387647,"156-67-147-10-48-140-11-18-104-93-171-72-88-184-153-4-175-87-131-27-108-13-99-66-8-106-170-33-107-76-19-47-90-162-168-75-118-152-121-84-188-127-119-32-73-167-129-0-198-101-23-165-144-20-12-98-58-158-17-194-150-81-115-40-77-57-42-95-142-37-146-199-173-192-65-160-43-9-85-116-29-74-3-69-179-190-78-100-62-91-138-196-125-24-5-164-14-148-154-71"
22,209556,100,157382,366938,"66-70-11-110-5-143-147-183-13-24-121-182-168-172-151-77-164-17-128-89-59-75-33-133-174-104-10-90-49-72-19-12-50-56-136-131-197-113-153-38-73-114-120-85-149-2-124-102-189-167-15-41-31-141-181-108-196-82-39-169-97-64-161-37-165-87-137-188-62-126-134-106-129-156-111-61-1-43-101-16-132-191-157-79-21-93-28-83-92-57-158-195-40-27-25-52-170-186-193-171"
23,210548,100,161619,372167,"42-21-27-19-0-199-61-97-80-59-100-39-150-8-87-118-158-160-197-175-17-37-92-135-88-177-20-143-25-186-119-99-156-194-167-60-64-122-90-4-49-133-72-75-79-145-26-193-63-172-187-70-190-16-170-196-130-147-102-105-134-108-73-54-44-28-185-38-62-58-111-98-5-110-113-68-112-173-146-45-14-35-124-114-41-71-31-155-91-183-77-159-11-115-138-179-132-182-12-198"
24,210921,100,163283,374204,"49-78-137-86-185-53-35-42-52-30-32-135-65-69-100-74-186-31-149-11-157-73-28-121-127-23-25-147-93-14-13-90-19-18-76-33-155-166-87-199-145-38-104-44-169-144-36-123-99-152-94-43-1-136-24-66-138-0-37-83-150-158-56-75-113-70-173-119-128-64-60-61-190-98-174-141-122-68-187-72-45-12-133-27-103-6-7-101-81-148-161-163-55-132-176-15-26-2-125-194"
25,210038,100,161028,371066,"56-7-134-46-129-49-14-113-13-174-163-149-78-3-69-176-124-171-64-127-66-111-118-189-45-18-152-93-147-11-83-141-37-63-29-95-154-135-184-19-51-76-144-58-131-123-41-94-98-181-74-188-177-195-21-5-9-186-170-23-52-137-162-160-143-112-96-91-180-84-101-191-81-197-187-27-165-90-85-61-185-199-190-34-182-16-59-136-105-132-87-1-33-100-156-117-8-57-4-169"
26,202303,100,154351,356654,"163-41-25-125-176-139-140-189-18-52-61-51-40-77-23-39-112-157-111-12-186-42-178-159-74-132-165-171-196-72-29-106-3-187-167-5-1-172-136-108-173-20-91-104-63-149-35-185-43-148-8-22-58-36-188-14-75-133-156-11-194-90-17-160-197-151-123-177-6-113-137-97-33-81-87-38-30-155-85-88-180-184-128-34-80-154-69-152-21-158-66-110-199-19-86-98-191-76-26-9"
27,224697,100,179122,403819,"38-9-100-155-79-115-20-150-39-188-17-185-45-62-34-96-18-187-119-190-28-5-116-117-177-27-178-90-83-111-138-162-199-193-142-114-186-196-109-195-11-147-124-84-181-189-33-85-145-24-132-163-106-52-159-71-134-165-156-94-121-141-148-80-57-1-123-183-40-160-32-37-29-130-78-58-152-168-120-22-63-135-75-101-4-56-126-51-104-26-102-97-59-110-184-153-54-23-88-31"
28,222994,100,171765,394759,"58-129-196-179-88-144-137-90-96-116-50-67-159-155-10-193-149-169-53-22-13-66-185-52-197-89-126-75-46-15-24-72-45-93-114-40-76-156-194-141-110-26-0-33-172-152-25-125-112-199-27-167-132-65-108-183-123-38-102-86-147-106-7-69-5-131-119-105-81-84-158-91-122-47-21-176-138-29-41-136-175-30-121-153-143-130-154-120-32-95-60-4-73-85-97-1-145-59-14-87"
29,221370,100,167797,389167,"128-96-31-182-186-9-8-56-58-152-84-149-15-44-191-26-173-129-161-97-162-93-101-61-47-54-109-64-156-133-45-159-172-35-87-103-132-139-180-136-146-32-91-22-138-196-13-153-60-95-195-80-67-105-38-79-124-51-119-98-167-177-192-65-59-178-157-107-155-164-55-197-77-11-171-90-148-68-100-27-112-176-151-121-73-150-49-16-154-123-30-36-41-117-83-23-57-21-62-127"
30,223081,100,174640,397721,"106-12-25-29-158-118-141-88-162-30-62-94-165-167-131-17-157-140-61-116-124-147-177-28-108-148-85-48-87-79-170-77-186-54-178-127-132-31-23-39-1-125-187-149-133-142-45-35-26-13-190-99-171-57-145-33-159-90-32-101-46-135-44-51-18-172-21-36-139-43-199-27-64-55-146-6-95-198-72-89-83-109-130-152-192-188-68-2-181-155-117-9-197-102-73-75-134-128-176-96"
31,226574,100,175427,402001,"53-131-149-141-17-91-181-22-45-84-30-126-120-125-36-188-193-32-28-118-169-75-21-23-151-192-156-27-59-24-175-87-159-142-168-174-183-43-138-162-139-39-171-63-106-69-136-155-51-35-115-70-137-189-41-74-46-81-178-179-4-146-15-170-55-40-62-72-12-164-44-199-58-150-80-196-85-107-122-90-14-197-89-42-9-47-34-94-11-109-148-133-61-102-103-123-113-116-56-161"
32,207876,100,161830,369706,"23-50-110-159-43-180-197-67-141-65-34-163-61-146-131-63-80-116-58-22-108-26-137-115-117-199-91-182-19-86-69-7-39-53-157-147-3-121-11-104-158-64-181-81-118-152-8-143-169-85-31-168-153-94-70-106-21-172-129-126-99-191-113-111-134-167-149-13-156-1-2-175-124-20-72-59-49-14-17-29-6-102-15-60-145-135-51-57-98-89-109-144-140-133-78-177-28-55-194-16"
33,221809,100,169143,390952,"195-5-54-4-63-162-8-77-24-167-57-43-61-95-9-2-141-72-70-91-117-130-90-56-149-17-27-194-14-98-0-58-105-145-60-133-148-109-113-119-67-110-45-116-134-180-11-191-26-138-37-192-88-118-152-16-64-18-164-171-189-111-12-65-185-99-78-71-40-193-81-155-73-39-177-183-179-103-126-53-93-196-42-69-186-79-102-76-3-181-13-85-151-146-62-49-197-144-120-30"
34,220831,100,169168,389999,"116-41-75-182-136-198-149-42-87-178-86-106-66-20-156-193-104-43-103-35-181-48-197-194-14-196-157-32-166-120-10-173-124-137-93-146-138-19-27-96-72-102-65-53-171-107-52-108-112-6-62-114-38-50-190-0-92-29-90-69-44-175-119-63-148-24-115-122-64-56-31-30-152-91-22-16-111-123-155-73-88-110-134-25-117-94-118-18-154-5-49-139-2-169-40-100-89-26-58-143"
35,198163,100,149876,348039,"192-74-68-161-199-0-198-156-188-101-94-60-102-81-25-30-150-83-170-86-15-189-143-52-90-180-165-9-93-97-44-147-182-72-91-191-157-43-103-142-98-66-107-129-149-194-34-20-175-41-82-40-158-118-80-95-185-124-127-45-138-21-168-179-151-56-133-174-171-117-1-113-29-39-144-85-125-116-42-47-139-10-33-111-146-120-70-54-184-172-78-22-167-134-193-73-12-71-181-177"
36,200794,100,151814,352608,"176-63-24-33-42-52-7-173-30-165-31-29-170-126-47-57-85-106-68-9-51-104-156-54-1-143-195-199-127-12-137-184-23-149-168-71-81-10-41-179-107-11-32-46-26-99-194-185-159-95-35-87-97-103-108-40-101-4-175-136-25-172-146-132-70-91-93-123-178-181-69-96-182-117-90-74-58-2-13-166-94-65-150-120-130-86-186-109-28-152-73-8-164-77-64-43-189-188-114-125"
37,222417,100,171633,394050,"0-10-176-15-170-139-52-22-61-20-190-67-64-81-136-199-83-138-169-114-162-188-66-198-113-56-107-181-44-96-173-128-51-174-159-125-76-5-175-86-65-112-144-21-32-16-131-18-43-59-185-38-13-17-71-167-104-27-109-156-160-49-69-124-105-101-184-33-183-171-11-155-130-157-8-110-129-19-72-103-93-134-80-92-24-87-1-4-42-152-150-91-100-36-189-82-2-88-141-158"
38,220998,100,170618,391616,"122-2-55-105-169-178-88-139-83-118-156-110-51-57-6-92-81-82-53-26-154-133-126-182-164-151-152-95-25-39-162-13-27-90-114-127-108-75-191-115-135-113-159-137-125-23-195-199-141-174-73-158-194-0-98-93-19-103-175-183-85-161-20-173-42-37-111-8-24-80-10-143-197-134-29-106-179-43-101-35-33-157-168-32-185-172-117-181-128-58-171-9-148-48-78-52-76-138-100-65"
39,198779,100,149403,348182,"160-41-31-142-34-169-19-167-12-13-156-10-141-143-194-139-113-5-27-25-188-121-76-174-193-26-89-74-180-136-118-138-59-164-62-84-134-173-111-64-149-133-107-16-191-60-36-94-127-115-171-96-159-155-40-100-75-172-132-148-61-46-47-39-192-8-17-92-198-175-135-73-21-199-53-20-57-105-30-54-104-85-93-22-55-15-161-182-29-48-146-144-195-112-45-131-126-32-178-83"
40,211809,100,164876,376685,"195-13-2-110-92-171-116-89-37-64-108-181-87-19-122-73-18-137-102-100-61-28-15-140-168-111-53-48-138-77-90-1-148-114-194-101-56-177-70-0-31-62-169-106-154-117-132-34-170-54-128-143-126-160-68-55-118-12-146-159-198-83-52-35-66-142-81-156-10-93-150-135-179-42-188-9-85-174-60-152-39-88-97-45-75-104-27-166-189-139-3-109-153-124-84-17-103-22-147-46"
41,204287,100,155021,359308,"119-137-157-158-68-92-101-75-113-69-94-18-37-179-72-59-85-100-166-170-174-4-108-156-193-131-32-46-57-164-141-33-112-11-62-52-106-153-178-98-177-67-118-165-181-26-169-150-188-63-111-126-120-0-60-127-54-161-160-82-55-48-144-122-9-71-167-123-8-78-143-138-25-103-199-77-132-15-96-121-40-44-104-183-115-45-28-196-172-27-61-83-116-168-66-189-159-97-198-51"
42,219817,100,172220,392037,"69-119-31-26-186-17-198-116-105-96-7-191-88-29-121-59-176-139-3-163-8-51-86-122-73-41-161-115-138-93-6-13-167-180-22-185-120-189-50-19-84-132-23-42-100-79-1-181-4-169-109-2-144-78-108-60-34-90-106-187-28-33-194-179-141-113-164-9-107-62-38-57-36-151-14-196-149-55-197-80-45-188-143-46-16-166-142-147-162-21-44-83-136-135-54-174-148-128-104-175"
43,219936,100,168553,388489,"161-198-97-43-126-112-25-144-28-33-151-85-140-155-67-68-41-94-132-14-16-91-142-90-148-108-162-138-153-174-81-54-130-36-175-131-125-17-1-179-84-127-158-70-116-160-167-114-115-60-149-98-188-86-57-124-46-61-133-12-27-119-71-95-11-56-78-89-29-109-69-20-197-150-80-185-72-49-15-172-173-171-59-77-23-32-184-105-75-50-9-117-47-83-51-87-196-24-7-79"
44,215500,100,160605,376105,"137-158-56-65-91-83-98-195-26-42-74-35-108-64-193-78-110-59-24-32-82-4-115-198-34-0-25-40-46-14-162-173-103-69-8-122-129-16-157-93-101-18-192-145-87-127-55-188-76-27-151-38-30-118-62-77-120-105-147-134-72-44-148-186-19-80-178-43-79-52-165-61-149-174-191-49-179-161-152-60-132-136-6-177-39-102-81-22-170-116-156-181-45-12-88-124-73-13-68-166"
45,220905,100,172649,393554,"184-16-105-66-177-86-186-149-141-152-41-20-7-197-128-182-30-40-35-6-169-127-93-106-151-70-28-174-22-18-136-0-78-134-74-180-21-64-60-111-53-72-161-4-103-49-57-139-125-143-84-24-77-27-138-104-14-46-99-124-132-167-43-26-19-199-9-137-122-153-58-185-172-133-88-5-140-38-129-108-1-33-144-92-55-15-170-126-81-76-25-148-87-115-119-163-107-45-32-79"
46,210309,100,160338,370647,"51-19-65-25-70-96-95-196-144-84-127-28-78-86-53-39-15-40-139-140-132-165-90-187-151-58-93-109-34-3-50-43-154-122-41-32-168-188-35-181-37-179-101-157-171-197-131-115-102-61-119-88-148-29-199-158-166-85-156-30-2-6-9-143-110-36-72-79-133-176-123-167-52-141-121-91-107-0-22-1-149-8-159-12-155-130-138-69-18-46-81-162-177-120-11-104-31-129-118-185"
47,195413,100,149015,344428,"83-130-199-125-160-146-36-71-56-45-101-80-164-139-106-196-90-85-170-7-96-73-79-169-33-161-162-108-1-136-55-19-149-92-134-42-120-129-158-163-177-118-43-88-28-140-51-143-66-37-141-168-157-70-99-77-124-113-189-103-138-5-8-12-16-150-180-156-54-38-11-192-174-27-152-82-87-173-188-35-155-68-89-34-123-69-104-31-145-183-0-29-171-107-166-6-22-3-21-151"
48,206240,100,153827,360067,"104-167-56-85-122-28-35-84-156-90-55-67-37-180-76-174-159-110-165-71-153-97-192-30-179-127-91-141-138-182-148-109-164-1-117-196-120-175-187-73-26-52-115-108-95-4-140-158-54-17-2-183-68-114-62-116-121-39-27-32-49-96-8-48-142-199-22-152-101-74-64-173-31-25-197-50-106-57-161-36-65-98-166-149-77-150-124-15-93-191-23-155-20-43-172-186-198-123-47-195"
49,212116,100,163256,375372,"73-114-199-35-197-54-74-133-26-42-144-169-153-43-97-14-80-143-99-83-59-7-32-170-176-167-56-182-188-172-77-142-126-190-140-46-28-76-85-178-44-12-121-57-31-62-71-117-79-100-30-102-181-175-51-160-111-177-105-124-134-135-53-158-191-72-155-101-16-132-196-183-110-38-125-130-4-195-13-11-55-9-147-137-174-116-3-149-164-61-86-36-151-186-33-168-109-115-104-87"
50,230649,100,182342,412991,"132-148-131-4-7-99-152-32-174-68-30-66-118-141-92-165-71-6-28-11-181-49-37-187-126-80-123-94-160-145-175-139-197-146-180-168-2-136-98-76-105-53-3-129-40-60-86-20-58-143-102-115-191-128-79-81-184-198-189-169-158-133-106-0-162-21-104-177-25-167-59-138-195-127-114-193-8-16-185-120-130-135-67-179-75-155-96-172-147-57-19-29-190-151-121-23-142-17-14-51"
51,200722,100,154262,354984,"33-103-193-101-171-12-62-196-111-35-168-147-18-113-163-46-81-183-60-4-84-137-68-78-89-102-198-45-3-112-27-130-56-195-126-50-43-23-133-159-28-149-58-119-91-86-109-64-8-10-36-76-73-125-79-2-182-13-19-144-90-186-108-146-114-77-123-152-177-141-143-83-24-138-115-75-199-128-92-180-139-21-6-1-55-179-172-94-93-54-107-190-156-63-22-0-153-154-52-5"
52,225986,100,179660,405646,"180-179-77-191-183-96-15-98-86-33-188-99-134-162-126-58-108-35-189-151-51-140-193-171-90-148-42-79-8-168-111-167-7-103-190-114-157-182-87-194-197-125-150-116-17-2-31-152-147-56-22-141-16-163-158-128-78-173-60-122-109-115-110-172-30-66-138-68-155-139-118-153-187-88-54-94-10-156-0-137-124-105-92-70-75-40-4-83-165-74-63-23-39-106-149-21-55-48-161-113"
53,210732,100,160742,371474,"0-136-70-12-94-86-2-174-36-120-112-63-198-30-182-117-166-164-38-163-145-76-165-115-122-118-85-69-177-99-39-65-107-135-54-62-134-181-17-178-159-158-48-24-154-195-53-116-50-148-42-77-104-61-108-29-6-55-43-47-88-32-3-125-111-143-81-46-78-87-34-149-128-192-22-16-180-100-15-66-130-96-31-58-123-82-131-75-156-27-7-73-190-126-140-68-124-41-95-20"
54,216307,100,163897,380204,"26-113-92-192-2-25-198-141-170-119-38-78-27-59-93-107-156-98-50-145-177-137-10-32-101-164-120-199-43-174-193-36-41-118-128-123-197-166-105-124-34-187-190-173-54-165-155-15-79-16-72-144-185-67-175-163-191-84-116-138-14-125-111-3-172-57-147-90-69-181-95-176-151-171-114-40-37-31-85-4-169-196-52-23-104-161-91-71-132-136-33-9-20-182-39-150-157-134-186-140"
55,206790,100,159960,366750,"133-164-109-143-156-112-175-36-57-106-29-63-151-22-16-102-87-54-104-43-180-68-0-13-66-150-130-5-129-62-46-183-72-135-44-154-89-169-86-42-39-153-145-160-3-101-196-55-100-198-79-111-78-69-19-197-118-61-126-194-50-31-127-137-132-136-167-119-7-113-8-73-141-186-121-74-83-159-138-188-193-45-134-97-155-176-107-161-24-2-199-20-49-94-6-189-177-181-76-140"
56,198397,100,147597,345994,"137-119-171-98-157-101-153-116-40-73-29-134-16-30-61-122-69-182-189-188-197-196-46-103-8-161-91-136-88-77-105-175-31-192-19-177-27-6-166-97-170-64-79-80-185-149-67-21-51-17-102-26-63-74-117-190-5-13-71-162-178-92-50-0-142-168-93-38-20-35-56-25-125-160-163-151-55-130-172-42-14-150-49-132-83-184-124-167-110-131-37-141-164-59-180-194-112-165-155-94"
57,211972,100,164455,376427,"46-124-54-115-51-20-183-49-82-188-53-38-64-61-2-193-79-187-163-169-189-105-75-120-0-65-23-89-76-138-198-24-133-152-94-175-104-176-28-148-8-39-153-42-100-159-3-185-60-68-63-70-83-174-40-186-21-5-14-107-181-178-57-123-35-41-45-111-160-167-31-29-90-108-146-56-9-106-101-180-192-33-52-166-1-81-11-171-161-142-195-26-69-91-4-119-156-114-86-92"
58,207136,100,157018,364154,"57-89-181-187-199-61-68-192-148-193-37-113-185-86-126-129-82-119-197-155-167-175-35-92-27-101-161-17-112-166-106-160-90-141-20-10-159-138-36-114-109-43-131-135-87-145-150-191-142-144-146-139-111-53-50-91-63-93-51-23-177-41-7-121-25-19-147-4-44-46-189-156-137-11-21-165-70-157-45-60-69-64-172-31-78-79-48-26-152-164-95-59-74-39-71-16-158-42-162-5"
59,211612,100,162605,374217,"11-143-95-121-183-111-142-156-173-104-70-59-19-186-73-94-67-189-16-123-24-167-116-81-0-55-178-110-85-107-50-113-169-87-177-138-1-46-83-33-53-93-17-71-188-40-196-5-101-35-146-161-13-37-68-4-65-56-3-194-157-102-114-98-145-184-80-131-187-108-144-197-63-165-127-139-137-126-100-36-54-62-9-163-182-82-34-25-97-91-58-57-42-8-190-7-122-39-38-141"
60,212578,100,166905,379483,"165-133-104-163-81-47-53-23-164-94-59-20-192-117-182-123-176-158-101-173-46-39-30-96-161-5-140-60-27-33-66-18-74-11-62-154-114-19-152-172-197-28-122-54-13-92-31-48-85-113-73-150-131-111-61-143-142-83-0-184-116-157-1-42-138-43-70-17-195-135-78-181-167-80-166-32-77-126-199-141-132-36-8-194-119-175-40-35-51-14-90-124-125-118-65-188-183-64-168-171"
61,219680,100,167240,386920,"152-171-167-169-93-16-46-163-138-0-27-4-61-76-37-95-51-126-139-25-77-52-94-174-179-130-31-194-122-75-74-15-115-19-192-175-140-55-150-164-125-166-71-114-50-195-184-1-108-113-41-18-68-26-54-188-119-23-117-154-53-110-49-131-142-145-87-44-12-198-180-151-123-86-181-144-129-63-98-121-17-143-185-78-161-56-111-132-116-48-136-65-7-196-10-82-157-5-21-100"
62,196514,100,150745,347259,"145-40-183-115-168-185-43-26-138-82-71-29-92-132-159-178-72-152-176-83-135-120-10-151-8-88-130-55-144-73-12-109-154-75-86-184-121-54-95-90-166-25-98-5-85-42-58-18-31-57-47-23-157-112-105-153-76-118-141-111-66-187-27-67-65-15-70-198-171-62-128-91-103-177-34-74-117-181-22-87-122-3-39-102-174-142-146-180-7-169-6-100-170-106-21-156-64-104-147-44"
63,191031,100,141602,332633,"185-163-15-157-191-188-14-84-99-110-98-56-24-145-169-50-63-164-62-38-107-54-184-47-126-91-198-124-58-120-89-174-139-102-92-100-6-109-76-12-175-28-101-83-187-179-112-143-39-11-8-140-136-177-7-35-37-105-78-64-48-19-81-119-165-36-160-79-31-20-153-85-147-40-80-196-30-138-121-53-26-55-97-68-57-173-144-181-45-170-90-155-27-32-60-66-130-148-9-13"
64,213234,100,165054,378288,"165-46-137-194-24-90-87-67-148-120-50-61-106-82-182-145-135-98-169-40-41-89-121-11-188-27-153-22-62-139-123-112-168-174-195-117-83-115-130-186-125-140-51-173-4-31-85-26-25-147-146-30-71-144-37-33-134-133-0-170-32-102-86-59-49-64-88-54-18-60-63-101-118-17-160-136-162-156-16-105-158-191-35-196-152-164-142-149-184-44-180-2-47-114-127-45-66-190-95-103"
65,217762,100,164013,381775,"1-22-15-62-44-69-19-61-107-125-0-9-196-60-56-174-181-100-127-95-131-102-24-93-73-4-184-41-168-160-119-98-141-79-54-166-136-39-33-105-172-145-114-146-26-23-52-97-193-76-77-194-38-37-71-99-87-140-101-55-14-167-180-32-155-123-28-12-199-59-58-195-159-11-111-35-162-48-122-13-85-82-106-10-171-161-83-189-138-132-84-115-150-53-81-139-144-113-94-142"
66,221116,100,172789,393905,"154-32-106-85-110-176-81-39-191-101-82-93-26-8-65-199-196-87-58-15-83-77-139-187-185-115-46-28-14-166-34-107-141-75-98-17-3-0-59-144-30-70-42-36-20-172-122-135-180-47-33-5-48-25-168-45-99-6-140-44-177-62-103-179-182-9-54-120-145-132-79-143-158-113-84-40-51-169-49-131-151-57-73-184-2-31-167-50-37-12-163-160-19-22-175-109-64-23-164-162"
67,222540,100,172238,394778,"194-121-57-166-8-158-112-73-75-76-157-125-161-175-88-43-90-137-142-197-198-55-129-154-106-30-5-184-54-102-48-38-63-135-127-50-45-191-12-32-147-97-78-29-195-176-28-107-117-111-52-150-115-146-84-186-22-64-134-108-165-24-155-171-14-98-21-193-11-37-199-1-70-153-196-86-122-178-34-190-169-101-120-4-71-53-164-148-44-163-77-0-116-69-82-68-18-143-67-128"
68,211898,100,160655,372553,"17-79-132-167-58-43-194-181-26-84-25-128-66-20-45-159-63-197-44-1-12-74-29-143-134-180-184-89-95-98-7-169-6-119-78-199-27-55-85-65-32-96-196-150-160-177-30-111-113-175-129-57-11-60-133-117-64-36-120-9-115-69-106-140-141-108-83-166-174-112-178-144-46-124-101-41-105-3-118-52-31-2-54-47-23-99-51-198-104-77-109-168-14-161-171-28-185-152-38-187"
69,220449,100,174562,395011,"49-70-82-132-117-103-111-33-20-121-4-16-89-147-53-1-113-25-154-160-77-79-63-136-155-97-174-41-2-196-129-40-151-186-156-105-124-6-143-101-158-159-15-114-0-3-48-54-182-140-148-67-35-8-100-99-43-144-56-184-168-71-137-164-195-36-51-110-167-11-81-7-116-28-149-74-183-18-162-178-66-180-46-146-34-26-130-123-161-152-194-85-102-86-87-187-189-193-169-190"
70,216777,100,163573,380350,"148-132-87-125-96-1-194-64-63-48-3-18-80-130-30-113-191-2-34-75-157-162-97-92-197-120-102-153-10-196-54-124-155-142-170-159-50-0-41-42-71-129-82-158-127-39-154-35-93-85-78-70-13-68-8-104-26-126-187-99-150-52-58-19-31-45-17-81-128-14-72-62-180-195-109-100-38-134-43-53-169-189-24-199-25-139-103-74-146-112-167-27-37-76-123-144-114-106-190-28"
71,217036,100,168185,385221,"116-176-147-110-11-193-190-87-80-31-64-157-187-155-10-172-69-191-158-23-30-17-126-114-47-95-29-71-179-54-163-26-196-35-98-58-139-20-152-94-72-89-168-45-129-68-4-128-48-111-184-99-81-19-166-41-113-37-164-77-180-0-50-90-102-174-92-65-8-91-2-173-53-118-93-36-13-105-46-74-198-5-197-130-62-145-61-189-117-57-183-66-79-15-120-3-148-109-24-140"
72,207344,100,162302,369646,"113-196-151-2-16-97-135-126-12-67-174-160-8-159-45-104-178-105-111-30-195-152-107-13-188-191-82-36-33-46-28-61-112-43-42-194-147-31-6-50-118-124-169-85-148-190-37-144-171-165-86-142-77-185-117-32-116-154-138-122-166-168-4-157-49-55-44-161-155-146-143-64-193-54-90-47-176-199-21-87-119-183-24-141-170-70-73-29-130-84-132-175-40-128-17-179-1-177-48-41"
73,205104,100,156728,361832,"18-153-58-20-180-109-63-39-155-119-72-120-51-168-123-86-95-189-64-0-178-169-118-162-74-48-154-82-124-196-190-38-184-99-31-175-110-136-21-24-34-7-164-75-91-40-181-158-159-149-6-102-198-107-61-73-87-194-23-191-101-35-17-173-112-138-135-165-46-134-26-12-166-130-131-55-141-163-1-142-15-70-8-106-11-146-53-170-116-97-2-90-195-59-89-160-4-171-193-16"
74,200462,100,153918,354380,"89-46-47-8-102-141-66-199-129-153-159-186-195-62-122-43-154-60-78-125-93-101-155-192-133-77-37-150-143-70-14-174-168-39-55-144-152-44-128-167-52-59-105-166-73-91-56-74-90-187-135-140-53-158-189-106-149-69-0-33-120-183-139-79-175-176-123-121-114-81-160-31-98-5-171-147-20-146-61-119-124-82-104-108-68-30-86-6-131-16-190-172-99-142-34-11-116-4-3-38"
75,220521,100,173696,394217,"56-24-105-10-54-136-159-193-107-124-73-104-98-72-168-93-38-160-59-25-92-144-146-123-120-43-139-164-131-85-169-128-82-40-138-155-34-125-94-11-70-197-89-109-141-15-180-135-178-75-88-199-111-190-187-76-37-2-57-106-3-198-147-27-140-175-9-66-79-65-84-118-179-156-55-28-148-132-78-50-47-0-64-165-4-61-133-137-101-7-90-188-100-143-114-192-108-60-63-17"
76,223560,100,173930,397490,"193-108-6-133-8-57-45-153-81-89-16-146-27-172-11-71-22-190-169-40-166-137-102-136-174-195-34-36-55-140-80-35-25-164-93-33-125-95-12-94-141-159-156-189-183-14-100-161-105-197-103-138-7-4-150-67-123-126-127-30-78-112-155-101-115-20-70-50-92-175-143-2-10-178-152-85-188-180-186-90-76-149-9-52-171-5-157-118-69-49-72-24-99-124-38-184-62-73-44-91"
77,228135,100,181213,409348,"140-124-190-40-150-33-158-34-63-185-83-87-100-141-106-105-166-162-75-131-19-42-15-180-192-68-5-41-183-156-178-126-58-121-181-152-198-137-101-168-6-9-176-95-31-86-114-12-66-179-196-149-37-123-90-142-109-91-145-99-74-113-135-199-169-69-148-155-52-197-182-47-187-138-94-136-167-88-44-78-103-130-89-71-125-67-0-171-59-65-96-108-132-127-193-10-186-24-81-70"
78,205725,100,157351,363076,"23-127-86-24-142-181-146-175-33-121-179-103-156-84-69-143-154-67-197-129-29-102-70-194-130-171-153-157-114-132-8-52-60-138-145-187-57-166-196-34-31-48-136-76-113-183-37-167-149-192-159-82-94-85-178-147-19-9-47-89-2-118-148-199-124-55-68-0-195-39-6-133-116-98-126-88-141-25-79-111-182-73-65-7-108-173-100-62-40-128-63-163-17-75-165-168-109-189-10-134"
79,205358,100,160632,365990,"118-166-115-26-80-145-55-119-2-86-20-85-34-49-64-116-68-104-186-196-170-28-100-195-89-152-6-103-146-101-124-82-156-151-125-21-36-27-160-15-175-187-79-184-182-13-147-35-191-40-193-153-48-141-51-63-167-52-190-97-110-7-70-46-11-183-176-198-107-53-163-59-194-66-45-188-148-0-19-37-177-138-174-121-31-43-18-33-192-185-178-144-140-159-4-161-149-75-92-122"
80,212473,100,163592,376065,"26-176-45-125-6-98-25-83-185-161-69-19-39-3-152-134-74-101-34-131-82-104-111-42-122-103-16-20-14-13-72-143-95-166-118-88-158-15-121-112-187-53-27-115-129-191-59-144-85-51-136-105-12-97-156-50-172-190-61-168-186-157-24-197-7-132-35-79-9-179-93-91-154-193-128-65-192-87-60-29-1-155-99-21-182-183-38-141-159-78-36-40-4-163-92-86-108-76-194-62"
81,217597,100,169913,387510,"9-18-35-43-188-120-36-154-23-117-99-114-103-96-11-95-37-187-67-28-44-145-110-51-64-20-54-128-69-197-115-102-94-97-30-83-127-29-39-134-82-6-93-61-90-161-137-153-111-15-171-132-21-147-66-175-31-56-84-157-71-75-160-4-116-144-163-57-60-121-0-131-130-112-80-13-183-173-129-178-124-46-198-191-190-32-24-89-47-176-10-167-181-158-106-139-86-98-92-155"
82,216140,100,165040,381180,"79-113-101-39-174-109-157-95-154-42-182-75-74-93-146-193-189-43-120-148-111-129-127-134-149-153-56-59-12-132-197-20-115-64-10-82-41-159-162-62-171-60-151-125-90-143-131-4-117-196-105-11-183-144-155-161-22-123-194-71-145-118-31-124-147-167-27-141-163-17-160-8-85-96-5-130-63-46-87-61-137-7-81-21-51-80-67-84-70-170-97-57-25-34-52-98-169-54-186-58"
83,206781,100,157184,363965,"38-104-20-60-24-48-165-119-138-45-66-2-198-75-190-57-177-12-21-157-110-140-68-120-37-126-26-18-168-95-194-81-34-178-121-46-101-52-22-56-116-71-41-113-117-137-40-42-123-146-15-5-97-70-148-85-196-51-174-176-136-67-19-80-86-124-160-192-4-125-161-61-118-142-49-64-91-158-65-134-72-62-17-145-184-143-58-127-93-53-185-122-141-164-197-188-90-109-31-169"
84,194527,100,143694,338221,"145-35-0-79-197-101-16-151-97-45-56-154-37-55-18-58-150-67-1-118-53-74-186-17-176-62-123-9-161-6-64-193-31-85-99-116-10-133-54-26-106-160-115-152-184-120-90-32-34-114-117-158-11-110-124-43-168-167-146-12-3-179-162-70-182-166-144-138-143-129-14-7-174-169-71-105-190-172-134-69-135-178-170-132-66-28-137-103-189-125-94-89-76-36-51-72-142-78-199-73"
85,211513,100,164491,376004,"152-85-5-94-56-176-40-59-165-12-33-23-145-131-112-142-46-141-184-71-37-11-189-136-170-172-155-146-137-13-92-99-39-196-104-21-125-168-140-169-43-6-31-65-67-177-36-81-118-108-195-28-50-15-124-121-96-171-159-72-89-154-78-180-62-88-151-10-190-52-41-188-135-29-185-199-128-179-156-60-82-122-61-193-73-102-123-105-3-148-97-66-111-134-103-19-133-93-192-87"
86,219654,100,169041,388695,"71-166-113-128-96-42-59-164-83-122-50-153-130-15-0-66-107-134-63-100-179-98-194-34-27-64-9-101-38-31-123-195-46-18-196-53-187-172-155-121-141-11-6-7-111-39-77-116-185-57-108-41-190-174-95-33-68-14-91-129-117-139-186-158-56-193-145-191-47-29-26-76-99-184-175-103-150-167-44-60-110-104-40-30-72-37-23-199-157-106-82-162-115-198-156-180-142-171-169-137"
87,215941,100,165711,381652,"184-2-22-131-133-158-108-102-63-50-132-1-119-76-141-65-173-199-11-171-28-157-51-86-94-168-125-174-3-134-56-154-72-182-188-176-139-85-82-116-87-191-90-99-13-120-195-107-145-55-81-79-198-110-53-19-115-57-98-15-64-71-105-100-155-75-104-152-123-163-44-77-101-185-47-39-17-26-35-29-129-10-183-186-89-73-59-80-48-151-49-30-190-74-170-8-106-18-36-70"
88,219695,100,169038,388733,"179-67-15-28-54-48-114-171-132-145-0-16-167-128-46-60-53-82-79-27-62-56-183-194-121-72-11-123-20-55-33-196-146-148-159-125-73-193-75-22-26-105-181-142-70-59-3-177-71-8-89-155-40-42-138-65-190-187-9-127-97-41-136-58-93-1-23-176-49-47-17-163-30-133-118-111-158-120-101-83-189-44-81-152-106-135-34-134-174-39-156-64-14-69-57-199-37-43-173-198"
89,222012,100,173147,395159,"197-77-172-136-167-107-40-129-73-178-86-148-43-114-7-161-83-58-26-177-67-195-162-99-180-192-174-84-146-127-122-31-181-12-124-131-140-100-76-199-33-144-61-14-123-163-10-106-42-15-193-151-49-71-53-65-72-48-6-104-155-171-63-27-82-89-22-5-191-194-70-160-108-97-164-90-126-149-179-36-117-150-152-165-79-60-68-187-190-110-55-25-52-0-17-18-35-135-133-158"
90,232176,100,179283,411459,"14-31-191-173-169-59-147-66-133-167-18-30-92-180-58-104-39-195-166-85-162-124-150-105-20-76-95-136-102-149-131-21-119-192-27-84-75-54-196-142-52-121-8-160-140-64-108-157-67-132-168-146-197-135-164-99-116-163-28-120-189-50-65-194-112-60-123-12-3-158-6-57-35-24-111-42-55-26-100-139-199-70-101-138-29-33-110-1-170-38-89-156-178-126-144-115-61-15-184-125"
91,212631,100,165304,377935,"106-98-76-97-160-42-34-77-10-16-80-114-91-191-124-75-129-190-56-99-8-153-161-95-81-29-44-71-141-67-196-165-17-167-183-79-83-43-74-112-162-140-118-31-130-52-3-168-58-72-105-115-73-150-152-103-84-175-53-109-102-18-172-195-90-36-37-62-11-180-65-163-121-63-126-70-68-38-179-138-189-100-155-54-186-187-127-92-117-27-131-176-193-64-184-125-120-164-13-197"
92,218222,100,170526,388748,"31-105-70-119-181-136-5-163-9-38-98-124-10-73-156-69-92-80-30-115-135-118-14-91-57-16-103-76-28-100-144-174-59-20-1-138-3-113-148-130-26-173-27-71-198-51-112-142-167-7-109-41-193-153-159-149-67-102-8-188-62-140-195-164-110-121-29-93-58-132-36-89-53-128-131-127-178-199-160-184-66-15-82-125-106-176-96-55-42-18-17-88-63-35-101-34-46-4-13-166"
93,219837,100,166783,386620,"121-197-171-124-159-50-87-52-3-16-100-114-61-195-132-90-88-157-66-178-54-170-10-184-162-91-106-73-101-118-177-39-95-120-166-168-74-45-188-62-164-116-58-128-179-67-18-141-89-191-60-42-15-63-14-149-127-82-123-65-158-19-115-46-161-174-107-64-122-175-182-154-134-38-129-78-53-4-102-84-110-152-165-36-24-80-109-131-85-192-17-68-83-81-13-160-137-119-69-112"
94,202852,100,156943,359795,"35-141-114-21-47-60-98-129-103-37-105-30-97-102-125-77-72-43-151-116-3-2-16-86-135-138-115-159-9-81-139-88-14-18-91-184-20-87-101-179-63-117-22-62-185-45-31-189-100-137-126-51-53-118-38-0-195-157-32-54-188-61-156-10-148-194-173-191-112-8-193-155-68-198-107-46-113-160-164-56-143-57-172-162-90-41-36-70-178-67-73-106-76-134-145-28-167-1-132-121"
95,211583,100,162771,374354,"147-71-191-186-18-177-4-52-121-115-170-11-112-190-27-128-47-95-37-38-164-34-69-42-30-167-89-97-58-132-16-165-179-104-20-166-39-75-176-193-55-7-0-129-87-92-59-99-169-180-67-153-53-93-36-130-28-118-72-82-49-81-76-141-134-45-155-25-196-120-60-6-198-48-185-117-146-24-83-189-148-182-122-110-174-137-91-171-74-54-160-163-143-31-88-64-183-40-22-149"
96,202973,100,152482,355455,"176-138-92-165-21-2-109-39-173-193-56-180-93-170-189-125-116-152-150-53-68-132-45-171-137-41-62-197-33-108-9-172-128-4-75-141-104-0-86-144-175-103-77-34-118-181-89-100-179-80-131-188-134-3-184-84-67-194-192-196-129-156-98-17-27-157-57-122-16-85-145-185-22-79-126-88-26-139-124-102-117-15-162-140-55-81-107-74-31-101-82-133-73-36-58-146-90-78-37-7"
97,202736,100,152860,355596,"17-166-142-140-151-50-144-62-9-93-172-74-30-44-175-26-149-29-185-167-115-155-15-24-135-6-161-94-35-168-136-60-19-61-146-132-138-36-91-108-70-122-53-31-162-23-152-174-195-128-69-192-97-73-199-98-184-189-134-72-1-120-109-141-83-68-54-25-76-111-2-46-12-88-20-193-170-180-78-80-32-150-86-113-11-64-176-186-43-182-14-7-129-13-22-0-194-131-165-10"
98,207536,100,159653,367189,"102-152-98-168-13-37-3-95-20-126-1-131-88-78-90-108-74-169-14-58-53-34-59-156-77-29-76-163-143-18-134-111-24-146-103-35-32-141-112-172-15-170-84-188-136-75-115-66-0-129-153-135-47-72-93-21-154-130-4-165-41-64-61-180-174-105-71-199-16-104-27-65-25-70-140-138-173-52-184-8-144-182-142-164-116-49-68-63-51-91-166-11-161-89-101-36-38-194-117-44"
99,208662,100,162568,371230,"125-117-61-73-182-108-178-42-59-162-36-179-140-10-65-187-94-163-152-106-87-174-44-114-7-88-84-100-58-145-199-138-151-72-153-132-41-103-157-38-40-168-124-107-30-136-83-111-25-131-19-189-161-37-32-6-20-92-96-165-27-90-123-18-5-13-160-54-48-169-192-122-75-77-21-195-128-34-95-147-193-31-8-113-196-99-116-81-74-134-35-184-185-28-11-119-127-197-191-101"
100,220995,100,172096,393091,"142-33-173-186-79-67-145-170-106-102-123-134-18-58-49-6-14-43-122-184-86-91-55-156-45-196-164-136-141-22-82-20-189-21-80-185-197-5-2-167-144-131-119-75-98-63-113-174-96-71-52-160-24-147-138-191-50-168-78-94-46-85-26-115-155-39-28-166-34-13-110-77-179-178-152-54-62-192-153-38-126-190-10-23-146-195-53-162-128-118-182-40-194-127-30-101-0-100-104-103"
