SolutionID,TotalCost,NumNodes,TotalDistance,ObjectiveFunction,TotalRunningTime,Cycle
1,52247,100,19655,71902,23,"20-60-154-94-66-47-148-99-22-179-172-52-185-166-194-113-26-103-114-137-127-165-89-163-187-146-97-141-91-36-61-175-78-142-45-5-177-21-87-104-138-182-139-168-195-145-15-3-70-161-13-132-169-188-6-147-134-43-11-49-33-160-29-109-35-0-111-144-56-8-82-77-81-153-180-176-106-159-143-124-62-18-34-55-83-128-86-95-130-9-199-183-140-170-152-53-4-149-28-59"
2,57324,100,19155,76479,8,"17-107-40-63-102-32-135-122-90-191-125-131-38-27-16-1-156-198-117-193-80-190-162-175-78-142-36-61-91-141-97-187-127-89-103-163-153-81-77-21-87-82-8-56-144-111-0-35-109-29-160-33-49-11-43-134-6-188-169-132-13-161-70-3-15-145-195-168-139-182-138-104-25-177-5-45-136-31-54-164-73-151-19-112-121-116-118-74-98-51-120-71-147-115-178-10-133-44-72-100"
3,49402,100,21177,70579,11,"87-82-8-56-144-111-0-35-109-29-160-33-49-11-43-134-74-118-98-51-121-131-135-63-40-107-100-122-133-10-178-90-191-147-6-188-169-132-13-161-70-3-15-145-195-168-139-182-138-104-25-177-5-45-142-78-175-36-61-91-141-97-187-165-127-89-103-113-194-166-179-185-99-130-66-94-47-148-60-20-28-140-183-152-170-34-55-18-62-124-106-128-95-86-176-163-153-81-77-21"
4,57078,100,18909,75987,9,"107-17-72-44-133-10-178-115-147-71-120-51-98-74-118-116-121-112-19-151-73-164-54-31-136-45-5-177-25-104-138-182-139-168-195-145-15-3-70-161-13-132-169-188-6-134-43-11-49-33-160-29-109-35-0-111-144-56-8-82-87-21-77-81-153-163-103-89-127-187-97-141-91-61-36-142-78-175-162-80-190-193-117-198-156-1-16-27-38-131-125-191-90-122-135-32-102-63-100-40"
5,50243,100,20579,70822,10,"139-182-138-33-160-144-56-104-8-21-87-82-177-5-45-142-78-175-61-36-91-141-97-77-146-187-165-127-89-103-137-114-26-113-194-166-172-179-185-99-130-22-66-94-47-148-60-20-59-28-149-4-140-183-152-170-34-55-18-62-124-143-159-106-128-95-86-176-180-163-153-81-111-0-35-109-29-189-155-15-3-70-161-145-13-132-169-188-6-147-191-90-131-121-51-134-43-195-168-11"
6,50042,100,20218,70260,7,"43-11-49-29-109-35-0-111-81-153-163-180-176-86-95-128-106-159-143-124-62-18-55-34-170-152-183-140-4-149-28-59-20-60-148-47-94-66-22-130-99-185-179-172-166-194-113-26-114-137-103-89-127-165-187-146-77-97-141-91-36-61-175-78-142-45-5-177-82-87-21-8-104-56-144-160-33-138-182-139-134-51-121-131-122-90-191-147-6-188-169-132-13-161-70-3-15-145-195-168"
7,52250,100,19658,71908,9,"94-66-148-99-22-179-172-52-185-166-194-113-26-103-114-137-127-165-89-163-187-146-97-141-91-36-61-175-78-142-45-5-177-21-87-104-138-182-139-168-195-145-15-3-70-161-13-132-169-188-6-147-134-43-11-49-33-160-29-109-35-0-111-144-56-8-82-77-81-153-180-176-106-159-143-124-62-18-34-55-83-128-86-95-130-9-199-183-140-170-152-53-4-149-28-59-20-60-47-154"
8,49413,100,20201,69614,8,"188-6-147-191-90-122-135-131-121-51-134-43-139-11-182-138-33-160-144-56-104-8-21-87-82-177-5-45-142-78-175-61-36-91-141-97-77-146-187-165-127-89-103-137-114-26-113-194-166-172-179-185-99-130-22-66-94-47-148-60-20-59-28-149-4-140-183-152-170-34-55-18-62-124-143-159-106-128-95-86-176-180-163-153-81-111-0-35-109-29-168-195-145-15-3-70-161-13-132-169"
9,50760,100,20139,70899,9,"37-35-109-29-0-144-160-33-49-11-43-134-51-121-131-90-191-147-6-188-169-132-13-161-70-3-15-145-195-168-139-182-138-104-56-8-21-87-82-177-5-45-142-78-175-61-36-91-141-97-77-146-187-165-127-89-103-137-114-26-113-194-166-172-179-185-99-130-22-66-94-47-148-60-20-59-28-149-4-140-183-152-170-34-55-18-62-124-143-159-106-128-95-86-176-180-163-153-81-111"
10,49413,100,20201,69614,3,"168-29-109-35-0-111-81-153-163-180-176-86-95-128-106-159-143-124-62-18-55-34-170-152-183-140-4-149-28-59-20-60-148-47-94-66-22-130-99-185-179-172-166-194-113-26-114-137-103-89-127-165-187-146-77-97-141-91-36-61-175-78-142-45-5-177-82-87-21-8-104-56-144-160-33-138-182-11-139-43-134-51-121-131-135-122-90-191-147-6-188-169-132-13-161-70-3-15-145-195"
11,51892,100,19810,71702,3,"48-194-113-26-103-114-137-127-165-89-163-187-146-97-141-91-36-61-175-78-142-45-5-177-21-87-104-138-182-139-168-195-145-15-3-70-161-13-132-169-188-6-147-90-134-43-11-49-33-160-29-109-35-0-111-144-56-8-82-77-81-153-180-176-86-95-128-106-159-143-124-62-83-18-55-34-170-152-183-140-199-4-149-28-59-20-60-148-47-154-94-66-22-130-99-185-179-172-52-166"
12,52727,100,21016,73743,3,"133-122-100-107-40-63-102-135-38-27-16-1-156-198-117-193-80-190-162-175-78-142-36-61-91-141-97-187-165-127-89-103-113-194-166-179-185-99-130-183-95-86-176-163-153-81-77-21-87-82-8-56-144-111-0-35-109-29-160-33-49-11-43-134-6-188-169-132-13-161-70-3-15-145-195-168-139-182-138-104-25-177-5-45-136-31-164-73-54-151-131-121-51-125-191-90-71-147-178-10"
13,52694,100,20918,73612,2,"32-63-40-107-100-122-133-10-178-147-71-90-191-125-51-121-131-151-54-73-164-31-136-45-5-177-25-104-138-182-139-168-195-145-15-3-70-161-13-132-169-188-6-134-43-11-49-33-160-29-109-35-0-111-144-56-8-82-87-21-77-81-153-163-176-86-95-183-130-99-185-179-166-194-113-103-89-127-165-187-97-141-91-61-36-142-78-175-162-80-190-193-117-198-156-1-16-27-38-135"
14,53314,100,20367,73681,3,"197-156-198-117-193-80-190-162-175-78-142-36-61-91-141-97-187-165-127-89-103-113-194-166-179-185-95-86-176-163-153-81-77-21-87-82-8-56-144-111-0-35-109-29-160-33-49-11-43-134-6-188-169-132-13-161-70-3-15-145-195-168-139-182-138-104-25-177-5-45-136-31-164-73-54-151-19-112-121-131-125-51-191-90-71-147-178-10-133-122-100-107-40-63-102-135-38-27-16-1"
15,50536,100,20334,70870,3,"12-111-81-153-163-180-176-86-95-128-106-159-143-124-62-18-55-34-170-152-183-140-4-149-28-59-20-60-148-47-94-66-22-130-99-185-179-172-166-194-113-26-114-137-103-89-127-165-187-146-77-97-141-91-36-61-175-78-142-45-5-177-82-87-21-8-104-56-144-160-33-138-182-139-11-168-195-43-134-51-121-90-191-147-6-188-169-132-13-145-161-70-3-15-155-189-29-109-35-0"
16,50970,100,19366,70336,3,"176-86-95-128-106-159-143-124-62-83-18-55-34-170-152-183-140-199-4-149-28-59-20-60-148-47-154-94-66-22-130-99-185-179-172-52-166-194-113-26-103-114-137-127-165-89-163-187-146-97-141-91-36-61-175-78-142-45-5-177-21-87-104-138-182-139-168-195-145-15-3-70-161-13-132-169-188-6-147-90-51-134-43-11-49-33-160-29-109-35-0-111-144-56-8-82-77-81-153-180"
17,49394,100,21169,70563,2,"177-25-104-138-182-139-168-195-145-15-3-70-161-13-132-169-188-6-147-191-90-178-10-133-122-100-107-40-63-135-131-121-51-98-118-74-134-43-11-49-33-160-29-109-35-0-111-144-56-8-82-87-21-77-81-153-163-176-86-95-128-106-124-62-18-55-34-170-152-183-140-28-20-60-148-47-94-66-130-99-185-179-166-194-113-103-89-127-165-187-97-141-91-61-36-78-175-142-45-5"
18,53314,100,20367,73681,3,"197-156-198-117-193-80-190-162-175-78-142-36-61-91-141-97-187-165-127-89-103-113-194-166-179-185-95-86-176-163-153-81-77-21-87-82-8-56-144-111-0-35-109-29-160-33-49-11-43-134-6-188-169-132-13-161-70-3-15-145-195-168-139-182-138-104-25-177-5-45-136-31-164-73-54-151-19-112-121-131-125-51-191-90-71-147-178-10-133-122-100-107-40-63-102-135-38-27-16-1"
19,50243,100,20579,70822,3,"160-144-56-104-8-21-87-82-177-5-45-142-78-175-61-36-91-141-97-77-146-187-165-127-89-103-137-114-26-113-194-166-172-179-185-99-130-22-66-94-47-148-60-20-59-28-149-4-140-183-152-170-34-55-18-62-124-143-159-106-128-95-86-176-180-163-153-81-111-0-35-109-29-189-155-15-3-70-161-145-13-132-169-188-6-147-191-90-131-121-51-134-43-195-168-11-139-182-138-33"
20,49413,100,20201,69614,3,"169-132-13-161-70-3-15-145-195-168-29-109-35-0-111-81-153-163-180-176-86-95-128-106-159-143-124-62-18-55-34-170-152-183-140-4-149-28-59-20-60-148-47-94-66-22-130-99-185-179-172-166-194-113-26-114-137-103-89-127-165-187-146-77-97-141-91-36-61-175-78-142-45-5-177-82-87-21-8-104-56-144-160-33-138-182-11-139-43-134-51-121-131-135-122-90-191-147-6-188"
21,50690,100,20490,71180,3,"39-0-35-109-29-189-155-15-3-70-161-145-13-132-169-188-6-147-191-90-121-51-134-43-195-168-11-139-182-138-33-56-104-8-21-87-82-177-5-45-142-78-175-61-36-91-141-97-77-146-187-165-127-89-103-137-114-26-113-194-166-172-179-185-99-130-22-66-94-47-148-60-20-59-28-149-4-140-183-152-170-34-55-18-62-124-143-159-106-128-95-86-176-180-163-153-81-111-144-160"
22,52260,100,19636,71896,2,"3-155-184-152-170-140-183-130-99-22-185-9-199-4-149-28-59-20-60-148-47-94-66-179-172-52-166-194-113-26-103-114-137-127-165-89-163-180-176-86-95-83-55-18-62-128-124-106-159-143-35-0-111-81-153-187-146-77-97-141-91-79-36-61-175-78-142-45-5-177-82-87-21-8-104-56-144-160-33-138-182-139-11-49-29-109-34-189-15-145-195-168-126-13-132-169-6-188-161-70"
23,52964,100,20381,73345,3,"112-19-151-73-164-54-31-136-45-5-177-25-104-138-182-139-168-195-145-15-3-70-161-13-132-169-188-6-134-43-11-49-33-160-29-109-35-0-111-144-56-8-82-87-21-77-81-153-163-176-86-95-130-185-179-166-194-113-103-89-127-165-187-97-141-91-61-36-142-78-175-162-80-190-193-117-198-156-1-16-27-38-135-102-63-40-107-100-122-133-10-178-147-71-90-191-51-125-131-121"
24,50954,100,19350,70304,4,"146-97-141-91-36-61-175-78-142-45-5-177-21-87-104-138-182-139-168-195-145-15-3-70-161-13-132-169-188-6-147-90-51-134-43-11-49-33-160-29-109-35-0-111-144-56-8-82-77-81-153-163-180-176-86-95-128-106-159-143-124-62-83-18-55-34-170-152-183-140-199-4-149-28-59-20-60-148-47-154-94-66-22-130-99-185-179-172-52-166-194-113-26-114-137-103-89-127-165-187"
25,49394,100,21169,70563,3,"177-25-104-138-182-139-168-195-145-15-3-70-161-13-132-169-188-6-147-191-90-178-10-133-122-100-107-40-63-135-131-121-51-98-118-74-134-43-11-49-33-160-29-109-35-0-111-144-56-8-82-87-21-77-81-153-163-176-86-95-128-106-124-62-18-55-34-170-152-183-140-28-20-60-148-47-94-66-130-99-185-179-166-194-113-103-89-127-165-187-97-141-91-61-36-78-175-142-45-5"
26,50608,100,21253,71861,3,"54-117-198-193-80-190-162-175-78-142-36-61-91-141-97-187-165-127-89-103-113-194-166-179-185-99-130-140-183-55-18-62-124-106-95-86-176-163-153-81-77-21-87-82-8-56-144-111-0-35-109-29-160-33-49-11-43-134-74-118-98-51-121-131-135-63-40-107-100-122-133-10-178-90-191-147-6-188-169-132-13-161-70-3-15-145-195-168-139-182-138-104-25-177-5-45-136-31-164-73"
27,52964,100,20381,73345,3,"112-19-151-73-164-54-31-136-45-5-177-25-104-138-182-139-168-195-145-15-3-70-161-13-132-169-188-6-134-43-11-49-33-160-29-109-35-0-111-144-56-8-82-87-21-77-81-153-163-176-86-95-130-185-179-166-194-113-103-89-127-165-187-97-141-91-61-36-142-78-175-162-80-190-193-117-198-156-1-16-27-38-135-102-63-40-107-100-122-133-10-178-147-71-90-191-51-125-131-121"
28,49617,100,20111,69728,3,"2-139-11-182-138-33-160-144-56-104-8-21-87-82-177-5-45-142-78-175-61-36-91-141-97-77-146-187-165-127-89-103-137-114-26-113-194-166-172-179-185-99-130-22-66-94-47-148-60-20-59-28-149-4-140-183-152-170-34-55-18-62-124-143-159-106-128-95-86-176-180-163-153-81-111-0-35-109-29-168-195-145-15-3-70-161-13-132-169-188-6-147-191-90-122-135-131-121-51-134"
29,51559,100,18967,70526,3,"128-106-159-143-124-62-83-18-34-55-170-152-53-4-149-28-59-20-60-148-47-154-94-66-9-199-140-183-95-130-99-22-185-179-172-52-166-194-113-26-103-114-137-127-165-89-163-187-146-97-141-91-36-61-175-78-142-45-5-177-21-87-104-138-182-139-168-195-145-15-3-70-161-13-132-169-188-6-147-134-43-11-49-33-160-29-109-35-0-111-144-56-8-82-77-81-153-180-176-86"
30,51149,100,19545,70694,4,"99-130-66-94-154-47-148-60-20-59-28-149-4-199-140-183-152-170-34-55-18-83-62-124-143-159-106-128-95-86-176-180-153-81-77-82-8-56-144-111-0-35-109-29-160-33-49-11-43-134-51-90-147-6-188-169-132-13-161-70-3-15-145-195-168-139-182-138-104-87-21-177-5-45-142-78-175-61-36-91-141-97-146-187-163-89-165-127-137-114-103-26-113-194-166-185-52-172-179-22"
31,52295,100,21182,73477,2,"71-51-121-131-151-54-73-164-31-136-45-5-177-25-104-138-182-139-168-195-145-15-3-70-161-13-132-169-188-6-134-43-11-49-33-160-29-109-35-0-111-144-56-8-82-87-21-77-81-153-163-176-86-95-183-140-130-99-185-179-166-194-113-103-89-127-165-187-97-141-91-61-36-142-78-175-162-80-190-193-117-198-156-1-16-27-38-135-102-63-40-107-100-122-133-10-178-147-90-191"
32,51506,100,19077,70583,2,"83-170-152-140-183-95-130-99-22-9-199-4-149-28-59-20-60-148-47-154-94-66-57-172-52-179-185-86-166-194-113-26-103-114-137-127-165-89-163-187-146-97-141-91-36-61-175-78-142-45-5-177-21-87-104-138-182-139-168-195-145-15-3-70-161-13-132-169-188-6-147-134-43-11-49-33-160-29-109-35-0-111-144-56-8-82-77-81-153-180-176-106-159-143-124-128-62-18-34-55"
33,50926,100,19322,70248,2,"137-114-113-194-166-52-172-179-185-99-130-22-66-94-154-47-148-60-20-59-28-149-4-199-140-183-152-170-34-55-18-83-62-124-143-159-106-128-95-86-176-180-26-103-163-153-81-77-82-8-56-144-111-0-35-109-29-160-33-49-11-43-134-51-90-147-6-188-169-132-13-161-70-3-15-145-195-168-139-182-138-104-87-21-177-5-45-142-78-175-61-36-91-141-97-146-187-89-165-127"
34,57078,100,18909,75987,2,"107-17-72-44-133-10-178-115-147-71-120-51-98-74-118-116-121-112-19-151-73-164-54-31-136-45-5-177-25-104-138-182-139-168-195-145-15-3-70-161-13-132-169-188-6-134-43-11-49-33-160-29-109-35-0-111-144-56-8-82-87-21-77-81-153-163-103-89-127-187-97-141-91-61-36-142-78-175-162-80-190-193-117-198-156-1-16-27-38-131-125-191-90-122-135-32-102-63-100-40"
35,51849,100,19333,71182,2,"59-28-149-4-53-152-170-140-183-199-9-130-95-86-128-83-55-34-18-62-124-143-159-106-176-180-153-81-77-82-8-56-144-111-0-35-109-29-160-33-11-43-134-147-6-188-169-132-13-161-70-3-15-145-195-168-139-182-138-104-87-21-177-5-45-142-78-175-61-36-91-141-97-146-187-163-89-165-127-137-114-103-26-113-194-166-185-99-22-179-52-172-57-66-94-154-47-148-60-20"
36,49394,100,21169,70563,2,"5-177-25-104-138-182-139-168-195-145-15-3-70-161-13-132-169-188-6-147-191-90-178-10-133-122-100-107-40-63-135-131-121-51-98-118-74-134-43-11-49-33-160-29-109-35-0-111-144-56-8-82-87-21-77-81-153-163-176-86-95-128-106-124-62-18-55-34-170-152-183-140-28-20-60-148-47-94-66-130-99-185-179-166-194-113-103-89-127-165-187-97-141-91-61-36-78-175-142-45"
37,50043,100,20932,70975,2,"189-109-35-0-29-160-144-111-81-153-163-180-176-86-95-128-106-159-143-124-62-18-55-34-170-152-183-140-4-149-28-59-20-60-148-47-94-66-22-130-99-185-179-172-166-194-113-26-114-137-103-89-127-165-187-146-77-97-141-91-36-61-175-78-142-45-5-177-82-87-21-8-104-56-33-138-182-11-139-43-168-195-134-51-121-131-122-90-191-147-6-188-169-132-13-145-15-3-70-155"
38,50735,100,20152,70887,2,"50-82-87-21-91-61-36-175-78-142-45-5-177-8-144-56-104-138-182-139-168-195-145-15-3-70-161-13-132-169-188-6-147-191-90-131-121-51-134-43-11-49-33-160-29-0-109-35-111-81-153-163-180-176-86-95-128-106-159-143-124-62-18-55-34-170-152-183-140-4-149-28-59-20-60-148-47-94-66-22-130-99-185-179-172-166-194-113-26-114-137-103-89-127-165-187-146-97-141-77"
39,49402,100,21177,70579,1,"21-87-82-8-56-144-111-0-35-109-29-160-33-49-11-43-134-74-118-98-51-121-131-135-63-40-107-100-122-133-10-178-90-191-147-6-188-169-132-13-161-70-3-15-145-195-168-139-182-138-104-25-177-5-45-142-78-175-36-61-91-141-97-187-165-127-89-103-113-194-166-179-185-99-130-66-94-47-148-60-20-28-140-183-152-170-34-55-18-62-124-106-128-95-86-176-163-153-81-77"
40,57140,100,18971,76111,2,"40-100-63-102-32-135-122-90-191-125-131-38-27-16-1-156-198-117-193-80-190-162-175-78-142-36-61-91-141-97-187-127-89-103-163-153-81-77-21-87-82-8-56-144-111-0-35-109-29-160-33-49-11-43-134-6-188-169-132-13-161-70-3-15-145-195-168-139-182-138-104-25-177-5-45-136-31-54-164-73-151-19-112-121-116-118-74-98-51-120-71-147-115-178-10-133-44-72-17-107"
41,52247,100,19655,71902,2,"20-60-154-94-66-47-148-99-22-179-172-52-185-166-194-113-26-103-114-137-127-165-89-163-187-146-97-141-91-36-61-175-78-142-45-5-177-21-87-104-138-182-139-168-195-145-15-3-70-161-13-132-169-188-6-147-134-43-11-49-33-160-29-109-35-0-111-144-56-8-82-77-81-153-180-176-106-159-143-124-62-18-34-55-83-128-86-95-130-9-199-183-140-170-152-53-4-149-28-59"
42,50954,100,19350,70304,2,"187-165-127-89-103-137-114-26-113-194-166-52-172-179-185-99-130-22-66-94-154-47-148-60-20-59-28-149-4-199-140-183-152-170-34-55-18-83-62-124-143-159-106-128-95-86-176-180-163-153-81-77-82-8-56-144-111-0-35-109-29-160-33-49-11-43-134-51-90-147-6-188-169-132-13-161-70-3-15-145-195-168-139-182-138-104-87-21-177-5-45-142-78-175-61-36-91-141-97-146"
43,52792,100,20987,73779,2,"96-135-38-27-16-1-156-198-117-193-80-190-162-175-78-142-36-61-91-141-97-187-165-127-89-103-113-194-166-179-185-99-130-183-95-86-176-163-153-81-77-21-87-82-8-56-144-111-0-35-109-29-160-33-49-11-43-134-6-188-169-132-13-161-70-3-15-145-195-168-139-182-138-104-25-177-5-45-136-31-164-73-54-151-131-121-51-125-191-90-71-147-178-10-133-122-100-107-40-63"
44,51040,100,19122,70162,2,"57-172-179-52-166-194-113-26-103-114-137-127-165-89-163-187-146-97-141-91-36-61-175-78-142-45-5-177-21-87-104-138-182-139-168-195-145-15-3-70-161-13-132-169-188-6-147-90-134-43-11-49-33-160-29-109-35-0-111-144-56-8-82-77-81-153-180-176-86-185-22-99-130-95-128-106-159-143-124-62-83-18-55-34-170-152-183-140-199-4-149-28-59-20-60-148-47-154-94-66"
45,52727,100,21016,73743,2,"135-38-27-16-1-156-198-117-193-80-190-162-175-78-142-36-61-91-141-97-187-165-127-89-103-113-194-166-179-185-99-130-183-95-86-176-163-153-81-77-21-87-82-8-56-144-111-0-35-109-29-160-33-49-11-43-134-6-188-169-132-13-161-70-3-15-145-195-168-139-182-138-104-25-177-5-45-136-31-164-73-54-151-131-121-51-125-191-90-71-147-178-10-133-122-100-107-40-63-102"
46,51001,100,20836,71837,1,"69-109-35-0-111-81-153-163-180-176-86-95-128-106-159-143-124-62-18-55-34-170-152-183-140-4-149-28-59-20-60-148-47-94-66-22-130-99-185-179-172-166-194-113-26-114-137-103-89-127-165-187-146-77-97-141-91-36-61-175-78-142-45-5-177-82-87-21-8-104-56-144-160-33-138-182-139-11-168-195-43-134-51-121-90-191-147-6-188-169-132-13-145-161-70-3-15-155-189-29"
47,50926,100,19322,70248,3,"137-114-113-194-166-52-172-179-185-99-130-22-66-94-154-47-148-60-20-59-28-149-4-199-140-183-152-170-34-55-18-83-62-124-143-159-106-128-95-86-176-180-26-103-163-153-81-77-82-8-56-144-111-0-35-109-29-160-33-49-11-43-134-51-90-147-6-188-169-132-13-161-70-3-15-145-195-168-139-182-138-104-87-21-177-5-45-142-78-175-61-36-91-141-97-146-187-89-165-127"
48,52250,100,19658,71908,1,"148-66-94-154-47-60-20-59-28-149-4-53-152-170-140-183-199-9-130-95-86-128-83-55-34-18-62-124-143-159-106-176-180-153-81-77-82-8-56-144-111-0-35-109-29-160-33-49-11-43-134-147-6-188-169-132-13-161-70-3-15-145-195-168-139-182-138-104-87-21-177-5-45-142-78-175-61-36-91-141-97-146-187-163-89-165-127-137-114-103-26-113-194-166-185-52-172-179-22-99"
49,53314,100,20367,73681,2,"197-156-198-117-193-80-190-162-175-78-142-36-61-91-141-97-187-165-127-89-103-113-194-166-179-185-95-86-176-163-153-81-77-21-87-82-8-56-144-111-0-35-109-29-160-33-49-11-43-134-6-188-169-132-13-161-70-3-15-145-195-168-139-182-138-104-25-177-5-45-136-31-164-73-54-151-19-112-121-131-125-51-191-90-71-147-178-10-133-122-100-107-40-63-102-135-38-27-16-1"
50,52250,100,19658,71908,2,"148-66-94-154-47-60-20-59-28-149-4-53-152-170-140-183-199-9-130-95-86-128-83-55-34-18-62-124-143-159-106-176-180-153-81-77-82-8-56-144-111-0-35-109-29-160-33-49-11-43-134-147-6-188-169-132-13-161-70-3-15-145-195-168-139-182-138-104-87-21-177-5-45-142-78-175-61-36-91-141-97-146-187-163-89-165-127-137-114-103-26-113-194-166-185-52-172-179-22-99"
51,50970,100,19366,70336,2,"86-95-128-106-159-143-124-62-83-18-55-34-170-152-183-140-199-4-149-28-59-20-60-148-47-154-94-66-22-130-99-185-179-172-52-166-194-113-26-103-114-137-127-165-89-163-187-146-97-141-91-36-61-175-78-142-45-5-177-21-87-104-138-182-139-168-195-145-15-3-70-161-13-132-169-188-6-147-90-51-134-43-11-49-33-160-29-109-35-0-111-144-56-8-82-77-81-153-180-176"
52,51534,100,19292,70826,2,"186-163-180-176-86-95-128-106-159-143-124-62-83-18-55-34-170-152-183-140-199-4-149-28-59-20-60-148-47-154-94-66-22-130-99-185-179-172-52-166-194-113-26-114-137-103-89-127-165-187-146-97-141-91-36-61-175-78-142-45-5-177-21-87-104-138-182-139-168-195-145-15-3-70-161-13-132-169-188-6-147-90-134-43-11-49-33-160-29-109-35-0-111-144-56-8-82-77-81-153"
53,50141,100,20317,70458,2,"8-21-87-82-177-5-45-142-78-175-61-36-91-141-97-77-146-187-165-127-89-103-137-114-26-113-194-166-172-179-185-99-130-22-66-94-47-148-60-20-59-28-149-4-140-183-152-170-34-55-18-62-124-143-159-106-128-95-86-176-180-163-153-81-111-0-35-109-29-160-33-49-11-43-134-51-121-131-122-90-191-147-6-188-169-132-13-161-70-3-15-145-195-168-139-182-138-104-56-144"
54,57078,100,18909,75987,2,"107-17-72-44-133-10-178-115-147-71-120-51-98-74-118-116-121-112-19-151-73-164-54-31-136-45-5-177-25-104-138-182-139-168-195-145-15-3-70-161-13-132-169-188-6-134-43-11-49-33-160-29-109-35-0-111-144-56-8-82-87-21-77-81-153-163-103-89-127-187-97-141-91-61-36-142-78-175-162-80-190-193-117-198-156-1-16-27-38-131-125-191-90-122-135-32-102-63-100-40"
55,52260,100,19636,71896,2,"70-161-188-6-169-132-13-126-168-195-145-15-189-34-109-29-49-11-139-182-138-33-160-144-56-104-8-21-87-82-177-5-45-142-78-175-61-36-79-91-141-97-77-146-187-153-81-111-0-35-143-159-106-124-128-62-18-55-83-95-86-176-180-163-89-165-127-137-114-103-26-113-194-166-52-172-179-66-94-47-148-60-20-59-28-149-4-199-9-185-22-99-130-183-140-170-152-184-155-3"
56,50970,100,19366,70336,2,"163-187-146-97-141-91-36-61-175-78-142-45-5-177-21-87-104-138-182-139-168-195-145-15-3-70-161-13-132-169-188-6-147-90-51-134-43-11-49-33-160-29-109-35-0-111-144-56-8-82-77-81-153-180-176-86-95-128-106-159-143-124-62-83-18-55-34-170-152-183-140-199-4-149-28-59-20-60-148-47-154-94-66-22-130-99-185-179-172-52-166-194-113-26-103-114-137-127-165-89"
57,51892,100,19810,71702,2,"48-194-113-26-103-114-137-127-165-89-163-187-146-97-141-91-36-61-175-78-142-45-5-177-21-87-104-138-182-139-168-195-145-15-3-70-161-13-132-169-188-6-147-90-134-43-11-49-33-160-29-109-35-0-111-144-56-8-82-77-81-153-180-176-86-95-128-106-159-143-124-62-83-18-55-34-170-152-183-140-199-4-149-28-59-20-60-148-47-154-94-66-22-130-99-185-179-172-52-166"
58,51001,100,20836,71837,1,"69-109-35-0-111-81-153-163-180-176-86-95-128-106-159-143-124-62-18-55-34-170-152-183-140-4-149-28-59-20-60-148-47-94-66-22-130-99-185-179-172-166-194-113-26-114-137-103-89-127-165-187-146-77-97-141-91-36-61-175-78-142-45-5-177-82-87-21-8-104-56-144-160-33-138-182-139-11-168-195-43-134-51-121-90-191-147-6-188-169-132-13-145-161-70-3-15-155-189-29"
59,49394,100,21169,70563,2,"142-45-5-177-25-104-138-182-139-168-195-145-15-3-70-161-13-132-169-188-6-147-191-90-178-10-133-122-100-107-40-63-135-131-121-51-98-118-74-134-43-11-49-33-160-29-109-35-0-111-144-56-8-82-87-21-77-81-153-163-176-86-95-128-106-124-62-18-55-34-170-152-183-140-28-20-60-148-47-94-66-130-99-185-179-166-194-113-103-89-127-165-187-97-141-91-61-36-78-175"
60,50760,100,20139,70899,2,"37-35-109-29-0-144-160-33-49-11-43-134-51-121-131-90-191-147-6-188-169-132-13-161-70-3-15-145-195-168-139-182-138-104-56-8-21-87-82-177-5-45-142-78-175-61-36-91-141-97-77-146-187-165-127-89-103-137-114-26-113-194-166-172-179-185-99-130-22-66-94-47-148-60-20-59-28-149-4-140-183-152-170-34-55-18-62-124-143-159-106-128-95-86-176-180-163-153-81-111"
61,50042,100,20218,70260,2,"43-11-49-29-109-35-0-111-81-153-163-180-176-86-95-128-106-159-143-124-62-18-55-34-170-152-183-140-4-149-28-59-20-60-148-47-94-66-22-130-99-185-179-172-166-194-113-26-114-137-103-89-127-165-187-146-77-97-141-91-36-61-175-78-142-45-5-177-82-87-21-8-104-56-144-160-33-138-182-139-134-51-121-131-122-90-191-147-6-188-169-132-13-161-70-3-15-145-195-168"
62,50970,100,19366,70336,2,"194-113-26-103-114-137-127-165-89-163-187-146-97-141-91-36-61-175-78-142-45-5-177-21-87-104-138-182-139-168-195-145-15-3-70-161-13-132-169-188-6-147-90-51-134-43-11-49-33-160-29-109-35-0-111-144-56-8-82-77-81-153-180-176-86-95-128-106-159-143-124-62-83-18-55-34-170-152-183-140-199-4-149-28-59-20-60-148-47-154-94-66-22-130-99-185-179-172-52-166"
63,52079,100,20966,73045,2,"55-34-62-83-170-152-4-149-28-59-20-60-148-47-94-66-9-199-140-183-95-130-99-22-185-179-172-52-166-194-113-26-103-114-137-127-165-89-163-187-146-97-141-77-81-153-180-176-86-128-124-106-159-143-35-0-111-82-87-21-91-61-36-175-78-142-45-5-177-8-104-56-144-160-33-138-182-139-11-168-195-43-134-90-147-6-188-169-132-13-145-161-70-3-15-155-189-29-109-18"
64,52665,100,20954,73619,2,"51-121-131-151-54-73-164-31-136-45-5-177-25-104-138-182-139-168-195-145-15-3-70-161-13-132-169-188-6-134-43-11-49-33-160-29-109-35-0-111-144-56-8-82-87-21-77-81-153-163-176-86-95-183-130-99-185-179-166-194-113-103-89-127-165-187-97-141-91-61-36-142-78-175-162-80-190-193-117-198-156-1-16-27-38-135-102-63-40-107-100-122-133-10-178-147-71-90-191-125"
65,52784,100,21073,73857,1,"125-71-147-178-10-133-122-100-107-40-63-102-135-38-27-16-1-156-198-117-193-80-190-162-175-78-142-36-61-91-141-97-187-165-127-89-103-113-194-166-179-185-99-130-183-95-86-176-163-153-81-77-21-87-82-8-56-144-111-0-35-109-29-160-33-49-11-43-134-6-188-169-132-13-161-70-3-15-145-195-168-139-182-138-104-25-177-5-45-136-31-164-73-54-151-131-121-51-191-90"
66,52258,100,21145,73403,2,"147-71-51-121-131-151-54-73-164-31-136-45-5-177-25-104-138-182-139-168-195-145-15-3-70-161-13-132-169-188-6-134-43-11-49-33-160-29-109-35-0-111-144-56-8-82-87-21-77-81-153-163-176-86-95-183-140-130-99-185-179-166-194-113-103-89-127-165-187-97-141-91-61-36-142-78-175-162-80-190-193-117-198-156-1-16-27-38-135-102-63-40-107-100-122-133-10-178-90-191"
67,51188,100,20942,72130,2,"46-80-190-193-198-117-54-31-164-73-136-45-5-177-25-104-138-182-139-168-195-145-15-3-70-161-13-132-169-188-6-147-191-90-178-10-133-122-100-107-40-63-135-131-121-51-98-118-74-134-43-11-49-33-160-29-109-35-0-111-144-56-8-82-87-21-77-81-153-163-176-86-95-124-62-18-55-183-140-130-99-185-179-166-194-113-103-89-127-165-187-97-141-91-61-36-142-78-175-162"
68,49413,100,20201,69614,2,"13-161-70-3-15-145-195-168-29-109-35-0-111-81-153-163-180-176-86-95-128-106-159-143-124-62-18-55-34-170-152-183-140-4-149-28-59-20-60-148-47-94-66-22-130-99-185-179-172-166-194-113-26-114-137-103-89-127-165-187-146-77-97-141-91-36-61-175-78-142-45-5-177-82-87-21-8-104-56-144-160-33-138-182-11-139-43-134-51-121-131-135-122-90-191-147-6-188-169-132"
69,51849,100,19333,71182,2,"149-4-53-152-170-140-183-199-9-130-95-86-128-83-55-34-18-62-124-143-159-106-176-180-153-81-77-82-8-56-144-111-0-35-109-29-160-33-11-43-134-147-6-188-169-132-13-161-70-3-15-145-195-168-139-182-138-104-87-21-177-5-45-142-78-175-61-36-91-141-97-146-187-163-89-165-127-137-114-103-26-113-194-166-185-99-22-179-52-172-57-66-94-154-47-148-60-20-59-28"
70,49394,100,21169,70563,1,"175-142-45-5-177-25-104-138-182-139-168-195-145-15-3-70-161-13-132-169-188-6-147-191-90-178-10-133-122-100-107-40-63-135-131-121-51-98-118-74-134-43-11-49-33-160-29-109-35-0-111-144-56-8-82-87-21-77-81-153-163-176-86-95-128-106-124-62-18-55-34-170-152-183-140-28-20-60-148-47-94-66-130-99-185-179-166-194-113-103-89-127-165-187-97-141-91-61-36-78"
71,49413,100,20201,69614,2,"168-29-109-35-0-111-81-153-163-180-176-86-95-128-106-159-143-124-62-18-55-34-170-152-183-140-4-149-28-59-20-60-148-47-94-66-22-130-99-185-179-172-166-194-113-26-114-137-103-89-127-165-187-146-77-97-141-91-36-61-175-78-142-45-5-177-82-87-21-8-104-56-144-160-33-138-182-11-139-43-134-51-121-131-135-122-90-191-147-6-188-169-132-13-161-70-3-15-145-195"
72,52665,100,20954,73619,2,"10-178-147-71-90-191-125-51-121-131-151-54-73-164-31-136-45-5-177-25-104-138-182-139-168-195-145-15-3-70-161-13-132-169-188-6-134-43-11-49-33-160-29-109-35-0-111-144-56-8-82-87-21-77-81-153-163-176-86-95-183-130-99-185-179-166-194-113-103-89-127-165-187-97-141-91-61-36-142-78-175-162-80-190-193-117-198-156-1-16-27-38-135-102-63-40-107-100-122-133"
73,50954,100,19350,70304,2,"81-153-163-180-176-86-95-128-106-159-143-124-62-83-18-55-34-170-152-183-140-199-4-149-28-59-20-60-148-47-154-94-66-22-130-99-185-179-172-52-166-194-113-26-114-137-103-89-127-165-187-146-97-141-91-36-61-175-78-142-45-5-177-21-87-104-138-182-139-168-195-145-15-3-70-161-13-132-169-188-6-147-90-51-134-43-11-49-33-160-29-109-35-0-111-144-56-8-82-77"
74,51849,100,19333,71182,2,"28-149-4-53-152-170-140-183-199-9-130-95-86-128-83-55-34-18-62-124-143-159-106-176-180-153-81-77-82-8-56-144-111-0-35-109-29-160-33-11-43-134-147-6-188-169-132-13-161-70-3-15-145-195-168-139-182-138-104-87-21-177-5-45-142-78-175-61-36-91-141-97-146-187-163-89-165-127-137-114-103-26-113-194-166-185-99-22-179-52-172-57-66-94-154-47-148-60-20-59"
75,50970,100,19366,70336,2,"127-137-114-103-26-113-194-166-52-172-179-185-99-130-22-66-94-154-47-148-60-20-59-28-149-4-199-140-183-152-170-34-55-18-83-62-124-143-159-106-128-95-86-176-180-153-81-77-82-8-56-144-111-0-35-109-29-160-33-49-11-43-134-51-90-147-6-188-169-132-13-161-70-3-15-145-195-168-139-182-138-104-87-21-177-5-45-142-78-175-61-36-91-141-97-146-187-163-89-165"
76,51506,100,19077,70583,1,"83-170-152-140-183-95-130-99-22-9-199-4-149-28-59-20-60-148-47-154-94-66-57-172-52-179-185-86-166-194-113-26-103-114-137-127-165-89-163-187-146-97-141-91-36-61-175-78-142-45-5-177-21-87-104-138-182-139-168-195-145-15-3-70-161-13-132-169-188-6-147-134-43-11-49-33-160-29-109-35-0-111-144-56-8-82-77-81-153-180-176-106-159-143-124-128-62-18-34-55"
77,51109,100,19505,70614,2,"165-163-187-146-97-141-91-36-61-175-78-142-45-5-177-21-87-104-138-182-139-168-195-145-15-3-70-161-13-132-169-188-6-147-90-51-134-43-11-49-33-160-29-109-35-0-111-144-56-8-82-77-81-153-180-176-86-95-128-106-159-143-124-62-83-18-55-34-170-152-183-140-199-4-149-28-59-20-60-148-47-154-94-66-22-130-99-185-179-172-52-166-194-113-26-114-137-103-89-127"
78,52666,100,21793,74459,2,"108-80-190-162-175-78-142-36-61-91-141-97-187-165-127-89-103-113-194-166-179-185-99-130-140-183-18-95-86-176-163-153-81-77-21-87-82-8-56-144-111-0-35-109-29-160-33-49-11-43-134-74-118-98-51-121-131-135-63-40-107-100-122-133-10-178-90-191-147-6-188-169-132-13-161-70-3-15-145-195-168-139-182-138-104-25-177-5-45-136-73-164-193-31-54-117-198-1-156-42"
79,52727,100,21016,73743,2,"178-10-133-122-100-107-40-63-102-135-38-27-16-1-156-198-117-193-80-190-162-175-78-142-36-61-91-141-97-187-165-127-89-103-113-194-166-179-185-99-130-183-95-86-176-163-153-81-77-21-87-82-8-56-144-111-0-35-109-29-160-33-49-11-43-134-6-188-169-132-13-161-70-3-15-145-195-168-139-182-138-104-25-177-5-45-136-31-164-73-54-151-131-121-51-125-191-90-71-147"
80,52792,100,20987,73779,2,"96-135-38-27-16-1-156-198-117-193-80-190-162-175-78-142-36-61-91-141-97-187-165-127-89-103-113-194-166-179-185-99-130-183-95-86-176-163-153-81-77-21-87-82-8-56-144-111-0-35-109-29-160-33-49-11-43-134-6-188-169-132-13-161-70-3-15-145-195-168-139-182-138-104-25-177-5-45-136-31-164-73-54-151-131-121-51-125-191-90-71-147-178-10-133-122-100-107-40-63"
81,50243,100,20579,70822,2,"160-144-56-104-8-21-87-82-177-5-45-142-78-175-61-36-91-141-97-77-146-187-165-127-89-103-137-114-26-113-194-166-172-179-185-99-130-22-66-94-47-148-60-20-59-28-149-4-140-183-152-170-34-55-18-62-124-143-159-106-128-95-86-176-180-163-153-81-111-0-35-109-29-189-155-15-3-70-161-145-13-132-169-188-6-147-191-90-131-121-51-134-43-195-168-11-139-182-138-33"
82,52260,100,19636,71896,2,"70-161-188-6-169-132-13-126-168-195-145-15-189-34-109-29-49-11-139-182-138-33-160-144-56-104-8-21-87-82-177-5-45-142-78-175-61-36-79-91-141-97-77-146-187-153-81-111-0-35-143-159-106-124-128-62-18-55-83-95-86-176-180-163-89-165-127-137-114-103-26-113-194-166-52-172-179-66-94-47-148-60-20-59-28-149-4-199-9-185-22-99-130-183-140-170-152-184-155-3"
83,52665,100,20954,73619,2,"63-40-107-100-122-133-10-178-147-71-90-191-125-51-121-131-151-54-73-164-31-136-45-5-177-25-104-138-182-139-168-195-145-15-3-70-161-13-132-169-188-6-134-43-11-49-33-160-29-109-35-0-111-144-56-8-82-87-21-77-81-153-163-176-86-95-183-130-99-185-179-166-194-113-103-89-127-165-187-97-141-91-61-36-142-78-175-162-80-190-193-117-198-156-1-16-27-38-135-102"
84,52933,100,20350,73283,1,"1-16-27-38-135-102-63-40-107-100-122-133-10-178-147-71-90-191-51-125-131-121-112-19-151-54-73-164-31-136-45-5-177-25-104-138-182-139-168-195-145-15-3-70-161-13-132-169-188-6-134-43-11-49-33-160-29-109-35-0-111-144-56-8-82-87-21-77-81-153-163-176-86-95-130-185-179-166-194-113-103-89-127-165-187-97-141-91-61-36-142-78-175-162-80-190-193-117-198-156"
85,50735,100,20152,70887,2,"50-82-87-21-91-61-36-175-78-142-45-5-177-8-144-56-104-138-182-139-168-195-145-15-3-70-161-13-132-169-188-6-147-191-90-131-121-51-134-43-11-49-33-160-29-0-109-35-111-81-153-163-180-176-86-95-128-106-159-143-124-62-18-55-34-170-152-183-140-4-149-28-59-20-60-148-47-94-66-22-130-99-185-179-172-166-194-113-26-114-137-103-89-127-165-187-146-97-141-77"
86,51642,100,19396,71038,2,"150-188-169-132-13-161-70-3-15-145-195-168-29-109-35-0-111-81-153-163-180-176-86-95-128-106-159-143-124-62-83-18-55-34-170-152-183-140-199-4-149-28-59-20-60-148-47-154-94-66-22-130-99-185-179-172-52-166-194-113-26-114-137-103-89-127-165-187-146-77-97-141-91-79-36-61-175-78-142-190-45-5-177-82-87-21-8-104-56-144-160-33-138-182-11-139-43-134-6-147"
87,49394,100,21169,70563,2,"45-5-177-25-104-138-182-139-168-195-145-15-3-70-161-13-132-169-188-6-147-191-90-178-10-133-122-100-107-40-63-135-131-121-51-98-118-74-134-43-11-49-33-160-29-109-35-0-111-144-56-8-82-87-21-77-81-153-163-176-86-95-128-106-124-62-18-55-34-170-152-183-140-28-20-60-148-47-94-66-130-99-185-179-166-194-113-103-89-127-165-187-97-141-91-61-36-78-175-142"
88,50926,100,19322,70248,2,"137-114-113-194-166-52-172-179-185-99-130-22-66-94-154-47-148-60-20-59-28-149-4-199-140-183-152-170-34-55-18-83-62-124-143-159-106-128-95-86-176-180-26-103-163-153-81-77-82-8-56-144-111-0-35-109-29-160-33-49-11-43-134-51-90-147-6-188-169-132-13-161-70-3-15-145-195-168-139-182-138-104-87-21-177-5-45-142-78-175-61-36-91-141-97-146-187-89-165-127"
89,51849,100,19333,71182,2,"4-53-152-170-140-183-199-9-130-95-86-128-83-55-34-18-62-124-143-159-106-176-180-153-81-77-82-8-56-144-111-0-35-109-29-160-33-11-43-134-147-6-188-169-132-13-161-70-3-15-145-195-168-139-182-138-104-87-21-177-5-45-142-78-175-61-36-91-141-97-146-187-163-89-165-127-137-114-103-26-113-194-166-185-99-22-179-52-172-57-66-94-154-47-148-60-20-59-28-149"
90,50243,100,20579,70822,1,"139-182-138-33-160-144-56-104-8-21-87-82-177-5-45-142-78-175-61-36-91-141-97-77-146-187-165-127-89-103-137-114-26-113-194-166-172-179-185-99-130-22-66-94-47-148-60-20-59-28-149-4-140-183-152-170-34-55-18-62-124-143-159-106-128-95-86-176-180-163-153-81-111-0-35-109-29-189-155-15-3-70-161-145-13-132-169-188-6-147-191-90-131-121-51-134-43-195-168-11"
91,51849,100,19333,71182,2,"4-53-152-170-140-183-199-9-130-95-86-128-83-55-34-18-62-124-143-159-106-176-180-153-81-77-82-8-56-144-111-0-35-109-29-160-33-11-43-134-147-6-188-169-132-13-161-70-3-15-145-195-168-139-182-138-104-87-21-177-5-45-142-78-175-61-36-91-141-97-146-187-163-89-165-127-137-114-103-26-113-194-166-185-99-22-179-52-172-57-66-94-154-47-148-60-20-59-28-149"
92,50042,100,20218,70260,2,"43-11-49-29-109-35-0-111-81-153-163-180-176-86-95-128-106-159-143-124-62-18-55-34-170-152-183-140-4-149-28-59-20-60-148-47-94-66-22-130-99-185-179-172-166-194-113-26-114-137-103-89-127-165-187-146-77-97-141-91-36-61-175-78-142-45-5-177-82-87-21-8-104-56-144-160-33-138-182-139-134-51-121-131-122-90-191-147-6-188-169-132-13-161-70-3-15-145-195-168"
93,57140,100,18971,76111,2,"40-100-63-102-32-135-122-90-191-125-131-38-27-16-1-156-198-117-193-80-190-162-175-78-142-36-61-91-141-97-187-127-89-103-163-153-81-77-21-87-82-8-56-144-111-0-35-109-29-160-33-49-11-43-134-6-188-169-132-13-161-70-3-15-145-195-168-139-182-138-104-25-177-5-45-136-31-54-164-73-151-19-112-121-116-118-74-98-51-120-71-147-115-178-10-133-44-72-17-107"
94,50608,100,21253,71861,2,"73-54-117-198-193-80-190-162-175-78-142-36-61-91-141-97-187-165-127-89-103-113-194-166-179-185-99-130-140-183-55-18-62-124-106-95-86-176-163-153-81-77-21-87-82-8-56-144-111-0-35-109-29-160-33-49-11-43-134-74-118-98-51-121-131-135-63-40-107-100-122-133-10-178-90-191-147-6-188-169-132-13-161-70-3-15-145-195-168-139-182-138-104-25-177-5-45-136-31-164"
95,51534,100,19292,70826,2,"186-163-180-176-86-95-128-106-159-143-124-62-83-18-55-34-170-152-183-140-199-4-149-28-59-20-60-148-47-154-94-66-22-130-99-185-179-172-52-166-194-113-26-114-137-103-89-127-165-187-146-97-141-91-36-61-175-78-142-45-5-177-21-87-104-138-182-139-168-195-145-15-3-70-161-13-132-169-188-6-147-90-134-43-11-49-33-160-29-109-35-0-111-144-56-8-82-77-81-153"
96,52694,100,20918,73612,2,"32-63-40-107-100-122-133-10-178-147-71-90-191-125-51-121-131-151-54-73-164-31-136-45-5-177-25-104-138-182-139-168-195-145-15-3-70-161-13-132-169-188-6-134-43-11-49-33-160-29-109-35-0-111-144-56-8-82-87-21-77-81-153-163-176-86-95-183-130-99-185-179-166-194-113-103-89-127-165-187-97-141-91-61-36-142-78-175-162-80-190-193-117-198-156-1-16-27-38-135"
97,52727,100,21016,73743,2,"178-10-133-122-100-107-40-63-102-135-38-27-16-1-156-198-117-193-80-190-162-175-78-142-36-61-91-141-97-187-165-127-89-103-113-194-166-179-185-99-130-183-95-86-176-163-153-81-77-21-87-82-8-56-144-111-0-35-109-29-160-33-49-11-43-134-6-188-169-132-13-161-70-3-15-145-195-168-139-182-138-104-25-177-5-45-136-31-164-73-54-151-131-121-51-125-191-90-71-147"
98,52079,100,20966,73045,2,"124-128-86-176-180-153-81-77-141-97-146-187-163-89-165-127-137-114-103-26-113-194-166-52-172-179-185-22-99-130-95-183-140-199-9-66-94-47-148-60-20-59-28-149-4-152-170-83-62-34-55-18-109-29-189-155-15-3-70-161-145-13-132-169-188-6-147-90-134-43-195-168-11-139-182-138-33-160-144-56-104-8-177-5-45-142-78-175-36-61-91-21-87-82-111-0-35-143-159-106"
99,49836,100,21178,71014,2,"7-175-78-142-45-5-177-25-104-138-182-139-168-195-145-15-3-70-161-13-132-169-188-6-147-191-90-178-10-133-122-100-107-40-63-135-131-121-51-98-118-74-134-43-11-49-33-160-29-109-35-0-111-144-56-8-82-87-21-77-81-153-163-176-86-95-128-106-124-62-18-55-34-170-152-183-140-28-20-60-148-47-94-130-99-185-179-166-194-113-103-89-127-165-187-97-141-91-61-36"
100,50583,100,20128,70711,2,"41-35-109-0-29-160-33-49-11-43-134-51-121-131-90-191-147-6-188-169-132-13-161-70-3-15-145-195-168-139-182-138-104-56-144-8-21-87-82-177-5-45-142-78-175-61-36-91-141-97-77-146-187-165-127-89-103-137-114-26-113-194-166-172-179-185-99-130-22-66-94-47-148-60-20-59-28-149-4-140-183-152-170-34-55-18-62-124-143-159-106-128-95-86-176-180-163-153-81-111"
101,49402,100,21177,70579,2,"82-87-21-77-81-153-163-176-86-95-128-106-124-62-18-55-34-170-152-183-140-28-20-60-148-47-94-66-130-99-185-179-166-194-113-103-89-127-165-187-97-141-91-61-36-175-78-142-45-5-177-25-104-138-182-139-168-195-145-15-3-70-161-13-132-169-188-6-147-191-90-178-10-133-122-100-107-40-63-135-131-121-51-98-118-74-134-43-11-49-33-160-29-109-35-0-111-144-56-8"
102,50970,100,19366,70336,2,"185-99-130-22-66-94-154-47-148-60-20-59-28-149-4-199-140-183-152-170-34-55-18-83-62-124-143-159-106-128-95-86-176-180-153-81-77-82-8-56-144-111-0-35-109-29-160-33-49-11-43-134-51-90-147-6-188-169-132-13-161-70-3-15-145-195-168-139-182-138-104-87-21-177-5-45-142-78-175-61-36-91-141-97-146-187-163-89-165-127-137-114-103-26-113-194-166-52-172-179"
103,51895,100,19379,71274,2,"9-99-22-130-95-86-128-83-55-34-18-62-124-143-159-106-176-180-153-81-77-82-8-56-144-111-0-35-109-29-160-33-11-43-134-147-6-188-169-132-13-161-70-3-15-145-195-168-139-182-138-104-87-21-177-5-45-142-78-175-61-36-91-141-97-146-187-163-89-165-127-137-114-103-26-113-194-166-185-179-52-172-57-66-94-154-47-148-60-20-59-28-149-4-53-152-170-140-183-199"
104,50392,100,20568,70960,2,"91-61-36-141-97-77-146-187-165-127-89-103-137-114-26-113-194-166-172-179-185-99-130-22-66-94-47-148-60-20-59-28-149-4-140-183-152-170-34-55-18-62-124-143-159-106-128-95-86-176-180-163-153-81-82-8-56-144-111-0-35-109-29-160-33-49-11-43-134-51-121-131-122-90-191-147-6-188-169-132-13-161-70-3-15-145-195-168-139-182-138-104-87-21-177-5-45-142-78-175"
105,57140,100,18971,76111,1,"40-100-63-102-32-135-122-90-191-125-131-38-27-16-1-156-198-117-193-80-190-162-175-78-142-36-61-91-141-97-187-127-89-103-163-153-81-77-21-87-82-8-56-144-111-0-35-109-29-160-33-49-11-43-134-6-188-169-132-13-161-70-3-15-145-195-168-139-182-138-104-25-177-5-45-136-31-54-164-73-151-19-112-121-116-118-74-98-51-120-71-147-115-178-10-133-44-72-17-107"
106,51588,100,19371,70959,3,"64-86-95-128-106-159-143-124-62-83-18-55-34-170-152-183-140-199-4-149-28-59-20-60-148-47-154-94-66-22-130-99-185-179-172-52-166-194-113-26-103-114-137-127-165-89-163-187-146-97-141-91-36-61-175-78-142-45-5-177-21-87-104-138-182-139-168-195-145-15-3-70-161-13-132-169-188-6-147-90-134-43-11-49-33-160-29-109-35-0-111-144-56-8-82-77-81-153-180-176"
107,52079,100,20966,73045,1,"18-55-34-62-83-170-152-4-149-28-59-20-60-148-47-94-66-9-199-140-183-95-130-99-22-185-179-172-52-166-194-113-26-103-114-137-127-165-89-163-187-146-97-141-77-81-153-180-176-86-128-124-106-159-143-35-0-111-82-87-21-91-61-36-175-78-142-45-5-177-8-104-56-144-160-33-138-182-139-11-168-195-43-134-90-147-6-188-169-132-13-145-161-70-3-15-155-189-29-109"
108,50043,100,20932,70975,2,"189-109-35-0-29-160-144-111-81-153-163-180-176-86-95-128-106-159-143-124-62-18-55-34-170-152-183-140-4-149-28-59-20-60-148-47-94-66-22-130-99-185-179-172-166-194-113-26-114-137-103-89-127-165-187-146-77-97-141-91-36-61-175-78-142-45-5-177-82-87-21-8-104-56-33-138-182-11-139-43-168-195-134-51-121-131-122-90-191-147-6-188-169-132-13-145-15-3-70-155"
109,52079,100,20966,73045,2,"62-34-55-18-109-29-189-155-15-3-70-161-145-13-132-169-188-6-147-90-134-43-195-168-11-139-182-138-33-160-144-56-104-8-177-5-45-142-78-175-36-61-91-21-87-82-111-0-35-143-159-106-124-128-86-176-180-153-81-77-141-97-146-187-163-89-165-127-137-114-103-26-113-194-166-52-172-179-185-22-99-130-95-183-140-199-9-66-94-47-148-60-20-59-28-149-4-152-170-83"
110,52260,100,19636,71896,2,"161-188-6-169-132-13-126-168-195-145-15-189-34-109-29-49-11-139-182-138-33-160-144-56-104-8-21-87-82-177-5-45-142-78-175-61-36-79-91-141-97-77-146-187-153-81-111-0-35-143-159-106-124-128-62-18-55-83-95-86-176-180-163-89-165-127-137-114-103-26-113-194-166-52-172-179-66-94-47-148-60-20-59-28-149-4-199-9-185-22-99-130-183-140-170-152-184-155-3-70"
111,53294,100,20354,73648,2,"24-156-198-117-193-80-190-162-175-78-142-36-61-91-141-97-187-165-127-89-103-113-194-166-179-185-95-86-176-163-153-81-77-21-87-82-8-56-144-111-0-35-109-29-160-33-49-11-43-134-6-188-169-132-13-161-70-3-15-145-195-168-139-182-138-104-25-177-5-45-136-31-164-73-54-151-19-112-121-131-125-51-191-90-71-147-178-10-133-122-100-107-40-63-102-135-38-27-16-1"
112,51182,100,18753,69935,3,"183-95-130-99-22-9-199-4-149-28-59-20-60-148-47-154-94-66-57-172-52-179-185-86-166-194-113-26-103-114-137-127-165-89-163-187-146-97-141-91-36-61-175-78-142-45-5-177-21-87-104-138-182-139-168-195-145-15-3-70-161-13-132-169-188-6-147-134-43-11-49-33-160-29-109-35-0-111-144-56-8-82-77-81-153-180-176-106-159-143-124-128-62-83-18-55-34-170-152-140"
113,49459,100,20677,70136,1,"58-111-35-109-0-29-160-33-49-11-43-134-74-118-98-51-121-131-135-63-40-107-100-122-133-10-178-90-191-147-6-188-169-132-13-161-70-3-15-145-195-168-139-182-138-104-56-144-8-82-87-21-177-5-45-142-78-175-61-36-91-141-97-187-165-127-89-103-113-194-166-179-185-99-130-66-94-47-148-60-20-28-140-183-152-170-34-55-18-62-124-106-128-95-86-176-163-153-81-77"
114,52758,100,20909,73667,2,"120-51-121-131-151-54-73-164-31-136-45-5-177-25-104-138-182-139-168-195-145-15-3-70-161-13-132-169-188-6-134-43-11-49-33-160-29-109-35-0-111-144-56-8-82-87-21-77-81-153-163-176-86-95-183-130-99-185-179-166-194-113-103-89-127-165-187-97-141-91-61-36-142-78-175-162-80-190-193-117-198-156-1-16-27-38-135-102-63-40-107-100-122-133-10-178-147-71-90-191"
115,49413,100,20201,69614,1,"132-13-161-70-3-15-145-195-168-29-109-35-0-111-81-153-163-180-176-86-95-128-106-159-143-124-62-18-55-34-170-152-183-140-4-149-28-59-20-60-148-47-94-66-22-130-99-185-179-172-166-194-113-26-114-137-103-89-127-165-187-146-77-97-141-91-36-61-175-78-142-45-5-177-82-87-21-8-104-56-144-160-33-138-182-11-139-43-134-51-121-131-135-122-90-191-147-6-188-169"
116,52260,100,19636,71896,2,"15-145-195-168-126-13-132-169-6-188-161-70-3-155-184-152-170-140-183-130-99-22-185-9-199-4-149-28-59-20-60-148-47-94-66-179-172-52-166-194-113-26-103-114-137-127-165-89-163-180-176-86-95-83-55-18-62-128-124-106-159-143-35-0-111-81-153-187-146-77-97-141-91-79-36-61-175-78-142-45-5-177-82-87-21-8-104-56-144-160-33-138-182-139-11-49-29-109-34-189"
117,52247,100,19655,71902,2,"199-183-140-170-152-53-4-149-28-59-20-60-154-94-66-47-148-99-22-179-172-52-185-166-194-113-26-103-114-137-127-165-89-163-187-146-97-141-91-36-61-175-78-142-45-5-177-21-87-104-138-182-139-168-195-145-15-3-70-161-13-132-169-188-6-147-134-43-11-49-33-160-29-109-35-0-111-144-56-8-82-77-81-153-180-176-106-159-143-124-62-18-34-55-83-128-86-95-130-9"
118,51221,100,21406,72627,2,"184-152-170-140-183-130-99-22-185-9-199-4-149-28-59-20-60-148-47-94-66-179-172-166-194-113-26-103-114-137-127-165-89-163-180-176-86-95-55-18-62-128-124-106-159-143-34-189-109-35-0-29-160-144-111-81-153-187-146-77-97-141-91-36-61-175-78-142-45-5-177-82-87-21-8-104-56-33-138-182-11-139-43-168-195-134-51-121-90-147-6-188-169-132-13-145-15-3-70-155"
119,53066,100,20549,73615,2,"118-121-131-151-54-73-164-31-136-45-5-177-25-104-138-182-139-168-195-145-15-3-70-161-13-132-169-188-6-134-43-11-49-33-160-29-109-35-0-111-144-56-8-82-87-21-77-81-153-163-176-86-95-130-185-179-166-194-113-103-89-127-165-187-97-141-91-61-36-142-78-175-162-80-190-193-117-198-156-1-16-27-38-135-102-63-40-107-100-122-133-10-178-147-71-90-191-125-51-98"
120,51534,100,19292,70826,2,"186-163-180-176-86-95-128-106-159-143-124-62-83-18-55-34-170-152-183-140-199-4-149-28-59-20-60-148-47-154-94-66-22-130-99-185-179-172-52-166-194-113-26-114-137-103-89-127-165-187-146-97-141-91-36-61-175-78-142-45-5-177-21-87-104-138-182-139-168-195-145-15-3-70-161-13-132-169-188-6-147-90-134-43-11-49-33-160-29-109-35-0-111-144-56-8-82-77-81-153"
121,49394,100,21169,70563,2,"5-177-25-104-138-182-139-168-195-145-15-3-70-161-13-132-169-188-6-147-191-90-178-10-133-122-100-107-40-63-135-131-121-51-98-118-74-134-43-11-49-33-160-29-109-35-0-111-144-56-8-82-87-21-77-81-153-163-176-86-95-128-106-124-62-18-55-34-170-152-183-140-28-20-60-148-47-94-66-130-99-185-179-166-194-113-103-89-127-165-187-97-141-91-61-36-78-175-142-45"
122,50970,100,19366,70336,2,"166-194-113-26-103-114-137-127-165-89-163-187-146-97-141-91-36-61-175-78-142-45-5-177-21-87-104-138-182-139-168-195-145-15-3-70-161-13-132-169-188-6-147-90-51-134-43-11-49-33-160-29-109-35-0-111-144-56-8-82-77-81-153-180-176-86-95-128-106-159-143-124-62-83-18-55-34-170-152-183-140-199-4-149-28-59-20-60-148-47-154-94-66-22-130-99-185-179-172-52"
123,51221,100,21406,72627,2,"184-152-170-140-183-130-99-22-185-9-199-4-149-28-59-20-60-148-47-94-66-179-172-166-194-113-26-103-114-137-127-165-89-163-180-176-86-95-55-18-62-128-124-106-159-143-34-189-109-35-0-29-160-144-111-81-153-187-146-77-97-141-91-36-61-175-78-142-45-5-177-82-87-21-8-104-56-33-138-182-11-139-43-168-195-134-51-121-90-147-6-188-169-132-13-145-15-3-70-155"
124,51490,100,19360,70850,2,"88-86-95-128-106-159-143-124-62-83-18-55-34-170-152-183-140-199-4-149-28-59-20-60-148-47-154-94-66-22-130-99-185-179-172-52-166-194-113-26-103-114-137-127-165-89-163-187-146-97-141-91-36-61-175-78-142-45-5-177-21-87-104-138-182-139-168-195-145-15-3-70-161-13-132-169-188-6-147-90-134-43-11-49-33-160-29-109-35-0-111-144-56-8-82-77-81-153-180-176"
125,50970,100,19366,70336,1,"176-86-95-128-106-159-143-124-62-83-18-55-34-170-152-183-140-199-4-149-28-59-20-60-148-47-154-94-66-22-130-99-185-179-172-52-166-194-113-26-103-114-137-127-165-89-163-187-146-97-141-91-36-61-175-78-142-45-5-177-21-87-104-138-182-139-168-195-145-15-3-70-161-13-132-169-188-6-147-90-51-134-43-11-49-33-160-29-109-35-0-111-144-56-8-82-77-81-153-180"
126,52250,100,19658,71908,2,"47-60-20-59-28-149-4-53-152-170-140-183-199-9-130-95-86-128-83-55-34-18-62-124-143-159-106-176-180-153-81-77-82-8-56-144-111-0-35-109-29-160-33-49-11-43-134-147-6-188-169-132-13-161-70-3-15-145-195-168-139-182-138-104-87-21-177-5-45-142-78-175-61-36-91-141-97-146-187-163-89-165-127-137-114-103-26-113-194-166-185-52-172-179-22-99-148-66-94-154"
127,52964,100,20381,73345,2,"112-19-151-73-164-54-31-136-45-5-177-25-104-138-182-139-168-195-145-15-3-70-161-13-132-169-188-6-134-43-11-49-33-160-29-109-35-0-111-144-56-8-82-87-21-77-81-153-163-176-86-95-130-185-179-166-194-113-103-89-127-165-187-97-141-91-61-36-142-78-175-162-80-190-193-117-198-156-1-16-27-38-135-102-63-40-107-100-122-133-10-178-147-71-90-191-51-125-131-121"
128,52484,100,19736,72220,2,"65-188-6-169-126-168-195-145-15-189-34-109-29-49-11-139-182-138-33-160-144-56-104-8-21-87-82-177-5-45-142-78-175-61-36-91-141-97-77-146-187-153-81-111-0-35-143-159-106-124-128-62-18-55-83-95-86-176-180-163-89-165-127-137-114-103-26-113-194-166-52-172-179-66-94-47-148-60-20-59-28-149-4-199-9-185-22-99-130-183-140-170-152-184-155-3-70-161-13-132"
129,49394,100,21169,70563,2,"177-25-104-138-182-139-168-195-145-15-3-70-161-13-132-169-188-6-147-191-90-178-10-133-122-100-107-40-63-135-131-121-51-98-118-74-134-43-11-49-33-160-29-109-35-0-111-144-56-8-82-87-21-77-81-153-163-176-86-95-128-106-124-62-18-55-34-170-152-183-140-28-20-60-148-47-94-66-130-99-185-179-166-194-113-103-89-127-165-187-97-141-91-61-36-78-175-142-45-5"
130,50997,100,21068,72065,1,"159-106-124-128-86-176-180-163-89-165-127-137-114-103-26-113-194-166-172-179-185-22-99-130-95-183-140-199-9-66-94-47-148-60-20-59-28-149-4-152-170-62-18-55-34-109-29-189-155-15-3-70-161-145-13-132-169-188-6-147-90-121-51-134-43-195-168-11-139-182-138-33-160-144-56-104-8-21-87-82-177-5-45-142-78-175-61-36-91-141-97-77-146-187-153-81-111-0-35-143"
131,49459,100,20677,70136,2,"58-111-35-109-0-29-160-33-49-11-43-134-74-118-98-51-121-131-135-63-40-107-100-122-133-10-178-90-191-147-6-188-169-132-13-161-70-3-15-145-195-168-139-182-138-104-56-144-8-82-87-21-177-5-45-142-78-175-61-36-91-141-97-187-165-127-89-103-113-194-166-179-185-99-130-66-94-47-148-60-20-28-140-183-152-170-34-55-18-62-124-106-128-95-86-176-163-153-81-77"
132,51545,100,20776,72321,2,"119-159-143-35-0-111-81-153-187-146-77-97-141-91-36-61-175-78-142-45-5-177-82-87-21-8-104-56-144-160-33-138-182-139-11-168-195-43-134-51-90-147-6-188-169-132-13-145-161-70-3-15-155-189-29-109-34-55-18-62-170-152-4-149-28-59-20-60-148-47-94-66-9-199-140-183-95-130-99-22-185-179-172-166-194-113-26-103-114-137-127-165-89-163-180-176-86-128-124-106"
133,52985,100,20415,73400,2,"16-27-38-102-63-100-40-107-72-10-133-122-135-131-125-90-191-71-147-51-121-112-19-151-73-164-54-31-136-45-5-177-25-104-138-182-139-168-195-145-15-3-70-161-13-132-169-188-6-134-43-11-49-33-160-29-109-35-0-111-144-56-8-82-87-21-77-81-153-163-176-86-95-130-185-179-166-194-113-103-89-127-165-187-97-141-91-61-36-142-78-175-162-80-190-193-117-198-156-1"
134,51506,100,19077,70583,2,"83-170-152-140-183-95-130-99-22-9-199-4-149-28-59-20-60-148-47-154-94-66-57-172-52-179-185-86-166-194-113-26-103-114-137-127-165-89-163-187-146-97-141-91-36-61-175-78-142-45-5-177-21-87-104-138-182-139-168-195-145-15-3-70-161-13-132-169-188-6-147-134-43-11-49-33-160-29-109-35-0-111-144-56-8-82-77-81-153-180-176-106-159-143-124-128-62-18-34-55"
135,49413,100,20201,69614,2,"6-147-191-90-122-135-131-121-51-134-43-139-11-182-138-33-160-144-56-104-8-21-87-82-177-5-45-142-78-175-61-36-91-141-97-77-146-187-165-127-89-103-137-114-26-113-194-166-172-179-185-99-130-22-66-94-47-148-60-20-59-28-149-4-140-183-152-170-34-55-18-62-124-143-159-106-128-95-86-176-180-163-153-81-111-0-35-109-29-168-195-145-15-3-70-161-13-132-169-188"
136,49836,100,21178,71014,1,"7-175-78-142-45-5-177-25-104-138-182-139-168-195-145-15-3-70-161-13-132-169-188-6-147-191-90-178-10-133-122-100-107-40-63-135-131-121-51-98-118-74-134-43-11-49-33-160-29-109-35-0-111-144-56-8-82-87-21-77-81-153-163-176-86-95-128-106-124-62-18-55-34-170-152-183-140-28-20-60-148-47-94-130-99-185-179-166-194-113-103-89-127-165-187-97-141-91-61-36"
137,51849,100,19333,71182,2,"4-53-152-170-140-183-199-9-130-95-86-128-83-55-34-18-62-124-143-159-106-176-180-153-81-77-82-8-56-144-111-0-35-109-29-160-33-11-43-134-147-6-188-169-132-13-161-70-3-15-145-195-168-139-182-138-104-87-21-177-5-45-142-78-175-61-36-91-141-97-146-187-163-89-165-127-137-114-103-26-113-194-166-185-99-22-179-52-172-57-66-94-154-47-148-60-20-59-28-149"
138,52250,100,19658,71908,2,"148-66-94-154-47-60-20-59-28-149-4-53-152-170-140-183-199-9-130-95-86-128-83-55-34-18-62-124-143-159-106-176-180-153-81-77-82-8-56-144-111-0-35-109-29-160-33-49-11-43-134-147-6-188-169-132-13-161-70-3-15-145-195-168-139-182-138-104-87-21-177-5-45-142-78-175-61-36-91-141-97-146-187-163-89-165-127-137-114-103-26-113-194-166-185-52-172-179-22-99"
139,50954,100,19350,70304,2,"97-141-91-36-61-175-78-142-45-5-177-21-87-104-138-182-139-168-195-145-15-3-70-161-13-132-169-188-6-147-90-51-134-43-11-49-33-160-29-109-35-0-111-144-56-8-82-77-81-153-163-180-176-86-95-128-106-159-143-124-62-83-18-55-34-170-152-183-140-199-4-149-28-59-20-60-148-47-154-94-66-22-130-99-185-179-172-52-166-194-113-26-114-137-103-89-127-165-187-146"
140,51892,100,19810,71702,2,"48-194-113-26-103-114-137-127-165-89-163-187-146-97-141-91-36-61-175-78-142-45-5-177-21-87-104-138-182-139-168-195-145-15-3-70-161-13-132-169-188-6-147-90-134-43-11-49-33-160-29-109-35-0-111-144-56-8-82-77-81-153-180-176-86-95-128-106-159-143-124-62-83-18-55-34-170-152-183-140-199-4-149-28-59-20-60-148-47-154-94-66-22-130-99-185-179-172-52-166"
141,52665,100,20954,73619,2,"51-121-131-151-54-73-164-31-136-45-5-177-25-104-138-182-139-168-195-145-15-3-70-161-13-132-169-188-6-134-43-11-49-33-160-29-109-35-0-111-144-56-8-82-87-21-77-81-153-163-176-86-95-183-130-99-185-179-166-194-113-103-89-127-165-187-97-141-91-61-36-142-78-175-162-80-190-193-117-198-156-1-16-27-38-135-102-63-40-107-100-122-133-10-178-147-71-90-191-125"
142,50243,100,20579,70822,1,"35-109-29-189-155-15-3-70-161-145-13-132-169-188-6-147-191-90-131-121-51-134-43-195-168-11-139-182-138-33-160-144-56-104-8-21-87-82-177-5-45-142-78-175-61-36-91-141-97-77-146-187-165-127-89-103-137-114-26-113-194-166-172-179-185-99-130-22-66-94-47-148-60-20-59-28-149-4-140-183-152-170-34-55-18-62-124-143-159-106-128-95-86-176-180-163-153-81-111-0"
143,52665,100,20954,73619,2,"51-121-131-151-54-73-164-31-136-45-5-177-25-104-138-182-139-168-195-145-15-3-70-161-13-132-169-188-6-134-43-11-49-33-160-29-109-35-0-111-144-56-8-82-87-21-77-81-153-163-176-86-95-183-130-99-185-179-166-194-113-103-89-127-165-187-97-141-91-61-36-142-78-175-162-80-190-193-117-198-156-1-16-27-38-135-102-63-40-107-100-122-133-10-178-147-71-90-191-125"
144,50807,100,20176,70983,2,"68-111-35-109-0-29-160-33-49-11-43-134-51-121-131-90-191-147-6-188-169-132-13-161-70-3-15-145-195-168-139-182-138-104-56-144-8-21-87-82-177-5-45-142-78-175-61-36-91-141-97-77-146-187-165-127-89-103-137-114-26-113-194-166-172-179-185-99-130-22-66-94-47-148-60-20-59-28-149-4-140-183-152-170-34-55-18-62-124-143-159-106-128-95-86-176-180-163-153-81"
145,50970,100,19366,70336,2,"194-113-26-103-114-137-127-165-89-163-187-146-97-141-91-36-61-175-78-142-45-5-177-21-87-104-138-182-139-168-195-145-15-3-70-161-13-132-169-188-6-147-90-51-134-43-11-49-33-160-29-109-35-0-111-144-56-8-82-77-81-153-180-176-86-95-128-106-159-143-124-62-83-18-55-34-170-152-183-140-199-4-149-28-59-20-60-148-47-154-94-66-22-130-99-185-179-172-52-166"
146,52260,100,19636,71896,2,"3-155-184-152-170-140-183-130-99-22-185-9-199-4-149-28-59-20-60-148-47-94-66-179-172-52-166-194-113-26-103-114-137-127-165-89-163-180-176-86-95-83-55-18-62-128-124-106-159-143-35-0-111-81-153-187-146-77-97-141-91-79-36-61-175-78-142-45-5-177-82-87-21-8-104-56-144-160-33-138-182-139-11-49-29-109-34-189-15-145-195-168-126-13-132-169-6-188-161-70"
147,54470,100,20155,74625,2,"105-136-73-164-31-54-117-151-19-112-121-131-125-51-191-90-71-147-115-178-10-133-122-72-100-107-40-63-102-32-135-38-27-16-1-156-198-193-45-5-177-25-104-138-182-139-168-195-145-15-3-70-161-13-132-169-188-6-134-43-11-49-33-160-29-109-35-0-111-144-56-8-82-87-21-77-81-153-163-176-86-185-166-194-113-103-89-127-187-97-141-91-61-36-142-78-175-162-80-190"
148,52260,100,19636,71896,1,"145-195-168-126-13-132-169-6-188-161-70-3-155-184-152-170-140-183-130-99-22-185-9-199-4-149-28-59-20-60-148-47-94-66-179-172-52-166-194-113-26-103-114-137-127-165-89-163-180-176-86-95-83-55-18-62-128-124-106-159-143-35-0-111-81-153-187-146-77-97-141-91-79-36-61-175-78-142-45-5-177-82-87-21-8-104-56-144-160-33-138-182-139-11-49-29-109-34-189-15"
149,51588,100,19371,70959,2,"64-86-95-128-106-159-143-124-62-83-18-55-34-170-152-183-140-199-4-149-28-59-20-60-148-47-154-94-66-22-130-99-185-179-172-52-166-194-113-26-103-114-137-127-165-89-163-187-146-97-141-91-36-61-175-78-142-45-5-177-21-87-104-138-182-139-168-195-145-15-3-70-161-13-132-169-188-6-147-90-134-43-11-49-33-160-29-109-35-0-111-144-56-8-82-77-81-153-180-176"
150,50141,100,20317,70458,2,"8-21-87-82-177-5-45-142-78-175-61-36-91-141-97-77-146-187-165-127-89-103-137-114-26-113-194-166-172-179-185-99-130-22-66-94-47-148-60-20-59-28-149-4-140-183-152-170-34-55-18-62-124-143-159-106-128-95-86-176-180-163-153-81-111-0-35-109-29-160-33-49-11-43-134-51-121-131-122-90-191-147-6-188-169-132-13-161-70-3-15-145-195-168-139-182-138-104-56-144"
151,52997,100,20470,73467,2,"44-122-100-107-40-63-102-135-38-27-16-1-156-198-117-193-80-190-162-175-78-142-36-61-91-141-97-187-165-127-89-103-113-194-166-179-185-99-130-95-86-176-163-153-81-77-21-87-82-8-56-144-111-0-35-109-29-160-33-49-11-43-134-6-188-169-132-13-161-70-3-15-145-195-168-139-182-138-104-25-177-5-45-136-31-164-73-54-151-131-121-51-125-191-90-71-147-178-10-133"
152,52250,100,19658,71908,2,"66-148-99-22-179-172-52-185-166-194-113-26-103-114-137-127-165-89-163-187-146-97-141-91-36-61-175-78-142-45-5-177-21-87-104-138-182-139-168-195-145-15-3-70-161-13-132-169-188-6-147-134-43-11-49-33-160-29-109-35-0-111-144-56-8-82-77-81-153-180-176-106-159-143-124-62-18-34-55-83-128-86-95-130-9-199-183-140-170-152-53-4-149-28-59-20-60-47-154-94"
153,50057,100,20233,70290,1,"49-29-109-35-0-111-81-153-163-180-176-86-95-128-106-159-143-124-62-18-55-34-170-152-183-140-4-149-28-59-20-60-148-47-94-66-22-130-99-185-179-172-166-194-113-26-114-137-103-89-127-165-187-146-77-97-141-91-36-61-175-78-142-45-5-177-82-87-21-8-104-56-144-160-33-138-182-139-168-195-145-15-3-70-161-13-132-169-188-6-147-191-90-122-131-121-51-134-43-11"
154,50760,100,20139,70899,3,"37-35-109-29-0-144-160-33-49-11-43-134-51-121-131-90-191-147-6-188-169-132-13-161-70-3-15-145-195-168-139-182-138-104-56-8-21-87-82-177-5-45-142-78-175-61-36-91-141-97-77-146-187-165-127-89-103-137-114-26-113-194-166-172-179-185-99-130-22-66-94-47-148-60-20-59-28-149-4-140-183-152-170-34-55-18-62-124-143-159-106-128-95-86-176-180-163-153-81-111"
155,52250,100,19658,71908,1,"66-148-99-22-179-172-52-185-166-194-113-26-103-114-137-127-165-89-163-187-146-97-141-91-36-61-175-78-142-45-5-177-21-87-104-138-182-139-168-195-145-15-3-70-161-13-132-169-188-6-147-134-43-11-49-33-160-29-109-35-0-111-144-56-8-82-77-81-153-180-176-106-159-143-124-62-18-34-55-83-128-86-95-130-9-199-183-140-170-152-53-4-149-28-59-20-60-47-154-94"
156,49413,100,20201,69614,2,"13-161-70-3-15-145-195-168-29-109-35-0-111-81-153-163-180-176-86-95-128-106-159-143-124-62-18-55-34-170-152-183-140-4-149-28-59-20-60-148-47-94-66-22-130-99-185-179-172-166-194-113-26-114-137-103-89-127-165-187-146-77-97-141-91-36-61-175-78-142-45-5-177-82-87-21-8-104-56-144-160-33-138-182-11-139-43-134-51-121-131-135-122-90-191-147-6-188-169-132"
157,49394,100,21169,70563,2,"175-142-45-5-177-25-104-138-182-139-168-195-145-15-3-70-161-13-132-169-188-6-147-191-90-178-10-133-122-100-107-40-63-135-131-121-51-98-118-74-134-43-11-49-33-160-29-109-35-0-111-144-56-8-82-87-21-77-81-153-163-176-86-95-128-106-124-62-18-55-34-170-152-183-140-28-20-60-148-47-94-66-130-99-185-179-166-194-113-103-89-127-165-187-97-141-91-61-36-78"
158,52248,100,19450,71698,2,"93-76-166-52-172-179-185-99-130-22-66-94-154-47-148-60-20-59-28-149-4-199-140-183-152-170-34-55-18-83-62-124-143-159-106-128-95-86-194-176-180-113-26-103-163-153-81-77-82-8-56-144-111-0-35-109-29-160-33-11-43-134-147-6-188-169-132-13-161-70-3-15-145-195-168-139-182-138-104-87-21-177-5-45-142-78-175-61-36-91-141-97-146-187-89-165-127-114-137-75"
159,52727,100,21016,73743,2,"135-38-27-16-1-156-198-117-193-80-190-162-175-78-142-36-61-91-141-97-187-165-127-89-103-113-194-166-179-185-99-130-183-95-86-176-163-153-81-77-21-87-82-8-56-144-111-0-35-109-29-160-33-49-11-43-134-6-188-169-132-13-161-70-3-15-145-195-168-139-182-138-104-25-177-5-45-136-31-164-73-54-151-131-121-51-125-191-90-71-147-178-10-133-122-100-107-40-63-102"
160,51182,100,18753,69935,2,"140-152-170-34-55-18-83-62-128-124-143-159-106-176-180-153-81-77-82-8-56-144-111-0-35-109-29-160-33-49-11-43-134-147-6-188-169-132-13-161-70-3-15-145-195-168-139-182-138-104-87-21-177-5-45-142-78-175-61-36-91-141-97-146-187-163-89-165-127-137-114-103-26-113-194-166-86-185-179-52-172-57-66-94-154-47-148-60-20-59-28-149-4-199-9-22-99-130-95-183"
161,52247,100,19655,71902,2,"20-60-154-94-66-47-148-99-22-179-172-52-185-166-194-113-26-103-114-137-127-165-89-163-187-146-97-141-91-36-61-175-78-142-45-5-177-21-87-104-138-182-139-168-195-145-15-3-70-161-13-132-169-188-6-147-134-43-11-49-33-160-29-109-35-0-111-144-56-8-82-77-81-153-180-176-106-159-143-124-62-18-34-55-83-128-86-95-130-9-199-183-140-170-152-53-4-149-28-59"
162,49678,100,21453,71131,1,"25-5-45-142-175-78-36-61-91-141-97-187-165-127-89-103-113-194-166-179-185-99-130-66-94-47-148-60-20-28-140-183-152-170-34-55-18-62-124-106-128-95-86-176-163-153-81-77-21-87-82-8-56-144-111-0-35-109-29-160-33-49-11-43-134-74-118-98-51-121-131-135-63-40-107-100-122-133-10-178-90-191-147-6-188-169-132-13-161-70-3-15-145-195-168-139-182-138-104-177"
163,52792,100,20987,73779,2,"96-135-38-27-16-1-156-198-117-193-80-190-162-175-78-142-36-61-91-141-97-187-165-127-89-103-113-194-166-179-185-99-130-183-95-86-176-163-153-81-77-21-87-82-8-56-144-111-0-35-109-29-160-33-49-11-43-134-6-188-169-132-13-161-70-3-15-145-195-168-139-182-138-104-25-177-5-45-136-31-164-73-54-151-131-121-51-125-191-90-71-147-178-10-133-122-100-107-40-63"
164,52665,100,20954,73619,2,"131-151-54-73-164-31-136-45-5-177-25-104-138-182-139-168-195-145-15-3-70-161-13-132-169-188-6-134-43-11-49-33-160-29-109-35-0-111-144-56-8-82-87-21-77-81-153-163-176-86-95-183-130-99-185-179-166-194-113-103-89-127-165-187-97-141-91-61-36-142-78-175-162-80-190-193-117-198-156-1-16-27-38-135-102-63-40-107-100-122-133-10-178-147-71-90-191-125-51-121"
165,50970,100,19366,70336,2,"176-86-95-128-106-159-143-124-62-83-18-55-34-170-152-183-140-199-4-149-28-59-20-60-148-47-154-94-66-22-130-99-185-179-172-52-166-194-113-26-103-114-137-127-165-89-163-187-146-97-141-91-36-61-175-78-142-45-5-177-21-87-104-138-182-139-168-195-145-15-3-70-161-13-132-169-188-6-147-90-51-134-43-11-49-33-160-29-109-35-0-111-144-56-8-82-77-81-153-180"
166,50997,100,21068,72065,2,"159-106-124-128-86-176-180-163-89-165-127-137-114-103-26-113-194-166-172-179-185-22-99-130-95-183-140-199-9-66-94-47-148-60-20-59-28-149-4-152-170-62-18-55-34-109-29-189-155-15-3-70-161-145-13-132-169-188-6-147-90-121-51-134-43-195-168-11-139-182-138-33-160-144-56-104-8-21-87-82-177-5-45-142-78-175-61-36-91-141-97-77-146-187-153-81-111-0-35-143"
167,49413,100,20201,69614,2,"132-13-161-70-3-15-145-195-168-29-109-35-0-111-81-153-163-180-176-86-95-128-106-159-143-124-62-18-55-34-170-152-183-140-4-149-28-59-20-60-148-47-94-66-22-130-99-185-179-172-166-194-113-26-114-137-103-89-127-165-187-146-77-97-141-91-36-61-175-78-142-45-5-177-82-87-21-8-104-56-144-160-33-138-182-11-139-43-134-51-121-131-135-122-90-191-147-6-188-169"
168,51849,100,19333,71182,1,"59-28-149-4-53-152-170-140-183-199-9-130-95-86-128-83-55-34-18-62-124-143-159-106-176-180-153-81-77-82-8-56-144-111-0-35-109-29-160-33-11-43-134-147-6-188-169-132-13-161-70-3-15-145-195-168-139-182-138-104-87-21-177-5-45-142-78-175-61-36-91-141-97-146-187-163-89-165-127-137-114-103-26-113-194-166-185-99-22-179-52-172-57-66-94-154-47-148-60-20"
169,52665,100,20954,73619,2,"63-40-107-100-122-133-10-178-147-71-90-191-125-51-121-131-151-54-73-164-31-136-45-5-177-25-104-138-182-139-168-195-145-15-3-70-161-13-132-169-188-6-134-43-11-49-33-160-29-109-35-0-111-144-56-8-82-87-21-77-81-153-163-176-86-95-183-130-99-185-179-166-194-113-103-89-127-165-187-97-141-91-61-36-142-78-175-162-80-190-193-117-198-156-1-16-27-38-135-102"
170,50043,100,20932,70975,2,"189-109-35-0-29-160-144-111-81-153-163-180-176-86-95-128-106-159-143-124-62-18-55-34-170-152-183-140-4-149-28-59-20-60-148-47-94-66-22-130-99-185-179-172-166-194-113-26-114-137-103-89-127-165-187-146-77-97-141-91-36-61-175-78-142-45-5-177-82-87-21-8-104-56-33-138-182-11-139-43-168-195-134-51-121-131-122-90-191-147-6-188-169-132-13-145-15-3-70-155"
171,49413,100,20201,69614,2,"195-145-15-3-70-161-13-132-169-188-6-147-191-90-122-135-131-121-51-134-43-139-11-182-138-33-160-144-56-104-8-21-87-82-177-5-45-142-78-175-61-36-91-141-97-77-146-187-165-127-89-103-137-114-26-113-194-166-172-179-185-99-130-22-66-94-47-148-60-20-59-28-149-4-140-183-152-170-34-55-18-62-124-143-159-106-128-95-86-176-180-163-153-81-111-0-35-109-29-168"
172,50141,100,20317,70458,2,"8-21-87-82-177-5-45-142-78-175-61-36-91-141-97-77-146-187-165-127-89-103-137-114-26-113-194-166-172-179-185-99-130-22-66-94-47-148-60-20-59-28-149-4-140-183-152-170-34-55-18-62-124-143-159-106-128-95-86-176-180-163-153-81-111-0-35-109-29-160-33-49-11-43-134-51-121-131-122-90-191-147-6-188-169-132-13-161-70-3-15-145-195-168-139-182-138-104-56-144"
173,51149,100,19545,70694,2,"22-99-130-66-94-154-47-148-60-20-59-28-149-4-199-140-183-152-170-34-55-18-83-62-124-143-159-106-128-95-86-176-180-153-81-77-82-8-56-144-111-0-35-109-29-160-33-49-11-43-134-51-90-147-6-188-169-132-13-161-70-3-15-145-195-168-139-182-138-104-87-21-177-5-45-142-78-175-61-36-91-141-97-146-187-163-89-165-127-137-114-103-26-113-194-166-185-52-172-179"
174,52665,100,20954,73619,2,"51-121-131-151-54-73-164-31-136-45-5-177-25-104-138-182-139-168-195-145-15-3-70-161-13-132-169-188-6-134-43-11-49-33-160-29-109-35-0-111-144-56-8-82-87-21-77-81-153-163-176-86-95-183-130-99-185-179-166-194-113-103-89-127-165-187-97-141-91-61-36-142-78-175-162-80-190-193-117-198-156-1-16-27-38-135-102-63-40-107-100-122-133-10-178-147-71-90-191-125"
175,52614,100,20817,73431,1,"115-147-71-191-90-125-51-121-131-151-54-73-164-31-136-45-5-177-25-104-138-182-139-168-195-145-15-3-70-161-13-132-169-188-6-134-43-11-49-33-160-29-109-35-0-111-144-56-8-82-87-21-77-81-153-163-176-86-95-183-130-99-185-179-166-194-113-103-89-127-165-187-97-141-91-61-36-142-78-175-162-80-190-193-117-198-156-1-16-27-38-135-102-63-40-107-100-122-133-10"
176,50559,100,20636,71195,2,"167-189-109-35-0-29-160-144-111-81-153-163-180-176-86-95-128-106-159-143-124-62-18-55-34-170-152-183-140-4-149-28-59-20-60-148-47-94-66-22-130-99-185-179-172-166-194-113-26-114-137-103-89-127-165-187-146-77-97-141-91-36-61-175-78-142-45-5-177-82-87-21-8-104-56-33-138-182-11-139-43-168-195-134-51-121-131-90-191-147-6-188-169-132-13-145-15-3-70-155"
177,51892,100,19810,71702,2,"48-194-113-26-103-114-137-127-165-89-163-187-146-97-141-91-36-61-175-78-142-45-5-177-21-87-104-138-182-139-168-195-145-15-3-70-161-13-132-169-188-6-147-90-134-43-11-49-33-160-29-109-35-0-111-144-56-8-82-77-81-153-180-176-86-95-128-106-159-143-124-62-83-18-55-34-170-152-183-140-199-4-149-28-59-20-60-148-47-154-94-66-22-130-99-185-179-172-52-166"
178,51099,100,21170,72269,2,"170-34-109-29-189-155-15-3-70-161-145-13-132-169-188-6-147-90-121-51-134-43-195-168-11-139-182-138-33-160-144-56-104-8-21-87-82-177-5-45-142-78-175-61-36-91-141-97-77-146-187-153-81-111-0-35-143-159-106-124-128-62-18-55-95-86-176-180-163-89-165-127-137-114-103-26-113-194-166-172-179-185-22-99-130-183-140-199-9-66-94-47-148-60-20-59-28-149-4-152"
179,52260,100,19636,71896,2,"70-161-188-6-169-132-13-126-168-195-145-15-189-34-109-29-49-11-139-182-138-33-160-144-56-104-8-21-87-82-177-5-45-142-78-175-61-36-79-91-141-97-77-146-187-153-81-111-0-35-143-159-106-124-128-62-18-55-83-95-86-176-180-163-89-165-127-137-114-103-26-113-194-166-52-172-179-66-94-47-148-60-20-59-28-149-4-199-9-185-22-99-130-183-140-170-152-184-155-3"
180,52260,100,19636,71896,2,"15-145-195-168-126-13-132-169-6-188-161-70-3-155-184-152-170-140-183-130-99-22-185-9-199-4-149-28-59-20-60-148-47-94-66-179-172-52-166-194-113-26-103-114-137-127-165-89-163-180-176-86-95-83-55-18-62-128-124-106-159-143-35-0-111-81-153-187-146-77-97-141-91-79-36-61-175-78-142-45-5-177-82-87-21-8-104-56-144-160-33-138-182-139-11-49-29-109-34-189"
181,50536,100,20334,70870,2,"12-111-81-153-163-180-176-86-95-128-106-159-143-124-62-18-55-34-170-152-183-140-4-149-28-59-20-60-148-47-94-66-22-130-99-185-179-172-166-194-113-26-114-137-103-89-127-165-187-146-77-97-141-91-36-61-175-78-142-45-5-177-82-87-21-8-104-56-144-160-33-138-182-139-11-168-195-43-134-51-121-90-191-147-6-188-169-132-13-145-161-70-3-15-155-189-29-109-35-0"
182,53026,100,20443,73469,1,"121-131-125-51-191-90-71-147-178-10-133-122-100-107-40-63-102-135-38-27-16-1-156-198-117-193-80-190-162-175-78-142-36-61-91-141-97-187-165-127-89-103-113-194-166-179-185-130-95-86-176-163-153-81-77-21-87-82-8-56-144-111-0-35-109-29-160-33-49-11-43-134-6-188-169-132-13-161-70-3-15-145-195-168-139-182-138-104-25-177-5-45-136-31-54-164-73-151-19-112"
183,50970,100,19366,70336,3,"26-103-114-137-127-165-89-163-187-146-97-141-91-36-61-175-78-142-45-5-177-21-87-104-138-182-139-168-195-145-15-3-70-161-13-132-169-188-6-147-90-51-134-43-11-49-33-160-29-109-35-0-111-144-56-8-82-77-81-153-180-176-86-95-128-106-159-143-124-62-83-18-55-34-170-152-183-140-199-4-149-28-59-20-60-148-47-154-94-66-22-130-99-185-179-172-52-166-194-113"
184,52247,100,19655,71902,2,"20-60-154-94-66-47-148-99-22-179-172-52-185-166-194-113-26-103-114-137-127-165-89-163-187-146-97-141-91-36-61-175-78-142-45-5-177-21-87-104-138-182-139-168-195-145-15-3-70-161-13-132-169-188-6-147-134-43-11-49-33-160-29-109-35-0-111-144-56-8-82-77-81-153-180-176-106-159-143-124-62-18-34-55-83-128-86-95-130-9-199-183-140-170-152-53-4-149-28-59"
185,51793,100,21572,73365,1,"42-80-190-162-175-78-142-36-61-91-141-97-187-165-127-89-103-113-194-166-179-185-99-130-140-183-18-62-95-86-176-163-153-81-77-21-87-82-8-56-144-111-0-35-109-29-160-33-49-11-43-134-74-118-98-51-121-131-135-63-40-107-100-122-133-10-178-90-191-147-6-188-169-132-13-161-70-3-15-145-195-168-139-182-138-104-25-177-5-45-136-193-31-164-73-54-117-198-1-156"
186,51849,100,19333,71182,2,"149-4-53-152-170-140-183-199-9-130-95-86-128-83-55-34-18-62-124-143-159-106-176-180-153-81-77-82-8-56-144-111-0-35-109-29-160-33-11-43-134-147-6-188-169-132-13-161-70-3-15-145-195-168-139-182-138-104-87-21-177-5-45-142-78-175-61-36-91-141-97-146-187-163-89-165-127-137-114-103-26-113-194-166-185-99-22-179-52-172-57-66-94-154-47-148-60-20-59-28"
187,52250,100,19658,71908,2,"47-60-20-59-28-149-4-53-152-170-140-183-199-9-130-95-86-128-83-55-34-18-62-124-143-159-106-176-180-153-81-77-82-8-56-144-111-0-35-109-29-160-33-49-11-43-134-147-6-188-169-132-13-161-70-3-15-145-195-168-139-182-138-104-87-21-177-5-45-142-78-175-61-36-91-141-97-146-187-163-89-165-127-137-114-103-26-113-194-166-185-52-172-179-22-99-148-66-94-154"
188,49001,100,20856,69857,2,"85-51-121-131-135-63-122-133-10-90-191-147-6-188-169-132-13-161-70-3-15-145-195-168-29-109-35-0-111-81-153-163-180-176-86-95-128-106-143-124-62-18-55-34-170-152-183-140-4-149-28-20-60-148-47-94-66-22-130-99-185-179-172-166-194-113-114-137-103-89-127-165-187-146-77-97-141-91-36-61-175-78-142-45-5-177-82-87-21-8-104-56-144-160-33-138-182-11-139-134"
189,50536,100,20334,70870,2,"12-111-81-153-163-180-176-86-95-128-106-159-143-124-62-18-55-34-170-152-183-140-4-149-28-59-20-60-148-47-94-66-22-130-99-185-179-172-166-194-113-26-114-137-103-89-127-165-187-146-77-97-141-91-36-61-175-78-142-45-5-177-82-87-21-8-104-56-144-160-33-138-182-139-11-168-195-43-134-51-121-90-191-147-6-188-169-132-13-145-161-70-3-15-155-189-29-109-35-0"
190,52079,100,20966,73045,2,"62-34-55-18-109-29-189-155-15-3-70-161-145-13-132-169-188-6-147-90-134-43-195-168-11-139-182-138-33-160-144-56-104-8-177-5-45-142-78-175-36-61-91-21-87-82-111-0-35-143-159-106-124-128-86-176-180-153-81-77-141-97-146-187-163-89-165-127-137-114-103-26-113-194-166-52-172-179-185-22-99-130-95-183-140-199-9-66-94-47-148-60-20-59-28-149-4-152-170-83"
191,49001,100,20856,69857,1,"85-51-121-131-135-63-122-133-10-90-191-147-6-188-169-132-13-161-70-3-15-145-195-168-29-109-35-0-111-81-153-163-180-176-86-95-128-106-143-124-62-18-55-34-170-152-183-140-4-149-28-20-60-148-47-94-66-22-130-99-185-179-172-166-194-113-114-137-103-89-127-165-187-146-77-97-141-91-36-61-175-78-142-45-5-177-82-87-21-8-104-56-144-160-33-138-182-11-139-134"
192,52997,100,20470,73467,2,"44-122-100-107-40-63-102-135-38-27-16-1-156-198-117-193-80-190-162-175-78-142-36-61-91-141-97-187-165-127-89-103-113-194-166-179-185-99-130-95-86-176-163-153-81-77-21-87-82-8-56-144-111-0-35-109-29-160-33-49-11-43-134-6-188-169-132-13-161-70-3-15-145-195-168-139-182-138-104-25-177-5-45-136-31-164-73-54-151-131-121-51-125-191-90-71-147-178-10-133"
193,51099,100,21170,72269,2,"170-34-109-29-189-155-15-3-70-161-145-13-132-169-188-6-147-90-121-51-134-43-195-168-11-139-182-138-33-160-144-56-104-8-21-87-82-177-5-45-142-78-175-61-36-91-141-97-77-146-187-153-81-111-0-35-143-159-106-124-128-62-18-55-95-86-176-180-163-89-165-127-137-114-103-26-113-194-166-172-179-185-22-99-130-183-140-199-9-66-94-47-148-60-20-59-28-149-4-152"
194,52665,100,20954,73619,2,"191-125-51-121-131-151-54-73-164-31-136-45-5-177-25-104-138-182-139-168-195-145-15-3-70-161-13-132-169-188-6-134-43-11-49-33-160-29-109-35-0-111-144-56-8-82-87-21-77-81-153-163-176-86-95-183-130-99-185-179-166-194-113-103-89-127-165-187-97-141-91-61-36-142-78-175-162-80-190-193-117-198-156-1-16-27-38-135-102-63-40-107-100-122-133-10-178-147-71-90"
195,51545,100,20776,72321,2,"119-159-143-35-0-111-81-153-187-146-77-97-141-91-36-61-175-78-142-45-5-177-82-87-21-8-104-56-144-160-33-138-182-139-11-168-195-43-134-51-90-147-6-188-169-132-13-145-161-70-3-15-155-189-29-109-34-55-18-62-170-152-4-149-28-59-20-60-148-47-94-66-9-199-140-183-95-130-99-22-185-179-172-166-194-113-26-103-114-137-127-165-89-163-180-176-86-128-124-106"
196,51545,100,20776,72321,2,"119-159-143-35-0-111-81-153-187-146-77-97-141-91-36-61-175-78-142-45-5-177-82-87-21-8-104-56-144-160-33-138-182-139-11-168-195-43-134-51-90-147-6-188-169-132-13-145-161-70-3-15-155-189-29-109-34-55-18-62-170-152-4-149-28-59-20-60-148-47-94-66-9-199-140-183-95-130-99-22-185-179-172-166-194-113-26-103-114-137-127-165-89-163-180-176-86-128-124-106"
197,50042,100,20218,70260,2,"43-11-49-29-109-35-0-111-81-153-163-180-176-86-95-128-106-159-143-124-62-18-55-34-170-152-183-140-4-149-28-59-20-60-148-47-94-66-22-130-99-185-179-172-166-194-113-26-114-137-103-89-127-165-187-146-77-97-141-91-36-61-175-78-142-45-5-177-82-87-21-8-104-56-144-160-33-138-182-139-134-51-121-131-122-90-191-147-6-188-169-132-13-161-70-3-15-145-195-168"
198,50141,100,20317,70458,1,"8-21-87-82-177-5-45-142-78-175-61-36-91-141-97-77-146-187-165-127-89-103-137-114-26-113-194-166-172-179-185-99-130-22-66-94-47-148-60-20-59-28-149-4-140-183-152-170-34-55-18-62-124-143-159-106-128-95-86-176-180-163-153-81-111-0-35-109-29-160-33-49-11-43-134-51-121-131-122-90-191-147-6-188-169-132-13-161-70-3-15-145-195-168-139-182-138-104-56-144"
199,52079,100,20966,73045,2,"124-128-86-176-180-153-81-77-141-97-146-187-163-89-165-127-137-114-103-26-113-194-166-52-172-179-185-22-99-130-95-183-140-199-9-66-94-47-148-60-20-59-28-149-4-152-170-83-62-34-55-18-109-29-189-155-15-3-70-161-145-13-132-169-188-6-147-90-134-43-195-168-11-139-182-138-33-160-144-56-104-8-177-5-45-142-78-175-36-61-91-21-87-82-111-0-35-143-159-106"
200,52247,100,19655,71902,2,"20-60-154-94-66-47-148-99-22-179-172-52-185-166-194-113-26-103-114-137-127-165-89-163-187-146-97-141-91-36-61-175-78-142-45-5-177-21-87-104-138-182-139-168-195-145-15-3-70-161-13-132-169-188-6-147-134-43-11-49-33-160-29-109-35-0-111-144-56-8-82-77-81-153-180-176-106-159-143-124-62-18-34-55-83-128-86-95-130-9-199-183-140-170-152-53-4-149-28-59"
