SolutionID,TotalCost,NumNodes,TotalDistance,ObjectiveFunction,TotalRunningTime,Cycle
1,218613,100,169927,388540,4,"167-72-103-75-120-23-62-32-29-20-150-186-117-107-149-90-192-181-101-48-35-199-184-187-152-1-122-180-165-0-50-185-121-52-183-159-77-127-31-157-182-173-175-91-13-59-106-102-141-3-170-116-95-100-14-153-38-4-130-105-25-11-169-12-88-47-73-18-162-49-166-46-119-66-104-109-58-110-148-45-42-136-143-93-139-33-85-79-112-71-131-111-96-172-151-70-28-44-2-114"
2,221663,100,169014,390677,0,"74-184-53-86-193-82-182-16-115-169-163-63-30-172-118-187-43-94-92-190-152-161-178-198-71-165-154-173-132-103-44-76-99-156-1-2-33-164-131-101-138-84-141-81-175-120-67-110-170-149-8-126-136-20-93-146-38-57-166-34-125-109-160-39-64-10-176-159-158-56-185-144-151-157-181-72-32-142-47-6-31-83-150-197-140-14-88-13-35-48-100-58-104-123-162-9-186-66-51-147"
3,209478,100,160909,370387,0,"193-110-37-116-41-183-172-111-0-97-134-74-104-10-40-89-60-19-132-31-28-52-71-174-155-43-17-2-53-171-81-57-119-35-131-136-124-95-45-156-106-56-47-145-96-103-9-58-82-93-180-121-176-59-168-196-94-46-69-120-160-192-178-147-44-107-163-92-170-194-149-117-181-64-62-84-16-39-139-177-34-182-21-133-36-191-49-33-55-158-115-166-188-130-169-165-14-148-70-91"
4,208344,100,161683,370027,0,"12-68-44-126-8-121-54-165-29-69-83-154-20-72-70-1-130-43-41-134-113-197-192-119-21-90-115-32-82-86-125-164-191-94-18-16-187-117-107-14-11-0-19-178-9-186-92-163-23-114-51-22-167-7-153-73-89-35-111-74-160-149-141-62-76-61-13-45-42-97-118-55-195-146-140-104-95-67-151-48-84-166-36-133-65-137-157-77-25-162-78-106-180-148-190-91-63-27-105-175"
5,210796,100,165148,375944,1,"105-52-28-119-177-191-108-4-10-104-129-45-189-42-180-195-123-61-55-86-22-158-26-148-172-99-82-81-113-9-62-137-53-66-93-39-149-57-31-152-91-188-33-132-161-2-179-155-164-94-136-194-73-175-40-79-97-35-83-78-67-14-27-198-142-98-166-140-125-111-25-197-159-178-106-133-13-141-8-139-128-17-89-77-90-18-36-174-32-11-1-49-47-157-150-160-5-167-143-0"
6,216889,100,167110,383999,0,"35-158-80-162-190-104-167-129-41-105-119-69-178-170-28-38-52-5-118-73-50-66-197-146-110-98-103-6-53-194-72-179-57-79-71-117-193-189-25-82-31-177-159-27-23-175-16-93-97-172-21-195-46-164-43-107-125-0-123-10-134-19-95-181-102-161-122-3-155-187-153-147-84-12-150-116-76-78-30-128-111-145-108-127-77-26-29-106-87-33-114-91-32-61-144-60-1-180-70-86"
7,211146,100,160730,371876,0,"124-192-0-74-180-11-188-56-83-48-187-164-116-128-137-69-17-95-166-10-130-27-96-37-113-55-196-171-161-172-73-120-122-94-13-46-134-40-67-98-36-14-75-151-132-147-156-61-139-184-97-117-103-181-176-129-32-135-198-109-2-39-140-143-33-28-30-158-19-63-179-3-7-195-175-154-114-44-145-168-167-84-110-146-38-148-49-79-138-54-85-1-160-52-66-29-105-152-24-57"
8,211915,100,162318,374233,0,"21-22-199-141-114-3-136-10-13-12-166-99-191-5-38-33-60-98-62-78-74-9-43-159-176-151-96-26-120-177-97-80-92-103-154-132-180-42-32-37-16-45-128-161-123-109-82-25-4-84-197-36-134-194-111-35-160-122-57-173-126-193-87-94-101-19-53-28-119-67-139-165-115-51-90-107-100-14-150-49-118-137-68-76-72-117-54-52-187-105-144-18-129-190-29-69-116-147-156-0"
9,224601,100,178112,402713,0,"86-148-144-139-12-91-147-172-193-0-194-109-41-46-137-151-114-30-168-138-153-87-28-24-36-184-179-107-20-72-43-85-186-14-5-9-116-6-133-13-189-63-27-121-129-173-37-33-56-47-123-115-101-174-96-7-68-57-195-8-4-124-38-34-1-93-160-48-45-94-61-190-71-80-50-40-75-89-152-176-15-158-181-161-16-180-25-175-29-98-128-26-104-145-117-122-19-136-3-196"
10,208341,100,156915,365256,0,"61-158-122-63-76-88-17-86-98-102-128-107-193-120-169-106-83-49-145-5-12-195-113-38-73-188-44-48-35-32-173-39-77-170-198-100-143-123-10-81-153-43-93-95-171-84-46-41-138-159-144-160-192-82-111-112-168-125-196-108-172-74-60-19-7-183-130-14-191-40-132-50-64-33-59-47-9-121-149-115-1-175-157-34-116-52-103-36-22-110-156-65-186-140-189-94-18-162-182-97"
11,219092,100,166229,385321,0,"84-14-25-161-36-65-168-69-92-124-167-21-88-133-0-162-171-114-155-47-6-131-144-152-120-107-177-74-85-110-169-160-121-34-54-150-181-15-53-148-52-194-176-43-67-79-4-138-30-73-56-137-103-192-90-170-76-112-129-126-57-5-154-198-179-51-197-196-174-66-105-180-77-31-141-41-173-72-55-83-78-42-199-116-2-146-99-115-98-97-59-193-1-184-188-19-9-7-145-20"
12,207345,100,157252,364597,0,"12-154-184-170-116-43-174-32-47-150-142-164-135-29-99-7-58-86-151-40-70-162-173-69-160-104-2-155-53-80-111-1-55-50-177-42-178-81-171-0-152-56-97-31-5-79-159-100-131-73-153-64-38-146-11-4-163-114-156-197-189-140-109-161-60-133-48-59-33-167-71-25-21-141-28-24-15-129-91-128-125-98-14-6-57-121-72-136-102-62-120-44-46-87-18-92-175-34-176-45"
13,214722,100,160317,375039,1,"103-199-33-35-99-158-123-84-149-52-61-179-144-9-119-176-19-31-32-108-126-142-97-86-174-55-98-88-109-113-16-24-131-181-116-69-46-94-11-172-25-78-173-120-6-145-48-45-40-63-17-26-186-70-115-18-10-133-44-37-198-12-166-51-101-96-20-105-197-65-114-41-50-188-58-54-60-71-80-127-150-7-136-14-1-82-178-73-39-171-141-4-56-167-160-195-79-27-122-159"
14,204662,100,155193,359855,0,"181-67-95-107-22-144-109-139-162-2-100-85-82-150-187-171-113-179-177-134-66-60-125-159-195-44-118-101-47-176-15-194-98-91-11-57-74-59-63-96-138-52-116-128-84-72-29-13-132-70-182-130-147-42-61-73-103-186-188-154-34-99-50-170-46-92-81-164-196-197-180-152-6-20-151-198-178-168-145-8-153-35-143-97-25-117-87-192-75-172-119-174-110-36-89-104-69-4-169-136"
15,220825,100,170748,391573,0,"89-109-3-167-95-19-75-4-189-196-180-131-72-195-190-39-179-137-111-106-57-77-173-119-153-0-9-18-41-68-155-42-120-20-145-2-185-149-193-125-126-181-84-133-91-199-10-46-34-154-115-94-116-29-37-7-32-67-139-184-49-23-31-66-103-156-58-51-59-108-168-105-161-22-187-124-148-99-182-130-93-87-114-47-88-164-110-171-163-177-100-86-113-183-71-127-80-121-197-150"
16,210476,100,160254,370730,0,"127-17-56-5-100-197-23-65-7-161-111-120-69-71-185-35-39-19-198-32-114-9-115-28-62-118-194-132-165-3-130-155-123-8-147-139-171-40-113-48-103-27-30-142-179-64-55-14-59-16-26-37-164-134-73-173-97-126-192-181-121-38-72-13-122-12-140-82-186-18-189-101-102-169-195-36-135-188-176-0-170-172-107-162-175-106-79-81-44-141-119-54-67-193-33-151-41-178-108-6"
17,223149,100,175621,398770,0,"15-133-196-8-165-160-37-138-76-51-172-125-177-79-131-22-103-64-73-99-139-35-77-174-28-19-40-57-92-153-134-24-102-162-11-36-164-34-157-178-14-148-146-124-188-63-48-6-179-82-123-12-190-166-191-1-180-17-198-110-181-111-193-171-50-86-96-116-39-135-66-199-130-161-0-38-145-136-3-75-85-80-115-168-167-163-152-112-52-192-114-47-113-104-175-26-5-169-194-132"
18,210765,100,160871,371636,0,"190-37-87-46-105-89-22-95-41-116-189-60-70-150-117-5-28-115-108-154-177-184-123-125-4-83-78-169-172-137-35-144-80-182-84-178-179-9-72-53-130-55-183-75-26-1-128-63-107-147-49-25-45-149-185-155-156-59-165-94-86-39-99-159-64-23-90-76-32-62-199-142-77-173-180-85-71-54-27-120-2-167-187-3-134-42-111-132-196-114-136-109-88-43-7-131-162-188-104-158"
19,210848,100,161217,372065,0,"165-18-88-154-134-5-156-178-36-82-199-74-71-45-26-179-83-87-57-59-105-127-20-21-114-9-160-170-132-40-93-46-194-153-68-34-168-144-44-125-129-14-175-0-161-67-196-110-139-66-8-121-151-31-116-17-145-37-54-95-65-177-35-6-39-63-92-103-176-25-56-100-30-142-147-120-28-104-72-166-190-186-173-79-23-58-1-140-148-86-38-48-124-182-164-64-89-12-97-135"
20,213831,100,164364,378195,0,"62-93-189-12-98-80-33-88-31-71-1-41-30-164-195-8-149-16-138-3-5-53-175-143-54-28-56-19-127-52-45-133-130-14-145-139-105-174-40-42-13-187-87-137-140-118-181-39-70-171-6-21-126-68-34-7-106-75-188-117-113-44-37-142-18-194-193-123-64-23-129-162-198-77-144-43-25-48-114-167-166-36-79-100-108-177-84-115-112-191-122-81-125-76-20-170-141-103-50-10"
21,204214,100,154373,358587,0,"139-5-165-187-122-133-126-28-140-170-13-58-54-192-146-154-88-43-157-189-7-67-104-55-195-101-131-143-135-75-138-71-159-30-42-115-148-34-197-60-103-137-46-156-45-184-32-105-100-171-53-19-70-181-12-118-0-107-145-117-193-63-132-144-180-94-39-37-96-196-186-20-198-152-194-22-47-66-158-8-129-21-130-109-150-14-114-29-15-119-81-149-10-24-127-33-142-6-176-153"
22,226816,100,177083,403899,0,"160-84-21-103-149-5-34-1-96-173-191-55-111-100-144-183-150-87-154-14-95-72-116-161-17-30-159-70-3-29-10-75-61-115-172-73-140-63-0-41-104-50-129-47-2-136-121-66-65-37-59-38-155-97-81-163-42-56-137-36-195-62-122-98-126-197-119-170-86-146-132-139-11-40-176-171-199-44-162-69-43-123-175-27-48-102-186-131-32-196-181-74-107-128-54-94-20-147-33-127"
23,218530,100,169351,387881,0,"26-78-73-64-36-20-29-23-161-176-180-42-174-146-105-62-57-120-65-83-88-82-56-106-74-98-16-9-177-159-114-59-39-133-4-81-199-111-1-67-142-61-137-0-72-172-48-11-140-15-35-86-190-7-96-18-100-116-165-34-169-148-63-30-54-103-112-193-188-178-182-113-110-136-141-167-194-102-130-76-150-28-33-69-184-46-122-151-126-68-168-157-80-166-153-115-99-2-147-196"
24,229629,100,181073,410702,0,"145-153-136-194-31-66-61-110-37-76-146-70-32-137-156-16-1-109-127-100-124-96-67-49-183-141-6-89-2-103-52-173-165-30-108-181-94-41-42-161-58-13-46-68-98-48-154-105-117-107-29-102-93-144-20-101-104-28-99-38-92-50-131-138-62-35-143-40-113-189-150-170-172-149-198-74-47-45-59-140-23-155-163-148-81-174-118-97-119-5-85-22-139-162-3-43-15-111-60-190"
25,212509,100,162262,374771,1,"176-58-143-28-85-101-32-177-180-134-141-146-179-19-133-54-51-107-167-21-174-7-22-160-109-64-112-93-31-181-119-34-104-99-90-156-145-84-29-164-168-37-88-71-69-0-61-12-45-13-114-122-169-65-81-68-52-111-91-41-147-150-163-86-197-87-9-139-100-152-36-26-27-97-144-183-172-44-67-102-186-115-56-35-195-76-60-198-92-25-158-3-136-140-187-38-95-55-170-39"
26,215351,100,166166,381517,0,"31-3-129-81-82-164-106-169-76-13-168-9-78-199-98-192-51-141-71-84-177-110-95-126-44-55-69-38-26-125-190-162-166-183-196-32-107-22-171-174-86-75-33-70-118-103-167-102-194-135-185-109-59-14-56-66-64-100-16-49-147-139-170-88-134-0-122-191-11-25-152-17-30-142-123-57-188-73-94-121-175-90-124-37-130-137-46-97-115-184-35-158-113-150-34-186-72-27-67-65"
27,203298,100,155285,358583,0,"151-188-78-147-134-79-103-136-191-38-10-40-109-106-112-183-153-141-50-124-185-88-146-163-149-111-81-33-150-179-113-17-42-100-92-115-26-193-164-143-47-162-175-155-139-39-6-56-199-58-140-45-25-127-107-67-41-96-12-126-161-65-156-71-182-198-170-160-94-29-90-55-122-82-76-159-37-181-121-131-52-30-63-142-77-95-180-135-84-24-190-62-72-2-48-85-178-54-23-196"
28,212117,100,161601,373718,0,"162-7-38-68-111-171-153-165-89-87-48-67-121-168-70-112-39-109-92-151-172-12-90-88-141-85-193-76-194-77-32-104-13-164-182-20-62-93-161-71-116-196-64-83-17-173-10-120-199-0-103-107-47-125-43-2-131-158-6-147-166-16-123-22-149-9-37-42-128-66-44-114-11-101-33-49-3-137-154-129-73-187-99-21-117-192-185-51-133-195-118-183-108-145-19-134-140-60-197-169"
29,213465,100,163492,376957,0,"190-84-99-86-150-107-59-62-52-48-68-67-31-56-27-90-137-12-79-81-176-197-146-121-165-128-42-173-180-130-132-179-83-109-187-188-36-6-11-143-184-41-131-148-34-195-189-63-161-136-104-14-9-129-100-49-43-47-7-37-92-44-123-111-3-113-17-194-26-32-169-93-91-95-178-2-167-22-174-177-70-151-166-64-193-54-133-147-61-15-97-164-149-85-114-140-78-46-29-186"
30,211630,100,156686,368316,0,"115-101-120-130-66-190-125-184-127-84-97-62-195-34-163-187-171-159-104-112-92-11-139-146-114-172-131-198-52-151-32-91-157-128-29-15-82-108-124-170-78-162-192-183-142-58-4-6-118-18-167-54-53-12-99-14-155-193-42-164-173-49-64-133-123-16-51-90-116-9-96-41-149-22-129-43-74-5-138-76-178-13-48-67-89-191-65-186-113-56-137-106-50-8-105-75-189-57-150-185"
31,223654,100,175202,398856,0,"78-128-104-174-105-147-84-112-83-101-27-23-178-155-63-92-52-20-26-50-198-30-62-121-17-135-118-119-2-71-99-10-142-168-72-54-16-148-163-179-75-102-193-9-180-152-184-195-35-24-97-70-130-8-177-86-134-145-93-5-59-48-115-133-131-28-126-57-140-21-188-146-43-158-85-40-182-37-38-166-61-79-154-108-74-157-162-7-176-44-87-185-153-25-113-45-66-136-117-15"
32,193815,100,143718,337533,0,"19-79-16-24-138-134-148-30-14-70-175-155-169-82-160-168-178-36-34-84-101-119-142-93-194-25-55-161-184-62-153-87-145-143-104-180-49-116-164-193-136-159-26-100-28-126-107-11-183-74-22-94-181-174-71-163-158-112-47-185-89-187-27-50-117-177-54-111-144-179-6-188-196-46-189-83-13-139-156-43-17-56-72-120-41-92-90-95-68-103-4-151-171-166-12-45-192-3-98-65"
33,215293,100,164492,379785,0,"134-140-189-173-6-60-71-102-70-38-160-157-85-8-188-158-58-117-181-95-61-91-52-162-86-126-164-111-31-9-78-13-51-152-176-104-72-103-145-46-63-14-30-163-48-76-146-64-107-124-155-110-1-144-142-143-16-32-29-167-88-159-96-183-37-186-109-115-43-53-128-165-67-192-22-148-49-40-171-77-97-113-74-195-175-84-24-99-193-25-17-149-182-105-169-10-82-81-68-27"
34,206887,100,156230,363117,0,"7-196-180-145-119-160-50-101-22-68-110-106-1-165-17-16-125-78-87-81-30-167-156-67-48-71-65-6-37-170-149-108-127-116-54-3-197-142-60-169-104-141-24-146-63-113-21-28-158-190-115-128-25-118-99-38-137-39-49-61-35-112-121-74-150-195-9-171-138-126-13-40-100-80-194-152-27-83-109-33-96-161-77-56-15-130-163-55-183-124-41-154-10-182-189-159-136-45-134-143"
35,210191,100,161172,371363,0,"19-182-91-165-93-163-114-62-68-128-130-99-129-5-75-12-115-126-122-110-44-33-170-48-181-104-113-103-100-13-162-0-78-108-154-9-117-145-28-17-121-132-25-83-29-31-35-159-168-21-76-131-179-157-107-194-109-72-96-143-158-59-119-101-52-161-27-32-94-167-153-185-26-175-34-98-56-118-138-40-151-195-88-160-140-187-125-127-38-142-136-166-156-196-85-2-50-61-3-180"
36,207767,100,158607,366374,0,"45-62-184-42-117-12-111-96-125-159-82-54-106-161-103-83-133-104-30-135-79-15-141-151-190-165-122-74-93-162-11-21-129-183-85-90-107-58-160-35-115-1-150-154-18-95-156-99-180-178-77-171-24-91-43-113-163-50-16-78-75-101-66-68-65-88-6-9-59-126-92-119-118-94-130-152-86-176-70-155-120-185-52-53-48-127-40-143-197-32-173-192-61-112-100-195-29-148-98-20"
37,217868,100,167838,385706,0,"35-72-3-92-190-31-71-179-120-114-180-84-55-164-133-30-37-104-94-25-87-9-137-129-1-63-14-130-28-20-7-195-151-188-155-61-23-5-65-154-4-198-181-139-53-158-115-167-101-196-22-150-145-27-176-10-48-89-62-11-98-175-108-39-45-116-15-144-95-122-146-182-96-193-185-178-51-106-57-165-169-112-138-38-149-26-135-131-125-82-117-42-49-29-126-110-52-93-16-90"
38,225155,100,179222,404377,1,"108-52-180-124-132-143-90-36-56-122-197-173-140-10-23-51-144-76-19-13-93-125-41-158-174-107-99-49-91-5-55-97-67-29-25-16-165-196-183-114-128-195-53-184-6-47-117-172-35-103-57-190-192-59-113-80-151-94-61-27-81-1-131-78-149-142-186-161-101-66-127-126-178-198-137-18-138-64-188-48-162-134-42-33-46-104-121-118-31-20-77-28-147-65-98-45-69-176-175-193"
39,220258,100,173234,393492,0,"184-38-43-9-39-86-14-16-61-193-106-94-37-100-56-148-110-129-197-58-109-117-158-176-191-40-187-120-195-153-18-123-41-29-172-80-69-190-85-88-136-10-171-186-166-30-67-185-199-12-105-70-146-122-97-196-2-128-73-151-124-33-54-87-165-159-188-63-95-194-27-140-155-103-156-147-138-0-44-51-75-7-3-89-127-5-20-64-25-98-77-139-42-35-79-92-113-163-48-115"
40,227036,100,172976,400012,0,"84-70-5-85-181-32-135-44-184-2-22-59-105-142-144-27-108-178-37-123-146-132-173-77-161-164-162-170-104-194-19-28-87-102-140-151-10-6-14-48-47-172-182-66-111-63-141-43-115-24-126-11-42-163-127-193-174-168-8-197-149-72-68-116-180-112-13-67-26-79-122-23-38-45-53-90-139-154-137-185-118-143-195-50-167-121-130-71-158-81-134-16-189-52-78-88-148-3-171-82"
41,219922,100,165861,385783,0,"117-63-36-192-196-67-119-132-21-149-113-62-93-68-110-43-104-42-135-7-109-189-11-58-29-182-50-53-124-76-10-12-61-136-190-91-100-80-141-137-159-2-84-89-1-23-48-38-73-97-118-166-44-87-162-158-173-25-65-24-66-96-39-8-108-180-92-116-194-34-22-128-197-15-198-101-175-191-74-127-115-37-188-28-140-131-139-4-85-170-55-72-5-154-57-19-98-178-129-52"
42,207361,100,159797,367158,0,"28-25-2-74-84-6-123-42-77-26-194-106-79-132-4-131-127-63-69-196-135-187-72-109-86-55-44-9-164-89-102-136-29-0-65-17-100-113-14-112-15-71-38-67-181-48-104-128-22-81-160-111-176-96-54-125-185-155-166-40-51-88-24-122-23-57-33-56-91-141-31-76-18-152-37-149-68-129-107-191-154-36-120-178-133-161-195-61-94-21-62-60-159-186-105-90-70-43-27-146"
43,224033,100,175482,399515,0,"99-195-63-113-55-160-184-77-27-106-144-97-69-109-78-43-171-23-50-20-180-156-146-114-31-52-186-100-34-96-187-142-59-150-132-192-75-170-122-112-18-22-169-197-188-141-44-154-9-37-176-65-157-111-134-36-53-137-185-61-33-164-128-162-28-149-29-45-60-151-168-127-194-155-172-198-102-118-6-139-123-89-2-26-182-1-46-71-40-7-131-181-66-82-86-129-10-5-64-125"
44,222913,100,174811,397724,0,"114-159-141-24-110-113-63-187-150-171-41-42-129-58-71-121-185-10-199-142-107-55-95-85-186-128-151-52-172-177-0-183-137-104-156-33-122-20-101-32-76-98-66-188-5-130-79-193-178-77-49-174-46-74-6-72-99-112-87-127-190-168-23-165-155-30-124-94-161-109-12-62-191-146-18-160-37-92-117-78-196-152-68-90-40-44-67-57-22-96-131-140-25-106-182-153-54-65-119-163"
45,218640,100,169977,388617,0,"122-189-169-2-195-186-115-165-126-162-27-66-120-95-76-136-56-48-131-192-157-58-10-81-170-47-73-16-57-176-107-29-137-38-64-103-74-69-181-78-37-36-130-153-79-161-190-31-145-160-28-108-180-87-114-59-45-146-127-63-194-140-151-21-43-188-55-61-24-138-118-44-143-94-83-149-105-32-135-84-183-0-168-54-104-142-86-1-134-50-52-166-98-82-25-33-167-197-173-159"
46,219015,100,170235,389250,0,"17-102-76-25-196-7-41-112-29-134-86-40-164-65-47-96-144-52-199-156-22-168-184-94-173-159-50-63-158-151-180-116-185-169-69-9-48-14-129-28-162-137-193-105-71-124-30-82-98-128-121-42-122-64-61-18-5-95-141-172-181-148-35-140-113-136-77-190-114-54-179-34-189-85-138-101-115-195-183-132-92-88-186-8-15-59-123-80-153-49-111-38-72-21-4-83-147-84-188-24"
47,210456,100,161795,372251,0,"141-107-135-143-164-95-20-149-92-70-168-61-191-194-24-1-103-2-47-190-64-18-19-139-93-36-50-156-7-142-96-122-125-170-187-60-63-120-127-188-35-89-67-69-41-145-8-48-65-23-110-177-57-147-85-193-79-180-15-51-104-91-17-144-136-185-128-126-192-109-38-44-73-9-163-195-78-27-39-153-26-45-182-25-5-196-123-59-76-154-82-112-66-140-183-105-119-13-150-6"
48,208245,100,160551,368796,0,"124-60-21-92-182-10-160-131-104-174-98-157-47-191-63-56-179-125-99-2-32-123-151-78-110-103-48-162-147-167-38-97-36-161-41-195-33-45-15-11-25-35-163-105-190-22-59-83-137-12-158-145-73-77-135-43-69-64-142-85-8-54-100-44-95-90-194-3-75-34-55-117-86-181-16-118-188-184-106-114-1-159-143-74-31-113-170-148-183-17-164-87-51-4-5-186-146-96-130-120"
49,200316,100,151248,351564,0,"119-33-76-52-2-126-35-148-161-34-197-195-162-64-198-71-25-36-10-157-128-140-99-103-107-105-1-182-32-196-190-122-18-46-187-53-4-188-120-178-110-145-179-91-124-171-45-56-95-86-65-16-125-191-177-90-127-100-13-130-20-174-97-55-170-165-169-154-80-146-12-134-66-6-54-38-14-111-28-116-149-88-121-9-109-79-147-62-29-104-118-19-7-184-136-5-68-23-144-74"
50,217709,100,169785,387494,0,"198-70-163-38-89-25-77-156-146-7-144-177-22-110-137-2-104-53-176-120-103-178-107-125-141-6-102-16-99-133-42-136-68-190-151-74-109-183-32-150-52-175-192-111-4-100-30-64-140-171-58-1-18-170-112-142-118-23-189-168-152-165-65-78-182-98-154-113-63-19-80-34-5-135-39-62-47-85-164-31-180-71-43-12-138-82-11-194-97-55-197-172-96-21-54-148-116-57-15-90"
51,198865,100,150311,349176,0,"105-5-149-67-10-28-152-70-109-11-6-56-74-169-139-43-27-120-3-159-185-174-121-16-42-68-140-61-164-167-194-85-108-195-76-23-81-116-150-72-78-136-142-172-171-141-183-14-2-166-86-192-37-104-17-147-38-34-186-92-131-21-9-44-63-188-29-127-124-80-126-57-135-69-130-51-19-106-15-33-176-22-132-119-79-47-111-25-197-88-129-49-191-82-100-45-160-73-59-13"
52,208048,100,156170,364218,0,"67-188-109-181-40-43-120-48-122-174-94-9-84-152-156-99-32-82-139-44-199-2-107-159-51-71-26-140-195-47-59-116-74-4-54-114-157-58-142-102-45-182-30-11-86-184-138-192-170-134-87-3-117-191-153-160-8-126-88-35-20-31-85-6-68-193-65-96-144-136-79-176-128-196-130-111-19-1-125-106-162-150-168-15-7-101-64-185-81-34-75-37-61-42-49-171-124-175-83-39"
53,206792,100,160708,367500,0,"144-147-116-170-175-15-191-187-58-23-43-20-122-79-26-9-106-34-44-193-5-4-146-108-173-75-128-178-81-72-38-60-3-100-25-190-162-40-153-103-183-132-86-97-95-94-12-63-39-137-0-161-1-50-70-87-154-149-49-30-181-10-102-166-54-107-177-78-112-69-64-194-119-14-155-195-31-121-130-93-29-141-148-113-62-89-192-168-118-53-171-7-156-111-138-46-84-152-125-129"
54,225695,100,178085,403780,1,"14-101-3-87-12-39-158-94-97-112-99-155-5-17-106-34-57-51-148-199-77-161-166-29-133-65-60-81-8-190-128-172-93-38-136-142-174-196-184-131-127-162-163-56-195-176-152-138-54-83-84-159-182-92-90-119-37-124-7-45-117-147-41-135-121-149-120-61-1-114-32-146-169-186-80-103-189-73-66-72-55-168-171-85-43-30-82-52-197-20-13-137-98-164-194-22-185-78-154-132"
55,207213,100,159496,366709,0,"160-119-5-150-121-18-195-3-180-92-51-139-36-138-77-20-2-69-114-164-6-93-162-190-173-25-191-24-110-91-80-179-61-76-115-120-188-4-43-22-142-1-157-58-135-100-154-128-7-98-52-21-27-133-105-141-67-127-111-161-148-199-175-73-99-155-147-53-0-107-71-89-197-42-178-113-12-37-177-131-63-132-167-90-168-106-123-8-54-122-196-64-97-72-169-40-88-11-56-60"
56,230894,100,180838,411732,0,"88-130-106-85-62-187-192-180-159-55-61-164-135-140-32-56-6-73-152-108-131-28-39-190-31-89-92-120-75-70-196-141-110-58-129-146-158-154-90-60-37-80-65-107-81-127-78-101-151-185-136-172-87-7-126-149-186-52-113-178-170-45-167-71-134-83-104-102-5-117-195-93-162-194-94-26-50-155-165-72-43-198-47-13-19-161-109-115-95-15-35-147-14-175-144-34-38-122-139-173"
57,211819,100,156440,368259,0,"53-112-172-102-108-132-138-25-125-152-44-103-123-32-64-157-163-174-186-195-182-96-128-118-58-61-60-106-180-12-49-167-5-57-46-2-99-66-115-121-139-168-55-181-143-94-74-119-82-16-158-91-110-97-39-150-142-129-155-9-34-24-33-175-173-144-199-131-69-0-162-159-75-28-40-154-3-105-14-192-170-37-13-122-10-134-22-169-92-73-197-120-21-4-65-171-36-31-130-29"
58,207921,100,154531,362452,0,"2-26-154-4-121-95-20-34-41-166-90-53-128-199-87-180-151-179-10-64-69-104-134-152-112-119-135-153-25-14-88-147-196-32-165-113-155-163-129-131-120-144-145-124-17-176-67-12-115-108-100-178-46-186-77-161-52-117-141-103-55-8-164-58-114-59-171-97-50-22-174-118-79-75-149-158-116-33-102-19-28-183-57-185-123-18-146-45-21-101-37-7-5-157-190-65-107-74-72-43"
59,212859,100,165058,377917,0,"13-42-16-75-112-21-80-153-147-100-130-99-5-44-196-53-182-187-158-193-19-148-34-144-82-163-103-3-159-24-170-198-104-29-107-141-110-46-131-185-9-52-11-140-186-175-121-120-138-74-105-51-151-152-91-30-126-60-32-1-155-136-84-117-167-191-96-113-129-149-142-8-86-40-116-41-146-183-6-115-192-135-7-61-45-143-65-12-133-85-97-184-59-162-89-145-114-102-47-62"
60,228083,100,176008,404091,0,"86-0-122-66-196-128-90-157-85-94-42-103-27-2-19-56-161-118-189-133-171-197-105-23-151-178-98-68-149-76-126-130-64-71-182-195-28-81-51-83-124-62-144-32-35-87-95-176-150-70-57-141-106-43-198-138-82-199-12-186-100-40-156-69-80-155-7-163-101-52-172-167-123-93-72-46-147-59-45-5-142-129-185-73-53-89-136-97-31-47-102-132-145-190-181-54-184-20-158-111"
61,208901,100,159607,368508,0,"121-15-136-179-6-19-171-159-95-110-109-151-48-140-184-53-23-54-2-188-150-128-1-119-144-114-118-55-103-34-87-138-73-133-115-149-146-51-197-113-96-166-124-21-98-182-169-83-91-137-33-68-27-81-77-66-65-85-186-189-47-104-12-10-86-16-127-64-198-63-178-32-139-131-117-190-129-74-42-41-154-46-30-22-172-90-69-173-181-44-161-176-106-38-62-75-94-148-134-132"
62,217469,100,165897,383366,0,"27-50-178-41-98-118-42-80-12-143-76-22-104-91-129-151-44-26-152-68-23-54-113-184-105-81-88-112-133-58-127-7-150-165-183-84-193-111-3-59-10-130-156-35-45-126-136-116-142-191-145-72-123-49-19-75-170-179-120-197-38-161-51-181-167-139-158-185-163-62-101-128-162-199-137-172-46-121-110-47-60-65-189-77-55-175-141-117-166-135-15-146-149-187-109-108-168-147-56-159"
63,214933,100,165917,380850,0,"4-183-64-77-32-169-122-43-36-141-8-74-107-76-146-118-96-19-175-6-154-60-18-59-67-116-120-130-171-65-187-0-45-110-196-38-139-194-26-197-72-104-37-165-124-80-51-14-143-157-101-106-86-24-129-23-108-151-81-147-163-111-71-27-15-11-184-191-50-125-52-94-17-180-127-178-176-144-145-159-156-170-174-53-199-92-128-168-100-177-63-58-133-28-131-193-140-138-40-54"
64,204414,100,155643,360057,0,"62-144-155-37-41-31-7-54-118-160-86-186-151-57-36-12-133-69-128-59-145-120-138-131-45-61-23-15-168-194-192-49-64-185-174-182-11-48-91-172-115-137-0-176-132-173-81-129-130-94-139-197-5-72-79-121-63-122-114-119-135-163-89-65-84-47-83-161-29-162-159-110-17-187-13-127-53-78-104-25-100-97-60-10-73-147-38-154-109-4-143-108-68-153-199-32-105-111-2-169"
65,199931,100,150658,350589,0,"184-103-152-78-71-163-154-180-194-63-31-148-18-107-26-195-80-190-65-67-35-147-8-183-9-120-139-168-115-50-1-30-52-60-100-17-29-122-76-99-79-49-84-12-90-112-156-11-10-126-181-62-44-117-161-74-38-121-155-196-77-23-58-69-22-146-109-166-114-116-46-157-33-197-162-189-59-88-175-145-28-81-104-142-129-187-13-0-56-19-198-36-167-130-93-75-92-165-91-159"
66,208979,100,160260,369239,0,"189-188-75-23-69-29-45-8-34-181-20-27-142-131-194-31-71-0-1-49-116-50-104-5-168-125-7-183-47-67-40-185-130-148-90-158-156-105-87-33-16-25-196-17-133-180-186-32-79-19-121-108-48-30-107-173-46-83-163-39-193-58-3-6-63-111-190-167-137-164-82-43-127-138-74-61-100-4-197-114-11-42-81-119-128-184-80-53-177-96-41-2-136-55-169-115-165-109-91-166"
67,219178,100,171032,390210,0,"185-86-122-88-92-193-83-115-15-145-105-109-124-85-138-10-157-166-114-47-42-20-77-156-169-27-187-191-93-5-170-154-82-70-112-135-89-7-162-106-102-96-159-76-198-35-13-53-183-132-68-196-26-50-21-59-99-158-107-116-120-190-173-43-127-16-80-32-45-56-90-184-161-66-144-175-71-78-197-113-11-152-100-123-126-188-178-177-101-46-134-179-108-160-63-136-25-9-52-137"
68,203530,100,154308,357838,0,"26-21-119-195-149-38-9-193-77-186-172-89-112-35-176-161-167-74-69-133-126-42-110-14-87-146-184-2-25-162-121-100-63-111-41-83-30-102-33-132-134-178-177-76-191-173-23-66-166-32-118-62-140-88-11-115-39-117-107-131-46-136-18-1-135-171-27-52-92-49-3-169-147-86-181-16-153-194-48-190-179-160-71-137-189-61-120-152-94-91-164-156-24-68-109-29-73-170-7-20"
69,231049,100,180094,411143,1,"154-103-114-190-76-24-22-143-177-110-58-88-147-130-193-98-25-90-85-171-75-163-182-43-4-37-167-54-191-3-187-30-107-142-47-94-112-83-115-174-23-105-124-158-166-195-26-194-148-113-102-172-2-175-0-35-150-5-66-44-64-185-157-62-13-134-48-50-179-108-17-55-74-173-197-128-18-69-178-29-145-79-19-100-82-137-7-135-127-15-180-84-196-131-77-42-32-93-63-40"
70,221337,100,172341,393678,0,"178-37-159-78-118-61-22-67-111-75-85-161-130-49-72-44-140-146-144-121-47-153-93-88-102-119-171-25-82-108-109-172-103-138-135-180-56-145-162-98-194-23-39-26-83-99-77-124-94-32-10-164-68-133-170-179-74-136-86-16-60-38-52-132-33-80-6-147-63-155-191-168-36-107-19-181-3-30-122-150-70-46-188-55-196-176-195-29-183-92-192-18-59-31-50-43-41-2-66-149"
71,216707,100,164888,381595,0,"195-81-45-74-142-169-9-188-181-115-125-28-92-63-182-174-144-122-172-75-177-171-120-151-29-143-145-162-47-25-57-95-153-15-112-55-16-49-199-32-119-14-93-6-98-163-165-134-4-196-7-20-111-191-59-186-166-160-66-187-60-126-30-44-158-27-69-48-72-139-140-35-54-46-91-62-61-71-168-175-2-164-173-43-13-67-129-73-64-113-141-39-83-156-19-149-131-193-107-65"
72,211666,100,163549,375215,0,"88-188-95-81-104-62-30-130-169-65-162-193-22-143-129-118-116-35-125-66-18-179-132-61-39-153-177-68-189-159-25-96-8-126-112-146-85-167-92-76-78-59-5-80-4-28-42-187-180-97-119-93-99-137-114-185-79-9-105-131-77-127-82-168-19-144-161-87-47-44-36-172-147-101-128-150-94-152-86-71-142-60-58-40-64-74-49-160-139-106-170-1-98-134-190-15-174-151-63-13"
73,216017,100,166965,382982,0,"82-65-184-159-110-136-176-179-98-194-183-5-116-83-153-126-134-123-127-139-172-39-26-36-54-24-132-61-42-79-6-165-106-15-12-8-81-48-66-146-14-21-13-114-92-35-28-177-130-187-151-71-22-19-122-23-47-102-10-30-113-31-112-100-57-59-78-180-162-175-185-33-199-192-149-133-37-118-29-16-89-178-169-43-51-88-73-104-34-11-195-140-56-101-63-93-160-67-171-91"
74,226160,100,175531,401691,0,"137-37-162-88-44-0-51-130-107-140-195-187-118-46-142-105-119-69-7-63-109-78-36-150-131-184-178-85-156-112-57-166-121-164-101-49-41-122-2-31-23-42-144-33-64-103-92-73-154-133-94-89-86-93-1-30-197-108-151-99-17-97-87-149-59-9-67-114-145-141-188-100-19-15-129-47-84-182-40-43-29-98-80-22-124-191-66-183-38-3-90-172-193-52-168-65-152-53-28-171"
75,216710,100,161949,378659,0,"32-110-65-162-92-74-167-182-106-10-19-105-47-183-131-24-165-170-54-112-132-150-133-125-140-151-26-50-83-157-14-58-153-38-57-190-73-43-9-51-52-33-159-37-94-48-59-158-143-8-61-29-39-41-62-67-82-44-130-199-123-184-66-45-79-97-188-2-91-181-174-122-36-96-129-194-70-154-191-189-115-148-23-88-7-113-109-53-149-193-152-28-30-128-104-168-31-76-179-68"
76,197909,100,148318,346227,0,"144-35-40-171-80-67-66-53-78-68-9-114-20-97-45-24-153-41-140-107-163-49-32-1-110-89-164-56-65-100-146-28-99-37-196-38-42-92-8-192-168-103-52-43-181-199-139-75-22-16-112-111-98-135-14-39-33-126-71-102-25-54-172-104-183-115-147-109-62-85-83-175-138-61-46-131-18-51-72-185-50-31-5-118-128-176-161-88-122-182-157-3-69-15-133-197-117-48-60-86"
77,207629,100,158492,366121,0,"27-132-185-61-105-90-178-60-102-112-9-3-82-59-126-131-125-80-96-192-26-44-172-88-1-182-117-156-141-181-95-152-134-4-42-19-165-142-197-116-29-67-10-71-190-57-7-140-14-155-179-24-51-86-151-170-171-110-118-195-169-49-163-173-38-93-137-22-150-109-166-100-13-119-34-18-46-122-89-12-123-23-84-111-198-63-187-41-0-21-136-157-175-8-113-64-159-189-188-193"
78,219534,100,170696,390230,0,"174-117-112-138-111-84-47-97-132-76-168-94-3-90-158-39-78-71-96-65-42-160-194-30-166-83-165-19-57-20-142-22-189-134-67-63-190-133-172-74-12-11-4-151-137-92-28-64-40-191-69-75-116-108-129-16-0-182-33-102-95-34-31-106-125-184-37-72-6-131-122-36-56-41-86-187-23-141-176-118-54-195-180-87-150-81-5-25-135-53-178-149-68-152-153-46-2-61-157-146"
79,214783,100,167674,382457,0,"163-151-169-65-23-46-101-78-73-98-187-111-32-106-130-188-62-182-97-116-54-146-52-87-185-160-119-0-173-45-88-21-85-22-176-50-126-145-18-29-174-117-9-134-144-61-107-155-1-82-142-44-168-167-197-153-3-194-76-68-69-198-170-103-16-95-191-113-28-41-72-105-96-25-157-140-166-195-63-109-42-147-7-80-152-114-162-120-132-137-190-177-84-164-127-57-149-14-136-128"
80,211854,100,158535,370389,0,"152-107-96-95-84-29-142-110-127-194-78-48-140-10-7-85-122-182-97-43-30-17-25-4-6-112-50-177-116-52-94-171-20-82-93-145-54-188-40-120-105-180-137-113-49-81-150-80-89-174-3-77-173-117-181-72-128-19-104-118-134-198-102-69-98-53-179-164-119-76-192-11-108-92-13-44-193-162-178-131-14-106-141-158-71-35-159-103-45-163-189-197-5-66-88-27-37-46-87-2"
81,200288,100,148154,348442,0,"75-88-179-12-92-136-121-24-21-58-145-196-169-123-109-137-120-182-51-61-3-126-37-40-73-193-165-153-85-177-111-80-132-161-127-34-39-68-195-46-149-198-173-32-103-106-192-65-96-160-131-50-163-148-56-174-83-6-7-115-95-100-15-60-157-36-94-110-35-89-76-47-199-72-101-184-28-93-185-70-143-27-78-62-69-164-178-162-9-84-79-175-197-17-30-13-142-97-43-189"
82,225273,100,177852,403125,0,"187-195-77-190-112-57-113-22-196-185-171-33-56-105-67-135-75-126-178-198-69-108-9-49-192-0-37-91-79-32-101-123-65-173-8-140-124-51-43-83-35-20-164-163-48-117-130-73-147-60-161-136-46-93-125-36-144-53-118-159-23-133-182-86-128-148-189-95-29-111-10-11-142-89-63-127-166-120-72-183-194-134-199-122-15-151-4-27-104-1-169-88-82-55-96-74-143-97-66-61"
83,226071,100,177655,403726,0,"72-97-121-80-122-172-43-51-88-75-53-130-140-69-144-42-149-173-196-150-57-126-61-96-183-8-148-78-145-36-63-18-142-60-176-197-14-25-164-9-143-118-11-119-15-160-127-87-16-10-74-194-17-29-153-55-188-19-41-101-111-82-102-191-21-27-169-193-137-91-132-40-186-46-128-124-92-99-146-71-6-155-32-94-168-64-152-50-120-85-48-47-114-184-187-100-158-157-134-22"
84,219807,100,170809,390616,0,"62-95-156-113-9-85-20-192-133-170-153-26-99-181-19-80-4-13-55-24-52-71-0-173-30-163-44-160-107-196-41-119-7-117-176-179-115-148-164-143-198-92-50-66-79-57-35-54-177-142-158-136-46-6-58-141-132-56-25-189-183-2-34-108-127-190-195-64-21-86-22-5-135-126-61-29-60-17-33-193-112-171-185-83-28-47-73-149-162-186-48-32-98-97-88-187-78-16-14-139"
85,214659,100,166451,381110,0,"25-103-99-172-32-38-145-90-65-196-26-48-192-132-77-111-98-91-40-139-114-8-136-73-109-152-186-174-16-122-14-30-52-169-96-9-24-80-82-167-58-198-187-156-93-117-13-56-88-62-179-133-83-182-153-0-12-54-121-124-128-180-127-102-146-184-37-86-106-41-135-112-119-95-130-120-116-104-148-2-57-164-143-60-75-15-160-69-39-72-140-137-197-35-66-100-141-10-21-177"
86,212034,100,165070,377104,0,"196-87-153-35-183-44-168-133-177-3-68-62-132-170-11-130-40-63-10-27-80-186-84-102-85-14-119-110-150-90-103-175-39-95-100-69-24-115-159-93-101-72-64-190-66-160-47-32-82-135-158-146-12-25-108-191-28-162-117-6-109-86-169-0-152-182-70-99-59-172-166-154-42-147-60-139-120-180-51-21-199-78-151-188-33-56-43-145-121-157-178-107-23-97-189-55-143-17-156-185"
87,203459,100,154666,358125,0,"82-195-73-108-132-1-85-64-175-137-167-126-30-27-182-122-47-53-91-197-26-69-92-16-34-151-63-29-113-159-59-10-136-13-80-148-168-155-107-120-18-101-142-15-166-95-84-194-31-89-22-138-183-104-192-54-20-161-65-74-39-46-172-143-49-52-160-157-97-141-106-186-129-70-121-150-3-96-11-111-51-87-162-127-57-180-185-25-165-110-56-6-24-19-114-79-118-198-139-131"
88,204275,100,154291,358566,0,"38-27-150-183-104-114-61-136-0-1-130-85-191-117-102-70-98-143-34-135-56-54-122-90-185-162-133-44-86-79-125-169-28-152-29-10-67-197-22-158-97-3-7-99-20-110-25-39-101-66-176-26-94-80-141-77-42-46-58-118-41-147-36-48-60-23-196-18-178-13-188-193-32-144-64-14-108-199-189-145-167-82-131-186-5-119-172-171-12-126-105-6-142-151-139-53-24-116-73-59"
89,217642,100,171331,388973,0,"169-105-144-92-162-88-140-86-192-20-157-138-103-38-56-60-130-115-55-167-90-155-98-122-177-89-184-73-149-84-50-33-28-121-34-126-197-16-131-31-100-57-25-52-186-182-15-152-19-85-22-120-82-35-196-70-153-125-198-42-64-59-80-81-179-13-187-45-129-133-141-95-166-66-29-180-118-27-112-172-41-163-164-106-91-199-78-185-36-107-83-58-76-114-183-21-65-1-32-160"
90,203398,100,152435,355833,0,"36-73-70-23-180-103-72-172-55-195-142-160-154-114-28-56-99-188-30-136-138-126-13-175-171-140-61-100-9-32-2-65-107-169-66-148-115-21-144-177-91-4-176-92-145-192-129-113-7-111-8-159-53-181-166-59-152-131-84-158-186-162-105-117-3-52-41-37-60-20-71-153-170-157-15-40-189-164-77-118-58-17-143-130-112-51-0-64-184-46-45-165-78-12-83-146-122-44-34-116"
91,205060,100,158168,363228,0,"26-7-182-85-155-63-113-61-148-80-107-33-69-49-116-193-13-1-100-171-64-183-105-162-156-190-5-135-14-157-149-132-123-40-50-139-8-150-103-112-0-81-76-2-35-21-11-122-6-95-170-79-67-121-138-185-70-177-153-18-108-96-45-32-129-189-187-73-89-65-158-12-42-104-51-48-197-172-160-128-52-176-92-181-195-163-58-166-114-90-191-109-111-88-28-31-74-66-9-15"
92,215429,100,166521,381950,0,"191-140-158-35-68-71-16-92-91-111-83-21-23-161-41-113-51-49-24-153-185-120-199-168-100-5-84-27-151-85-128-33-58-141-126-156-43-133-94-3-137-184-14-78-63-123-15-188-121-89-97-31-70-7-112-189-30-183-154-102-119-169-117-152-8-182-150-0-176-136-34-93-103-135-77-163-105-47-39-11-172-74-79-167-174-145-56-6-38-13-181-160-12-19-132-75-59-65-164-99"
93,222233,100,169993,392226,1,"48-65-189-98-7-199-132-192-60-124-15-41-128-133-137-92-105-166-35-107-188-187-76-23-2-148-5-64-173-145-6-114-106-197-129-113-190-79-49-100-26-40-38-91-157-136-63-93-164-154-88-75-11-17-31-85-140-181-168-45-131-169-178-158-153-151-195-0-25-27-125-12-97-115-46-44-28-82-21-61-101-134-130-172-42-102-116-94-52-77-53-69-37-110-3-57-167-33-152-191"
94,210364,100,165327,375691,0,"161-51-172-33-20-110-45-99-64-1-6-195-47-97-188-126-187-68-181-174-63-132-82-5-109-158-189-92-95-171-106-104-127-101-87-159-86-128-150-144-147-120-67-103-21-131-198-141-25-136-62-59-30-186-98-183-122-192-114-34-12-13-156-27-56-193-111-190-17-163-39-179-154-50-7-40-137-112-71-166-107-194-55-0-60-130-105-117-83-155-84-124-29-148-133-70-94-175-134-26"
95,207297,100,158222,365519,0,"146-25-107-82-124-193-136-153-144-106-150-133-120-1-40-65-72-125-2-70-29-148-93-126-147-60-145-170-79-164-189-168-53-81-151-174-20-141-5-35-19-51-32-88-46-103-90-67-66-108-185-199-130-194-94-197-171-4-95-91-33-192-75-6-12-21-26-173-165-14-175-152-143-83-73-186-155-28-15-31-62-127-38-102-180-87-129-181-105-0-23-116-122-7-89-61-161-85-162-50"
96,228073,100,180023,408096,0,"109-172-159-197-168-54-66-157-98-137-179-39-56-88-136-115-129-7-148-5-121-63-42-125-105-191-38-55-19-84-150-53-162-40-141-73-22-79-154-86-178-21-155-151-77-82-23-158-67-117-91-76-31-2-100-139-107-89-96-37-143-106-135-113-33-34-57-102-133-35-71-26-78-176-25-72-144-152-10-149-186-126-69-101-6-142-198-140-99-114-177-60-81-123-75-119-153-188-80-185"
97,216367,100,165907,382274,0,"87-105-164-93-118-175-128-39-27-167-112-100-159-114-149-123-163-21-74-184-80-83-75-61-1-106-85-133-5-136-143-48-144-142-11-9-107-113-131-120-166-145-38-40-54-129-26-66-115-69-79-182-15-171-195-151-176-97-62-95-53-23-67-31-32-153-88-65-191-18-138-177-197-156-173-13-116-189-7-132-179-25-185-170-192-194-158-33-161-96-84-45-0-90-140-10-22-98-6-178"
98,212118,100,162655,374773,0,"5-33-74-145-140-171-23-118-56-67-150-175-192-21-104-117-46-121-30-177-27-130-196-85-31-17-173-7-6-101-22-47-160-181-44-124-120-19-18-166-97-40-113-115-35-188-107-64-193-152-29-102-169-176-125-62-149-75-2-66-28-93-148-183-69-185-142-0-139-99-83-129-116-197-80-25-123-76-50-10-190-106-157-87-63-14-1-132-199-180-3-154-92-32-138-58-164-114-57-198"
99,220917,100,169801,390718,0,"164-37-123-152-49-29-44-17-131-161-6-70-111-142-154-125-54-5-9-122-7-16-22-46-109-83-27-172-108-97-51-14-2-76-58-94-72-40-193-133-64-137-196-69-57-143-45-187-113-103-151-74-79-105-62-4-93-175-157-47-177-155-195-119-183-156-38-176-120-89-167-18-71-191-114-117-96-11-128-68-199-166-173-171-66-116-188-145-78-95-179-168-21-162-91-197-150-85-141-32"
100,220080,100,169307,389387,0,"6-85-127-185-87-91-150-109-44-58-173-62-139-42-147-112-181-193-176-37-40-138-164-55-168-16-182-197-106-65-154-47-125-50-75-196-52-25-192-95-80-149-36-61-23-2-103-26-38-184-117-131-114-72-195-33-19-155-81-41-59-94-84-126-120-143-137-12-21-54-102-190-151-8-180-71-43-136-79-188-135-157-17-144-98-89-161-189-5-198-171-66-105-9-172-175-100-134-49-133"
101,209027,100,162428,371455,0,"181-140-12-31-84-91-36-54-182-133-29-180-185-154-82-77-33-17-87-113-7-191-174-4-53-47-183-192-193-176-34-86-13-69-46-172-100-60-0-102-64-187-1-59-38-55-188-39-131-196-45-92-186-81-96-93-149-72-89-5-43-145-41-161-25-88-134-15-112-104-118-61-52-8-109-115-111-127-27-24-146-2-51-135-70-179-155-153-165-130-147-124-48-166-42-79-138-122-30-80"
102,219344,100,170218,389562,0,"144-169-74-187-36-145-142-42-193-148-61-96-57-93-107-158-113-27-80-115-3-22-56-24-103-151-141-25-39-81-194-197-185-38-9-88-85-133-134-161-11-70-166-49-64-150-116-195-43-191-119-32-98-35-17-51-143-126-34-109-6-154-50-127-21-86-41-132-183-135-78-128-90-149-168-123-159-184-26-0-37-156-167-146-94-65-163-117-52-77-100-63-182-1-120-59-186-30-72-196"
103,223092,100,170681,393773,0,"139-121-77-91-27-184-97-133-93-29-175-56-96-158-130-50-171-167-87-46-138-9-20-49-54-106-150-147-8-195-144-74-76-10-156-120-161-118-126-79-67-170-105-89-78-13-12-62-125-164-55-137-1-23-190-173-59-51-188-31-149-100-198-192-136-66-127-32-37-71-34-183-123-109-84-117-102-14-104-155-157-44-22-151-115-73-21-187-169-148-145-95-68-81-99-180-159-30-92-75"
104,211051,100,159067,370118,0,"149-161-3-139-23-93-137-49-87-57-173-35-144-45-196-113-36-34-105-6-116-172-38-39-53-179-158-65-94-195-145-26-188-61-114-41-127-163-90-185-18-180-63-184-119-4-129-15-193-157-14-152-55-50-104-59-75-175-128-169-69-159-155-19-91-7-12-187-131-99-98-37-125-67-82-117-8-171-88-80-130-191-96-24-95-154-60-126-178-17-68-110-89-103-16-141-134-48-74-78"
105,208451,100,160748,369199,0,"131-158-166-175-20-168-35-186-161-84-115-52-182-170-85-136-105-113-129-57-139-34-148-137-78-47-18-114-126-187-83-146-40-91-30-96-100-65-172-5-95-25-64-116-51-26-125-10-173-112-194-54-157-104-81-124-117-28-98-132-60-99-62-9-67-190-176-79-164-171-192-179-198-53-80-55-75-188-154-160-167-14-77-8-111-82-0-63-185-149-13-181-43-101-94-23-191-24-122-19"
106,200084,100,151578,351662,0,"32-94-34-25-43-19-193-137-107-147-125-131-163-97-102-0-52-38-100-104-6-44-51-178-39-189-20-159-91-153-73-71-127-113-192-126-87-101-57-84-62-160-13-3-105-177-88-166-2-138-78-190-143-46-181-86-79-47-96-95-121-82-109-157-128-129-41-117-54-191-172-185-22-132-120-14-15-114-176-29-85-111-116-68-122-36-76-196-21-16-45-81-170-61-199-17-7-42-130-118"
107,227383,100,177906,405289,0,"195-120-108-194-40-199-196-163-5-74-3-32-144-1-187-88-139-148-132-73-102-186-57-153-100-94-36-13-136-101-10-182-8-152-122-63-7-154-39-47-65-48-99-22-2-37-172-157-160-29-15-52-23-170-184-175-181-42-44-89-169-83-87-115-67-140-147-192-62-72-50-25-167-141-53-180-125-35-76-56-92-27-155-9-117-71-54-150-191-30-20-81-95-21-34-90-178-60-28-127"
108,208709,100,159582,368291,0,"115-186-12-62-21-18-9-24-185-134-179-58-61-146-37-59-98-140-50-173-46-127-187-84-177-56-189-188-139-132-45-55-34-82-117-85-141-105-27-13-94-6-195-75-167-0-144-88-40-10-120-152-91-79-83-2-39-17-107-176-111-1-155-147-28-70-68-69-15-43-14-137-197-52-133-199-196-123-108-174-110-38-86-35-175-97-153-198-145-138-72-3-16-74-193-100-101-20-171-36"
109,207475,100,161042,368517,0,"189-89-10-30-141-147-106-173-174-178-143-24-126-18-26-185-136-132-47-44-90-107-135-60-78-50-4-160-73-1-191-133-161-53-29-181-111-119-188-48-171-145-20-98-169-129-82-56-14-163-72-83-127-92-63-70-94-36-87-80-114-5-7-195-137-109-64-122-41-140-81-49-43-116-16-186-32-91-121-112-86-155-88-108-157-42-168-194-58-77-97-159-28-198-175-117-156-180-131-2"
110,209474,100,158488,367962,0,"150-92-60-143-182-41-196-102-23-44-126-55-83-96-154-4-156-128-152-97-161-11-151-147-165-137-140-168-109-9-88-28-98-8-119-148-127-46-141-78-24-171-80-34-13-77-30-166-62-35-40-146-195-70-89-87-20-48-124-27-37-179-72-192-51-198-115-54-68-17-117-10-67-167-159-64-188-81-101-110-113-174-193-1-181-183-118-142-100-75-53-189-106-123-175-15-120-108-178-160"
111,224469,100,178476,402945,0,"106-196-148-100-81-49-22-124-16-10-182-54-117-170-96-31-24-20-27-23-131-19-60-26-137-192-7-63-67-157-28-163-133-102-177-90-120-83-101-128-66-12-142-185-116-76-141-45-15-43-21-178-3-52-88-107-127-33-111-144-103-1-123-94-2-73-138-4-34-172-109-181-140-135-38-179-122-9-149-17-89-58-158-193-190-199-164-118-44-130-77-70-180-40-112-167-13-29-147-47"
112,207234,100,157613,364847,0,"37-81-112-190-189-117-174-64-67-39-166-63-159-70-152-158-106-193-183-11-73-15-25-160-45-52-198-139-95-138-135-99-161-83-142-182-87-60-55-50-104-146-157-69-154-128-114-122-57-76-125-164-36-92-51-173-118-48-194-115-90-30-155-165-188-177-91-42-35-140-171-101-8-129-24-80-196-16-31-124-109-53-72-85-169-29-7-145-44-71-150-34-96-175-100-131-187-41-105-108"
113,215740,100,165374,381114,0,"27-107-94-1-124-101-73-198-133-144-29-67-79-112-153-44-68-128-69-70-13-157-174-22-104-199-99-193-2-184-121-116-17-103-53-47-183-170-34-60-58-127-138-88-194-32-176-96-91-66-7-135-119-167-50-145-24-38-85-172-90-137-80-105-3-89-186-26-63-173-59-163-132-197-46-95-28-65-188-131-43-30-11-165-191-20-82-195-74-196-102-190-6-72-149-160-158-21-155-76"
114,217603,100,159360,376963,0,"146-119-160-174-197-16-38-72-192-131-37-78-99-76-142-162-114-22-105-64-101-11-44-158-155-73-57-98-82-115-100-167-29-96-71-171-123-97-129-138-66-30-154-6-55-185-58-196-32-163-10-139-17-170-87-24-81-68-33-125-63-59-135-79-92-49-27-168-90-147-178-118-111-104-165-180-110-34-84-108-161-164-153-12-137-88-4-124-65-43-86-1-189-107-75-116-39-7-157-188"
115,213767,100,164076,377843,0,"156-62-37-150-177-174-36-38-96-48-153-81-116-190-146-64-59-185-168-40-149-20-134-84-34-29-19-68-69-132-109-14-144-52-80-157-18-16-67-158-194-50-105-73-106-72-8-2-165-98-31-23-85-173-32-161-33-74-61-182-163-127-65-120-63-199-191-103-147-3-5-55-135-151-192-113-184-145-95-126-172-87-108-114-118-89-130-141-83-196-26-49-25-162-124-6-99-170-56-93"
116,208073,100,152475,360548,0,"9-36-140-112-19-153-143-15-123-197-130-171-168-73-187-0-181-192-2-115-150-81-82-96-126-160-144-41-7-40-167-121-154-4-175-147-31-120-50-33-173-122-128-199-3-166-116-44-172-74-105-52-46-35-155-39-75-42-100-107-118-176-85-161-146-180-152-1-61-27-178-14-60-158-71-104-6-68-117-98-45-101-53-84-156-59-195-49-129-119-58-12-174-186-184-114-91-5-95-64"
117,196698,100,146413,343111,0,"102-10-150-44-26-186-81-93-23-72-53-141-121-75-15-35-152-161-133-128-31-99-62-58-25-37-91-90-108-156-78-149-163-65-12-101-84-112-182-13-124-71-181-74-155-8-183-60-160-6-68-131-164-1-137-97-98-41-170-189-175-33-135-56-103-95-174-178-38-67-119-143-134-105-9-36-89-106-59-113-165-110-4-29-46-158-146-116-142-3-64-148-57-63-145-187-21-2-11-100"
118,211961,100,165430,377391,0,"84-175-44-34-194-60-117-56-106-128-57-5-10-185-154-80-25-195-48-100-150-176-134-82-140-109-64-142-104-42-59-157-71-96-69-120-28-41-197-11-0-105-91-126-1-53-29-159-86-115-190-137-160-36-130-3-182-61-89-14-119-72-118-39-162-66-8-26-111-99-112-70-22-158-102-47-101-127-46-88-114-149-139-35-65-43-33-141-23-79-147-191-138-153-124-51-121-94-186-177"
119,197973,100,149362,347335,0,"102-14-27-167-86-193-0-150-133-96-44-173-159-161-21-182-57-160-2-140-97-184-132-185-108-142-79-64-148-174-134-11-94-28-111-8-199-191-187-85-115-154-170-120-35-69-43-67-6-5-82-141-163-109-4-36-192-90-92-56-106-116-126-127-95-10-165-196-80-119-123-61-59-176-130-70-77-144-121-48-55-54-131-25-30-74-124-41-99-139-18-23-68-155-164-9-195-181-113-175"
120,210708,100,154668,365376,0,"125-93-29-60-50-23-192-157-84-100-150-130-21-31-198-196-129-140-28-26-188-156-152-133-16-158-180-86-134-122-107-24-121-15-64-92-161-25-53-11-146-186-6-79-73-32-124-184-75-35-3-72-179-9-47-67-14-165-69-4-159-59-54-195-108-105-182-66-164-132-119-145-139-42-151-116-85-142-137-123-48-83-61-55-76-98-172-167-173-44-178-10-88-148-62-82-160-65-102-120"
121,228072,100,178653,406725,0,"6-41-126-63-150-128-71-69-133-67-4-61-152-88-31-78-72-167-21-109-24-22-33-19-84-165-11-129-47-192-82-191-185-23-183-91-52-32-29-18-137-168-166-79-111-170-26-190-130-177-163-80-38-96-53-125-81-2-54-151-44-46-136-48-124-13-198-153-42-59-5-140-179-108-178-68-193-181-158-7-196-122-172-70-173-197-17-135-149-45-131-16-94-144-117-174-101-95-127-40"
122,222113,100,174688,396801,0,"195-177-6-116-112-60-36-124-110-119-70-47-35-194-31-96-7-159-192-198-121-12-61-153-67-98-22-133-18-164-20-32-169-41-123-97-73-30-158-140-91-3-57-118-187-54-151-107-89-125-114-136-51-148-167-191-8-84-9-185-17-95-42-4-122-127-126-16-162-130-55-168-37-184-131-11-161-21-157-175-27-87-33-101-111-190-128-139-26-5-2-196-155-145-143-137-72-99-181-44"
123,208328,100,159185,367513,0,"75-106-174-40-45-46-132-118-121-57-151-1-56-198-186-66-100-171-84-145-130-165-199-22-140-168-155-185-27-41-170-119-195-85-8-71-127-115-96-136-116-88-63-191-120-98-55-38-139-62-189-2-37-36-26-167-80-143-39-30-16-50-108-6-166-21-107-158-33-137-103-53-70-169-18-122-89-160-97-14-179-101-153-126-102-175-42-34-190-123-194-76-94-10-95-43-7-147-59-162"
124,215271,100,162309,377580,0,"83-22-50-54-124-49-87-127-31-18-187-156-30-167-61-180-80-139-129-32-17-115-114-76-62-34-135-15-164-26-13-137-120-84-184-161-63-85-41-122-185-19-111-173-171-157-190-144-186-53-14-152-90-132-56-151-51-169-182-33-128-112-11-141-81-123-130-67-146-66-125-181-70-150-75-160-64-199-94-46-96-145-108-149-198-119-4-43-45-101-82-196-162-165-89-25-138-97-105-140"
125,214728,100,165181,379909,0,"165-6-163-86-2-26-113-7-48-77-142-58-126-27-10-171-139-16-5-61-122-23-1-136-42-103-120-15-57-172-123-55-152-108-199-84-66-138-124-132-151-94-149-104-192-72-69-38-164-125-155-83-169-65-73-148-13-91-167-43-40-71-114-29-156-47-53-131-35-173-93-106-111-158-59-186-70-68-121-34-115-100-110-85-196-184-128-33-137-185-127-60-0-118-188-17-133-116-105-195"
126,217411,100,168500,385911,0,"9-62-63-41-74-191-131-81-97-85-87-27-116-36-192-110-197-189-119-155-14-185-109-123-176-172-92-115-73-195-187-125-175-105-78-151-26-13-46-181-127-0-160-124-66-152-129-173-161-183-20-106-35-138-101-142-133-54-93-23-169-39-38-57-190-130-79-148-126-178-42-16-69-34-157-199-82-21-71-166-98-194-143-145-59-132-154-61-188-149-24-86-135-6-52-121-5-118-49-100"
127,232718,100,177696,410414,0,"112-50-30-105-9-95-42-68-130-121-20-196-172-4-139-161-2-114-28-26-154-179-6-170-133-94-79-38-41-31-165-92-148-162-149-40-43-74-181-90-47-191-167-106-128-93-144-185-184-84-27-195-65-177-137-53-120-129-102-113-116-126-0-145-19-69-83-22-55-7-119-81-91-34-176-58-14-183-24-166-173-37-175-164-49-52-96-143-107-17-122-100-171-57-198-136-108-46-39-159"
128,207081,100,160120,367201,2,"61-195-12-60-134-156-104-0-159-59-122-111-58-95-67-65-29-86-97-173-55-78-172-145-143-175-108-168-25-152-123-180-1-130-103-101-87-188-38-167-33-107-6-144-182-102-120-148-57-114-117-133-66-96-99-165-77-68-8-171-136-85-160-73-36-39-164-84-192-105-91-199-186-2-11-13-157-126-44-53-42-109-127-155-181-51-141-176-94-191-147-5-162-163-169-56-80-184-40-34"
129,205038,100,154666,359704,0,"4-77-114-37-160-165-38-5-186-129-95-123-82-74-153-164-131-0-192-180-155-22-176-106-92-138-10-169-124-46-49-104-91-56-23-196-98-134-9-117-15-149-199-25-195-102-141-157-197-142-68-17-61-110-119-177-175-40-115-140-143-170-96-69-146-105-103-42-63-66-67-13-122-154-151-30-36-50-135-121-190-178-1-111-29-70-116-133-174-34-109-65-112-71-83-45-28-53-167-32"
130,214037,100,161473,375510,0,"17-184-101-183-32-45-56-74-54-107-37-113-169-141-176-160-81-67-168-185-100-123-26-135-66-78-171-196-97-53-130-89-73-112-50-99-13-138-98-0-48-157-85-189-84-61-172-65-122-68-139-104-93-44-64-10-166-167-9-80-195-102-52-148-14-12-22-132-77-7-60-3-136-105-173-186-83-149-175-11-71-198-40-18-192-121-34-21-129-170-181-55-62-119-111-15-57-30-69-95"
131,210176,100,162801,372977,0,"66-172-62-180-134-189-88-99-166-7-60-42-132-41-185-67-140-145-190-28-123-30-74-193-59-175-169-29-24-106-102-64-135-194-89-198-103-96-148-130-184-128-199-58-77-51-10-63-90-157-179-83-129-159-61-113-187-93-137-37-75-149-31-107-160-151-11-142-163-191-52-167-6-27-48-158-87-85-124-173-100-92-162-131-117-3-171-97-125-133-115-54-188-197-33-119-13-40-138-143"
132,214765,100,165001,379766,0,"161-160-196-76-193-31-67-168-5-37-156-185-85-197-18-92-38-14-78-166-120-34-93-44-135-10-57-131-42-180-56-104-167-21-66-121-111-70-119-190-60-102-65-126-22-178-151-96-130-114-45-40-17-155-184-6-83-132-99-62-165-189-175-113-144-46-141-43-163-124-116-80-15-7-98-8-20-51-158-147-97-169-74-68-12-106-162-194-79-87-54-112-177-33-9-129-23-49-53-123"
133,204563,100,156280,360843,0,"139-164-24-4-146-197-8-19-60-151-84-169-96-90-9-13-155-77-6-105-191-113-159-179-129-5-175-109-3-41-118-27-147-104-38-36-45-44-184-142-14-2-46-160-185-150-25-23-87-62-170-154-145-50-143-126-135-89-15-83-163-137-176-74-199-88-81-26-114-18-48-178-133-194-39-10-108-67-43-58-107-35-166-69-11-86-31-123-80-148-16-196-21-20-64-131-54-130-158-134"
134,214017,100,163105,377122,0,"155-152-85-69-100-148-161-83-90-128-4-45-144-56-36-170-102-63-159-68-179-67-84-65-185-117-54-108-113-79-43-82-17-12-175-165-31-171-107-121-77-169-2-41-141-151-88-162-7-174-183-186-18-91-119-28-189-187-178-47-123-1-34-105-9-59-143-164-19-48-114-193-23-22-55-20-42-89-129-14-130-29-94-49-188-116-16-138-58-51-196-62-197-21-61-104-96-149-172-50"
135,208032,100,156364,364396,0,"189-75-64-103-179-3-145-125-15-34-68-107-199-73-11-97-50-9-159-5-143-0-37-63-29-119-123-28-142-49-170-165-117-151-129-99-88-198-48-72-31-95-93-66-176-135-197-181-160-87-183-182-60-140-23-101-144-108-36-118-153-154-193-40-105-186-30-196-148-19-168-55-174-94-137-150-138-61-7-14-158-90-10-62-52-180-16-171-114-85-54-136-84-2-111-122-67-38-69-32"
136,217404,100,169045,386449,0,"12-62-85-64-162-119-77-140-90-71-175-23-135-154-92-93-111-117-122-10-42-47-129-89-197-49-82-166-60-38-45-182-21-4-14-132-81-163-146-191-177-125-170-65-108-143-145-110-29-151-13-171-149-165-2-15-114-130-147-17-5-11-192-167-99-161-185-104-112-195-31-156-188-72-86-144-32-105-127-52-115-63-153-35-181-50-158-59-8-73-190-168-193-94-6-68-100-169-180-48"
137,210354,100,161863,372217,0,"132-149-43-184-103-135-111-160-180-68-61-77-34-175-124-97-136-108-193-109-73-128-24-126-46-183-76-22-3-66-119-138-13-44-14-53-67-71-16-8-145-39-194-45-26-146-199-161-125-86-104-35-96-78-84-113-29-89-92-116-15-177-139-165-57-95-127-21-115-64-190-143-40-49-158-168-10-5-150-20-72-157-154-134-98-25-7-4-171-107-110-50-117-195-121-36-6-17-185-172"
138,204106,100,154153,358259,0,"77-37-153-170-18-196-83-197-119-114-55-41-172-4-70-81-76-180-135-7-144-125-42-63-91-126-99-22-105-166-82-187-188-101-95-120-131-146-128-141-102-100-54-177-185-127-14-65-16-121-167-40-159-179-68-2-17-139-157-161-151-178-89-199-64-6-27-58-9-123-56-191-145-32-67-115-160-148-118-183-36-174-24-47-109-88-78-86-152-164-190-74-168-29-155-129-97-3-189-193"
139,211035,100,156678,367713,0,"83-15-101-77-105-144-56-132-154-111-174-194-108-191-28-124-199-167-146-74-162-19-112-140-117-37-2-4-68-141-107-120-49-178-195-32-14-17-12-47-22-66-0-36-72-123-48-91-125-35-90-127-137-88-151-159-3-113-126-39-185-106-11-44-104-50-181-179-38-96-196-54-145-164-94-81-52-155-157-69-170-33-118-84-43-45-180-148-97-85-26-7-134-184-23-131-59-149-24-60"
140,213111,100,163826,376937,0,"28-147-111-80-123-34-191-188-134-150-54-198-187-112-131-10-185-140-166-153-3-76-107-91-38-24-110-99-26-35-81-39-105-103-100-23-177-165-106-178-119-93-50-6-27-36-115-43-197-102-130-55-7-90-127-183-37-65-94-68-18-121-148-108-70-64-149-59-190-89-195-2-174-173-124-175-171-88-101-31-67-69-199-194-58-78-114-98-139-116-71-95-136-45-74-120-49-145-73-109"
141,220159,100,164845,385004,0,"101-13-7-8-121-142-116-30-102-60-53-178-92-173-196-73-37-69-54-74-38-83-151-66-40-103-58-158-148-49-146-39-126-12-48-199-52-165-79-36-46-65-108-159-78-71-104-63-136-96-28-42-77-138-171-51-179-187-55-82-95-131-110-147-1-191-133-169-123-93-192-157-27-29-67-86-45-129-76-155-137-43-44-198-180-163-24-195-68-16-125-117-50-4-21-140-160-72-156-97"
142,224108,100,174908,399016,0,"69-46-43-95-23-168-30-52-78-70-150-128-165-54-155-164-33-125-191-181-141-47-145-3-73-4-132-88-99-14-94-44-40-148-64-169-142-110-147-16-36-192-159-104-100-83-173-50-75-77-195-190-59-140-172-65-139-196-133-112-89-58-146-35-26-84-129-41-198-103-170-118-176-180-153-27-154-107-86-162-2-163-121-9-194-18-135-42-138-179-5-12-189-29-136-119-178-126-143-48"
143,214628,100,162404,377032,0,"38-182-144-53-78-7-169-133-39-16-167-139-89-192-95-36-92-76-124-110-99-73-128-50-198-166-109-0-94-45-160-159-35-172-69-134-106-122-195-72-64-80-116-100-85-191-129-175-177-184-158-42-199-84-71-32-162-151-27-111-135-12-105-1-47-150-103-83-8-126-180-24-13-143-178-75-48-130-14-37-93-114-54-120-15-107-81-171-186-187-179-117-63-52-28-56-21-46-70-189"
144,210761,100,163979,374740,0,"6-2-90-132-25-110-122-59-89-86-12-173-142-101-18-0-85-51-77-11-107-144-150-84-192-174-5-157-33-15-129-81-114-184-143-98-88-55-120-135-87-9-31-57-104-176-191-102-29-138-158-163-21-93-126-74-172-171-63-111-116-153-99-170-40-91-113-70-7-194-8-154-1-134-39-94-10-140-37-80-35-47-53-168-179-71-189-196-95-34-43-166-4-97-62-64-78-83-49-149"
145,207277,100,156767,364044,0,"140-84-156-22-126-1-177-152-100-138-34-168-99-86-172-124-110-41-58-68-184-102-42-64-97-24-18-186-55-60-14-192-136-147-66-91-164-54-109-130-106-155-163-193-48-142-17-63-89-150-107-115-80-76-75-78-157-111-169-10-6-105-8-25-182-27-181-95-129-112-93-119-104-162-69-189-125-62-114-40-5-179-44-195-160-98-38-108-26-191-33-92-2-159-167-51-39-158-166-81"
146,218334,100,168940,387274,0,"170-1-75-15-163-187-167-85-91-67-176-11-71-93-145-103-126-196-150-37-8-108-39-194-161-122-14-74-94-53-18-17-124-199-72-109-171-135-156-47-123-90-154-190-24-133-181-169-40-19-166-160-139-44-101-5-61-12-184-149-164-31-118-73-132-113-106-55-32-58-80-77-10-52-3-51-50-46-92-183-148-0-63-158-143-147-142-36-7-76-64-151-87-195-27-136-182-20-110-128"
147,233571,100,178799,412370,0,"57-26-102-66-166-48-41-53-181-21-44-189-114-150-31-20-94-182-98-157-1-42-194-174-96-184-179-92-130-109-80-173-113-13-30-14-68-25-170-122-59-90-79-139-87-197-176-110-62-16-134-105-125-111-124-101-24-106-100-37-155-172-104-112-39-28-145-46-156-56-38-138-119-36-76-88-120-97-191-137-27-49-58-4-160-127-17-55-188-121-7-164-167-51-128-108-91-65-64-67"
148,218818,100,167958,386776,0,"137-131-176-64-138-144-171-156-172-70-179-94-85-28-117-128-2-102-67-16-18-174-23-139-106-166-6-190-29-194-52-26-17-59-193-162-191-11-9-196-178-145-125-115-135-167-46-93-48-155-105-126-108-80-169-157-1-10-164-127-44-63-58-47-31-124-112-103-54-42-56-168-114-195-88-14-119-197-15-39-65-182-30-122-38-183-111-7-45-53-62-90-83-129-61-0-96-180-37-43"
149,229200,100,177453,406653,0,"137-31-111-77-23-109-101-26-54-33-86-10-102-49-191-0-84-105-142-158-155-98-95-37-63-97-89-62-38-154-188-118-114-161-80-24-75-182-181-1-150-93-18-165-167-124-126-43-110-152-113-57-11-190-61-119-145-88-169-52-59-107-196-171-91-46-15-157-116-149-56-32-71-199-192-112-72-108-129-73-79-187-160-131-127-78-172-40-76-100-35-82-133-53-180-193-166-48-170-3"
150,206174,100,158708,364882,0,"85-62-140-102-157-184-37-121-56-39-143-118-21-152-176-53-22-69-135-96-107-122-168-165-146-167-158-149-115-153-183-171-145-15-199-182-8-97-38-2-131-61-185-99-14-55-20-84-36-40-179-65-189-166-50-6-59-16-30-78-1-86-197-169-3-29-66-71-110-180-26-174-70-193-10-100-194-89-181-125-103-123-160-12-95-154-187-68-142-130-108-137-156-60-73-106-173-75-124-90"
151,222270,100,173306,395576,0,"33-119-75-182-161-67-179-112-183-102-38-148-24-175-186-199-178-122-95-189-14-159-194-49-48-84-156-28-145-195-163-91-54-92-151-78-77-74-118-94-40-5-105-90-188-173-157-12-46-184-39-149-107-26-127-137-110-51-146-164-3-1-23-192-2-124-166-4-72-114-35-82-152-133-22-55-20-85-70-76-196-11-86-177-142-155-69-103-19-181-125-66-132-25-135-101-191-58-169-6"
152,194097,100,150037,344134,0,"82-62-29-171-19-156-98-6-141-128-173-157-30-102-79-28-36-140-175-50-198-136-80-74-44-181-137-91-86-172-120-117-110-39-106-73-69-129-130-41-162-148-155-135-85-64-127-20-40-97-160-169-89-193-68-189-149-124-126-45-147-15-72-81-187-178-16-51-9-139-25-113-76-5-159-90-134-111-118-194-184-158-164-12-17-0-190-122-95-94-55-152-185-14-77-104-33-168-22-54"
153,224663,100,174821,399484,0,"107-14-101-72-154-122-197-13-185-4-175-187-134-103-96-0-29-78-196-63-11-37-97-6-174-106-102-123-131-98-27-172-49-73-16-104-157-184-77-33-84-171-111-21-183-58-80-166-100-52-146-10-160-195-81-60-189-1-112-17-164-120-48-176-89-38-199-64-191-26-8-162-51-32-12-133-9-169-186-31-23-7-148-126-130-142-141-153-182-136-19-47-132-93-119-53-25-152-87-82"
154,227643,100,175454,403097,0,"178-114-12-171-15-77-196-143-159-186-25-11-48-45-4-47-193-113-62-78-177-22-172-73-52-108-164-67-89-116-16-161-120-40-14-155-9-50-84-197-154-165-46-63-153-125-181-126-0-19-1-7-137-199-175-123-59-117-71-189-187-141-49-104-163-80-162-98-110-179-97-138-61-69-198-55-119-100-91-176-180-151-109-33-99-147-133-23-66-32-76-65-87-140-158-146-85-27-106-173"
155,232434,100,182256,414690,0,"9-176-29-69-100-16-124-196-1-57-52-56-30-184-39-79-51-55-125-62-90-149-102-68-183-43-32-5-180-92-67-148-27-151-31-190-47-187-10-133-88-20-108-24-15-167-101-109-87-48-74-98-4-113-155-142-116-153-171-169-61-128-197-146-38-70-34-181-83-163-189-175-76-65-77-17-94-11-154-104-157-78-86-33-120-188-137-28-21-64-164-23-172-192-22-73-40-174-136-45"
156,219945,100,171875,391820,0,"141-130-169-1-54-110-144-53-146-154-178-143-13-193-42-185-79-89-57-45-137-61-158-11-187-177-134-151-148-131-99-140-188-172-190-7-65-153-186-23-82-135-29-149-107-95-12-157-21-73-10-174-163-108-175-161-176-59-128-171-44-173-92-181-101-17-86-16-6-67-77-116-189-39-121-165-31-93-119-80-15-85-191-2-97-9-0-167-195-26-28-70-5-63-60-52-182-126-183-55"
157,209424,100,161561,370985,0,"45-62-30-42-14-34-11-20-162-56-65-54-183-90-113-38-88-73-15-0-101-161-143-110-136-49-2-164-115-99-1-40-80-61-53-148-178-125-55-59-105-67-70-155-23-26-176-36-197-150-130-188-43-77-196-33-97-78-93-133-173-177-106-84-18-147-168-87-153-85-71-141-103-129-122-96-27-120-92-21-158-94-117-46-8-81-170-79-109-89-82-181-104-19-47-190-74-144-174-102"
158,212506,100,168724,381230,0,"62-114-156-20-63-147-43-152-178-195-54-159-85-16-187-153-17-104-56-170-6-120-73-146-127-185-198-191-38-112-155-175-119-174-118-136-101-196-139-22-40-35-141-15-199-103-52-105-188-148-130-44-75-70-168-86-172-76-27-99-149-8-51-39-80-102-179-181-11-106-150-107-34-138-31-88-42-92-68-83-142-59-137-162-190-1-132-109-117-143-18-111-47-26-144-131-91-61-45-82"
159,220576,100,173694,394270,0,"87-36-174-190-120-64-8-90-169-20-44-61-104-155-63-176-178-45-55-154-29-188-194-65-135-7-11-101-5-128-143-85-81-25-137-168-80-173-179-73-114-15-102-51-131-94-3-69-95-35-16-129-100-156-191-160-92-84-164-171-68-166-99-59-116-24-18-181-53-146-2-199-111-149-162-30-52-172-98-62-89-150-107-141-40-0-148-126-34-6-119-118-122-153-49-180-121-105-50-1"
160,203237,100,155746,358983,0,"128-50-121-46-9-11-23-34-64-25-183-88-181-97-149-52-16-81-41-114-36-43-130-30-194-17-156-117-45-171-198-100-22-91-132-110-196-111-27-139-7-115-89-103-73-57-105-143-70-133-84-109-77-82-33-79-192-90-170-190-92-13-116-20-35-60-148-94-199-124-142-107-14-86-112-150-51-6-55-126-44-69-193-61-127-87-163-71-145-21-138-76-48-95-0-175-99-28-106-113"
161,223783,100,174284,398067,0,"152-182-162-56-120-60-102-110-61-40-51-142-39-101-158-62-196-121-59-0-90-1-159-163-21-118-34-166-45-155-149-128-106-97-29-111-181-172-32-170-114-75-116-77-108-93-6-64-177-171-127-4-99-74-103-160-48-113-58-31-57-140-15-105-174-13-112-115-52-178-65-183-71-14-12-30-104-3-38-25-86-107-144-129-137-2-22-94-54-28-150-189-156-195-198-96-161-154-169-147"
162,210960,100,159253,370213,0,"199-80-185-39-84-9-159-143-190-30-118-63-1-18-29-58-184-7-2-43-192-23-180-89-21-175-156-114-169-134-187-91-182-6-198-90-160-4-13-141-171-181-142-96-55-97-54-31-65-163-98-14-167-93-110-131-86-56-150-120-111-113-76-189-136-135-157-129-22-127-139-92-154-81-146-35-88-101-19-106-42-11-83-178-47-103-68-188-194-121-38-100-99-48-105-124-51-46-64-78"
163,214584,100,165771,380355,0,"172-185-85-159-41-63-58-152-145-100-175-47-104-141-70-26-196-155-89-123-156-1-12-40-44-62-179-36-109-65-34-73-144-99-75-18-142-51-6-138-184-8-10-121-13-72-110-106-9-46-126-5-188-186-95-182-125-136-101-124-30-134-71-181-45-52-76-114-173-25-15-120-29-117-28-174-0-88-171-68-53-163-39-38-113-79-90-190-14-130-151-17-60-133-96-56-112-74-93-115"
164,201097,100,151477,352574,0,"161-52-26-39-158-163-11-48-115-19-20-6-13-111-145-44-96-165-180-146-58-149-81-66-18-167-166-94-195-168-67-89-98-7-40-133-135-113-130-143-35-162-127-21-54-119-134-60-36-0-172-197-102-188-154-109-171-53-12-182-71-43-56-175-61-84-160-50-74-70-187-92-179-192-14-108-159-194-116-29-57-9-65-104-28-148-189-139-196-107-112-128-177-62-142-122-51-10-32-41"
165,208946,100,164340,373286,0,"117-5-73-104-23-172-78-139-2-75-155-69-109-153-30-27-130-126-170-148-85-198-77-135-151-13-15-51-112-137-124-144-179-59-195-7-181-167-0-66-24-123-87-165-80-114-152-61-16-191-168-62-197-91-53-185-189-100-187-36-95-35-52-67-83-97-138-106-57-194-96-25-136-156-186-40-86-143-82-33-163-125-55-134-74-183-45-161-63-166-48-199-169-46-108-147-94-164-3-93"
166,223227,100,172243,395470,0,"1-43-71-66-5-65-90-164-123-179-116-70-17-8-112-41-194-100-159-86-64-95-48-72-199-44-28-23-110-37-168-197-163-106-147-81-162-188-63-144-76-87-74-190-27-185-6-94-184-7-53-127-15-140-12-170-14-126-80-149-120-52-105-174-30-103-85-166-32-109-178-13-34-132-169-111-79-54-172-113-117-107-42-143-161-138-175-58-62-129-171-158-96-56-46-10-19-9-189-16"
167,197284,100,149041,346325,0,"189-127-68-131-152-96-181-79-26-179-4-111-37-106-58-87-199-42-21-8-151-73-92-72-157-117-169-174-114-150-142-6-112-105-188-172-65-41-97-158-109-11-43-119-48-38-164-162-20-146-94-12-66-53-180-192-86-69-140-133-71-190-2-195-153-95-121-89-124-15-176-113-110-61-62-57-59-120-170-163-33-60-194-125-156-31-52-56-29-128-23-193-187-185-49-54-0-10-115-138"
168,224578,100,175710,400288,0,"69-178-174-198-166-71-127-73-77-88-196-21-120-99-86-160-142-39-70-20-36-59-17-102-14-123-83-2-193-75-51-169-115-41-61-82-33-78-80-4-85-172-189-140-151-130-191-176-72-5-111-185-164-177-92-199-152-171-144-64-79-37-74-180-47-9-81-1-66-34-58-159-55-179-156-170-3-35-184-121-76-132-49-28-54-153-126-104-106-128-65-94-97-149-154-113-197-22-12-103"
169,208435,100,161657,370092,0,"75-137-175-31-96-56-2-48-136-72-80-70-183-184-108-86-60-105-155-0-36-145-121-88-189-143-103-162-35-160-179-14-49-3-87-131-45-180-12-93-43-156-11-74-135-99-71-185-78-76-23-127-170-18-41-106-172-133-40-171-68-102-107-124-152-165-91-8-122-151-181-130-6-104-29-154-195-120-176-13-177-24-196-114-166-27-128-42-39-167-26-129-117-44-193-161-1-188-191-79"
170,222597,100,174475,397072,0,"68-41-88-150-60-102-19-69-38-113-24-155-0-136-161-22-183-95-163-105-169-9-96-23-129-184-187-199-116-166-124-89-15-197-71-45-92-118-33-198-32-186-190-98-100-125-13-156-162-66-196-189-120-134-14-73-139-109-181-43-160-170-80-99-141-28-46-25-7-110-112-47-77-50-157-86-126-132-31-153-138-144-79-182-152-75-117-70-36-106-63-121-94-185-54-1-16-57-135-101"
171,219144,100,171515,390659,0,"61-137-18-149-26-164-128-165-36-58-135-44-157-195-129-6-106-112-183-38-131-30-155-88-16-103-111-101-92-181-122-32-4-109-125-132-35-95-171-113-188-82-28-23-140-21-187-24-199-189-126-15-123-3-96-1-99-194-69-2-105-78-68-197-75-31-114-143-66-176-162-76-50-173-179-90-169-153-20-178-49-48-91-127-54-97-160-142-133-5-168-62-117-161-59-193-147-167-53-146"
172,235581,100,187236,422817,0,"196-0-7-194-167-142-160-57-106-158-166-48-19-145-24-45-15-33-49-171-114-11-76-30-96-190-39-101-182-58-18-46-65-23-56-169-124-16-72-149-130-173-103-165-136-140-133-17-198-86-42-152-164-74-186-153-80-172-97-192-95-122-104-83-162-75-78-40-174-109-147-28-118-137-176-20-54-62-82-25-47-38-129-6-59-150-175-197-102-128-99-4-43-185-178-112-161-36-5-148"
173,196858,100,149436,346294,0,"109-14-39-194-76-163-130-182-90-40-27-63-45-60-171-70-162-143-21-57-48-17-91-199-172-106-71-147-148-142-128-185-110-101-119-25-104-55-144-18-66-84-112-125-36-51-111-169-145-4-13-34-127-193-180-15-159-38-3-86-64-140-69-161-65-97-49-22-59-184-77-6-146-160-123-118-61-62-32-167-43-113-41-74-107-94-28-99-151-5-154-50-124-198-78-19-23-197-33-42"
174,218955,100,171283,390238,0,"0-142-52-83-157-84-108-17-40-191-153-125-188-45-132-163-185-199-117-141-59-124-173-79-99-127-178-97-55-93-121-20-160-43-68-131-31-49-23-118-120-15-152-111-186-11-58-158-69-56-102-57-103-4-105-50-3-133-92-182-169-146-151-114-78-183-149-90-51-113-100-46-177-181-194-134-164-187-140-116-119-25-24-172-138-192-48-8-87-16-1-75-176-193-70-198-47-179-27-5"
175,206189,100,158508,364697,0,"169-95-146-55-130-138-172-118-198-191-93-165-31-84-128-53-173-60-137-20-157-180-187-160-64-132-139-79-175-47-103-35-136-73-96-148-5-194-120-13-177-12-178-150-107-15-54-186-16-74-171-195-92-110-51-63-199-104-135-43-6-36-90-50-113-61-87-21-52-170-125-1-179-65-4-162-188-126-134-167-131-144-133-161-37-69-151-190-147-142-119-154-117-80-97-184-22-152-183-0"
176,206197,100,157313,363510,0,"123-170-181-160-73-86-53-5-168-166-131-172-44-142-164-84-108-175-46-41-77-103-125-154-167-25-165-76-92-155-136-198-27-94-107-116-177-8-91-12-158-56-163-106-70-10-97-184-124-185-145-188-199-105-137-37-23-126-16-144-31-78-196-180-36-141-83-52-47-95-109-191-194-85-17-133-64-79-28-192-128-193-29-0-153-61-146-32-39-9-99-60-127-114-81-89-69-58-162-15"
177,200604,100,152608,353212,0,"25-92-79-50-41-51-124-143-86-160-31-81-67-168-186-152-109-166-72-36-45-161-119-29-194-97-141-69-75-129-102-130-12-127-44-59-99-137-3-53-89-134-132-145-66-196-2-15-14-76-64-5-70-193-174-34-120-175-40-177-27-32-163-104-105-122-54-6-43-19-73-167-146-30-188-125-90-155-23-13-9-126-24-157-85-78-191-138-88-57-94-28-63-182-128-158-18-190-117-179"
178,208994,100,159982,368976,0,"11-59-167-20-165-41-74-142-133-178-75-199-114-1-193-33-117-95-124-0-31-23-162-152-40-46-85-50-62-67-6-32-16-82-179-56-21-192-102-37-103-66-161-181-55-91-13-185-173-58-84-14-113-98-29-127-76-148-147-71-119-121-170-196-109-136-130-61-120-73-81-198-48-168-189-125-79-45-115-151-145-72-156-195-69-160-60-18-131-154-15-97-177-83-47-19-123-134-188-3"
179,226591,100,175266,401857,0,"39-84-184-175-85-148-186-26-160-57-51-72-45-91-2-25-96-71-130-118-31-135-34-108-131-15-199-12-60-181-109-59-21-155-33-156-47-123-10-1-20-151-144-56-46-161-146-28-197-88-122-37-83-5-178-170-125-101-166-49-97-173-79-100-142-188-76-134-82-48-90-32-176-185-111-136-138-157-78-69-165-120-124-27-127-80-114-143-194-42-58-104-89-73-195-153-19-7-87-17"
180,195222,100,148141,343363,0,"101-181-23-51-141-123-157-90-119-154-127-137-84-198-161-68-14-156-10-174-52-45-73-99-159-110-103-42-146-111-117-139-106-17-33-113-89-194-57-64-28-48-71-20-70-81-65-121-147-163-91-162-107-9-132-1-86-130-34-30-54-32-192-79-151-140-47-136-96-11-180-186-148-184-155-169-189-97-36-78-29-93-60-18-166-7-122-12-15-134-8-177-199-53-168-118-183-72-43-31"
181,212122,100,163426,375548,0,"97-124-91-164-40-6-145-133-93-147-47-105-30-148-78-177-122-68-45-56-22-194-72-71-175-5-53-149-193-107-173-106-195-1-146-196-63-137-159-180-2-113-51-185-36-140-49-80-179-162-16-12-83-44-0-192-115-62-167-50-54-31-98-110-76-134-7-171-84-95-144-168-10-73-126-190-158-160-172-153-103-23-130-75-19-28-155-27-85-39-165-4-43-25-8-64-104-169-79-170"
182,207188,100,156430,363618,0,"123-118-116-19-26-156-151-55-109-104-62-127-7-96-83-15-4-171-103-161-22-162-69-85-63-29-39-136-47-187-38-188-76-99-50-107-24-111-195-150-133-194-70-130-196-147-177-59-106-44-169-88-11-92-21-97-87-5-159-191-49-25-65-41-53-1-73-16-160-14-17-120-143-149-183-140-37-72-164-134-98-43-122-144-139-80-193-141-152-108-91-9-93-23-185-27-90-181-33-57"
183,228861,100,178777,407638,0,"140-145-189-199-104-109-175-115-28-87-192-84-50-0-2-96-120-20-155-79-138-63-52-141-127-47-176-100-86-42-23-48-85-178-129-119-19-143-56-151-179-67-31-29-16-25-188-89-88-5-147-158-7-186-91-142-101-103-35-114-165-40-132-149-156-167-177-65-9-191-36-68-197-13-53-78-57-126-93-49-59-117-71-194-98-136-174-185-18-72-69-90-107-148-123-113-135-118-125-30"
184,212922,100,164867,377789,0,"127-52-9-197-193-131-137-85-17-135-195-79-183-133-49-18-95-23-160-113-38-125-139-33-124-161-181-75-62-94-78-20-60-92-37-76-146-123-34-105-26-176-103-186-141-51-174-31-48-136-132-169-61-168-122-12-1-70-100-179-138-56-170-129-57-90-97-152-178-128-10-16-36-43-83-130-166-93-191-64-71-180-98-6-5-171-2-196-27-25-53-42-101-80-118-121-142-109-188-150"
185,209905,100,158985,368890,0,"7-29-195-123-74-23-193-88-144-138-178-67-164-6-146-156-103-19-15-152-48-113-98-184-177-136-21-84-187-73-82-199-13-160-120-129-137-170-112-0-105-75-118-163-111-25-45-30-70-9-153-97-150-58-139-12-83-81-110-197-168-141-198-149-76-42-87-191-68-53-47-4-140-52-125-101-11-49-18-31-171-32-116-34-130-28-165-61-126-80-41-66-91-62-124-121-93-131-194-89"
186,227122,100,174176,401298,0,"60-144-100-174-178-138-108-73-29-23-116-167-76-22-80-119-66-20-8-33-154-134-170-93-5-188-42-88-156-82-74-86-160-163-164-91-125-14-110-176-77-41-59-129-65-34-186-159-184-133-157-68-26-107-199-196-0-92-98-27-103-179-162-44-130-71-12-161-198-194-6-106-137-151-1-185-99-180-49-37-197-62-187-32-85-95-17-7-15-177-2-87-122-139-121-191-192-72-57-113"
187,218149,100,168309,386458,0,"102-185-132-12-160-60-70-96-1-26-177-23-56-184-55-5-183-175-64-71-149-195-197-98-176-16-170-21-155-43-78-138-162-141-39-115-152-103-119-167-126-128-156-97-10-89-58-133-9-79-74-63-59-107-106-173-14-180-172-48-85-186-82-57-120-112-196-31-84-61-101-191-117-44-36-123-182-83-199-69-94-34-53-148-62-45-151-75-153-11-22-6-73-77-169-99-66-49-25-3"
188,225365,100,175891,401256,0,"184-175-123-41-14-108-0-106-102-92-129-133-39-15-188-152-23-156-160-177-62-185-197-179-64-150-90-187-77-172-36-17-38-191-125-130-49-45-165-193-19-181-97-31-149-55-105-83-120-73-3-166-10-161-67-146-9-24-56-70-72-147-117-11-76-124-25-118-95-94-40-82-48-96-65-16-43-5-101-30-199-110-141-8-29-54-86-80-140-69-60-37-134-180-53-13-93-46-173-163"
189,213988,100,163528,377516,1,"160-156-50-187-25-96-114-161-127-42-164-119-177-190-85-120-59-137-125-179-72-131-70-142-109-12-19-63-20-56-4-107-154-17-197-123-113-86-57-110-3-138-115-5-43-180-84-173-18-191-8-83-143-149-152-124-89-162-29-16-32-104-99-69-9-41-0-47-175-150-95-155-53-172-76-75-97-133-65-39-135-157-192-30-130-78-15-170-136-62-121-178-159-28-74-46-92-169-112-14"
190,198619,100,147941,346560,0,"123-122-78-40-183-94-83-70-120-134-27-156-9-53-159-199-32-190-99-146-100-43-132-153-77-154-6-145-54-72-118-61-169-182-110-119-49-111-82-52-51-106-86-60-191-84-71-74-87-131-157-181-39-58-194-127-172-42-117-108-1-185-115-195-92-166-67-97-193-10-15-13-69-165-130-167-65-68-28-44-138-139-124-174-164-0-109-7-91-21-56-196-59-151-34-125-2-155-103-184"
191,214875,100,162044,376919,0,"151-78-118-167-107-92-181-192-154-43-83-108-174-76-103-38-28-20-104-14-133-98-146-195-139-46-141-183-97-73-15-173-101-88-26-37-169-1-71-51-21-117-80-16-124-162-11-6-191-180-72-9-81-161-142-100-40-155-41-93-2-189-57-159-87-106-119-56-157-64-147-149-52-95-115-13-134-128-111-126-110-42-199-17-197-143-89-190-127-166-69-172-163-179-176-136-165-19-178-70"
192,221334,100,169839,391173,0,"143-117-46-186-99-74-64-33-136-40-47-56-45-54-11-105-135-30-88-107-52-139-148-71-118-97-116-131-133-106-180-159-96-76-93-4-158-83-28-191-69-163-174-22-179-53-162-0-38-6-141-115-89-60-26-127-59-1-123-151-198-39-48-32-124-103-164-18-193-87-80-49-2-58-166-61-196-81-199-177-195-14-169-149-108-138-157-7-57-25-24-65-31-68-175-51-50-183-111-90"
193,209041,100,155930,364971,0,"11-113-110-41-112-140-181-143-48-37-172-101-134-13-28-67-42-109-182-105-31-169-29-88-50-93-92-100-124-84-157-133-91-14-99-85-107-125-127-80-7-72-145-188-158-120-33-164-10-75-116-154-141-166-155-126-43-187-132-146-104-192-8-142-150-3-185-9-52-44-149-119-179-55-4-77-27-74-2-151-89-58-98-5-64-68-32-51-22-18-171-1-25-108-57-38-15-174-73-183"
194,219102,100,169526,388628,0,"63-154-169-8-48-97-167-57-104-78-53-1-110-74-36-40-32-84-70-30-46-146-10-122-173-160-179-86-65-196-140-106-95-13-28-178-102-88-51-100-44-193-103-24-35-5-94-117-123-188-14-187-183-128-145-141-137-175-0-59-69-111-52-16-60-148-68-189-151-191-7-98-174-50-82-45-144-115-31-77-143-66-105-79-9-161-120-181-147-2-42-34-47-182-197-81-113-71-132-180"
195,210202,100,163036,373238,0,"184-8-29-166-68-28-18-134-40-41-21-45-50-113-11-15-177-90-16-174-126-43-191-123-34-199-104-118-9-154-179-131-80-77-98-72-56-10-96-48-119-53-32-162-94-167-144-47-142-79-82-137-158-97-36-19-71-172-66-135-107-23-187-129-57-112-163-6-51-124-182-156-37-180-20-148-136-108-159-111-143-88-102-61-62-91-195-1-60-193-93-189-86-175-169-49-64-44-170-141"
196,215740,100,167472,383212,0,"144-49-128-142-71-77-136-134-139-78-53-125-86-83-20-34-66-120-36-113-197-169-17-76-5-22-124-19-109-32-14-182-133-152-106-67-27-12-143-61-188-63-10-149-91-80-69-112-92-89-175-42-153-154-62-56-54-21-131-8-137-85-107-185-51-50-165-33-160-55-60-158-189-44-155-118-43-58-65-162-192-79-90-199-74-138-104-48-98-173-9-186-46-150-122-103-141-174-100-191"
197,202237,100,155720,357957,0,"84-60-98-160-91-121-83-52-153-51-74-50-198-62-68-134-190-76-140-99-72-45-113-29-33-167-89-94-122-126-41-44-139-117-64-2-177-193-26-80-48-187-59-100-116-17-115-22-8-88-136-95-78-185-58-148-124-195-129-106-180-75-77-39-21-188-27-135-42-87-161-15-145-11-169-96-66-107-13-197-5-183-176-119-138-10-46-165-175-186-196-24-125-31-131-104-166-174-182-55"
198,221483,100,170829,392312,0,"34-199-51-120-113-13-191-167-119-14-0-125-69-114-144-104-99-56-53-62-198-196-18-23-115-135-131-52-31-182-188-183-169-92-47-186-79-174-85-172-139-128-72-118-89-190-179-50-27-41-7-21-30-76-168-149-43-180-42-96-25-185-152-46-158-154-35-87-6-29-38-24-57-39-83-138-175-137-44-9-151-40-130-117-49-150-155-55-110-111-5-160-123-60-100-132-77-68-147-161"
199,191803,100,139982,331785,0,"155-174-61-113-106-193-153-87-97-165-192-126-195-39-69-15-175-108-124-58-197-10-161-128-152-0-134-159-82-2-28-49-143-37-115-182-44-150-125-55-189-107-84-50-119-162-83-178-79-132-77-17-157-187-199-185-164-16-98-11-78-144-140-81-110-36-21-74-41-30-64-137-20-47-130-99-6-88-100-171-120-122-156-129-53-59-56-24-19-177-13-32-166-179-8-7-86-66-3-117"
200,209179,100,160707,369886,0,"193-161-54-43-47-132-19-171-56-117-168-97-137-58-133-16-136-2-177-143-194-91-27-123-103-28-108-101-88-135-64-154-107-127-48-179-18-169-84-129-188-66-10-50-68-173-38-105-165-189-7-100-148-187-21-185-157-40-115-60-44-184-29-5-6-110-113-87-159-80-45-41-0-71-156-147-39-82-186-89-76-33-140-13-9-24-131-160-164-90-93-145-3-12-183-190-74-4-152-69"
