SolutionID,TotalCost,NumNodes,TotalDistance,ObjectiveFunction,Cycle
1,52665,100,20954,73619,"10-178-147-71-90-191-125-51-121-131-151-54-73-164-31-136-45-5-177-25-104-138-182-139-168-195-145-15-3-70-161-13-132-169-188-6-134-43-11-49-33-160-29-109-35-0-111-144-56-8-82-87-21-77-81-153-163-176-86-95-183-130-99-185-179-166-194-113-103-89-127-165-187-97-141-91-61-36-142-78-175-162-80-190-193-117-198-156-1-16-27-38-135-102-63-40-107-100-122-133"
2,50243,100,20579,70822,"33-138-182-139-11-168-195-43-134-51-121-131-90-191-147-6-188-169-132-13-145-161-70-3-15-155-189-29-109-35-0-111-81-153-163-180-176-86-95-128-106-159-143-124-62-18-55-34-170-152-183-140-4-149-28-59-20-60-148-47-94-66-22-130-99-185-179-172-166-194-113-26-114-137-103-89-127-165-187-146-77-97-141-91-36-61-175-78-142-45-5-177-82-87-21-8-104-56-144-160"
3,49394,100,21169,70563,"175-142-45-5-177-25-104-138-182-139-168-195-145-15-3-70-161-13-132-169-188-6-147-191-90-178-10-133-122-100-107-40-63-135-131-121-51-98-118-74-134-43-11-49-33-160-29-109-35-0-111-144-56-8-82-87-21-77-81-153-163-176-86-95-128-106-124-62-18-55-34-170-152-183-140-28-20-60-148-47-94-66-130-99-185-179-166-194-113-103-89-127-165-187-97-141-91-61-36-78"
4,50141,100,20317,70458,"104-138-182-139-168-195-145-15-3-70-161-13-132-169-188-6-147-191-90-122-131-121-51-134-43-11-49-33-160-29-109-35-0-111-81-153-163-180-176-86-95-128-106-159-143-124-62-18-55-34-170-152-183-140-4-149-28-59-20-60-148-47-94-66-22-130-99-185-179-172-166-194-113-26-114-137-103-89-127-165-187-146-77-97-141-91-36-61-175-78-142-45-5-177-82-87-21-8-144-56"
5,52727,100,21016,73743,"102-135-38-27-16-1-156-198-117-193-80-190-162-175-78-142-36-61-91-141-97-187-165-127-89-103-113-194-166-179-185-99-130-183-95-86-176-163-153-81-77-21-87-82-8-56-144-111-0-35-109-29-160-33-49-11-43-134-6-188-169-132-13-161-70-3-15-145-195-168-139-182-138-104-25-177-5-45-136-31-164-73-54-151-131-121-51-125-191-90-71-147-178-10-133-122-100-107-40-63"
6,50970,100,19366,70336,"179-172-52-166-194-113-26-103-114-137-127-165-89-163-187-146-97-141-91-36-61-175-78-142-45-5-177-21-87-104-138-182-139-168-195-145-15-3-70-161-13-132-169-188-6-147-90-51-134-43-11-49-33-160-29-109-35-0-111-144-56-8-82-77-81-153-180-176-86-95-128-106-159-143-124-62-83-18-55-34-170-152-183-140-199-4-149-28-59-20-60-148-47-154-94-66-22-130-99-185"
7,49678,100,21453,71131,"25-5-45-142-175-78-36-61-91-141-97-187-165-127-89-103-113-194-166-179-185-99-130-66-94-47-148-60-20-28-140-183-152-170-34-55-18-62-124-106-128-95-86-176-163-153-81-77-21-87-82-8-56-144-111-0-35-109-29-160-33-49-11-43-134-74-118-98-51-121-131-135-63-40-107-100-122-133-10-178-90-191-147-6-188-169-132-13-161-70-3-15-145-195-168-139-182-138-104-177"
8,50608,100,21253,71861,"164-73-54-117-198-193-80-190-162-175-78-142-36-61-91-141-97-187-165-127-89-103-113-194-166-179-185-99-130-140-183-55-18-62-124-106-95-86-176-163-153-81-77-21-87-82-8-56-144-111-0-35-109-29-160-33-49-11-43-134-74-118-98-51-121-131-135-63-40-107-100-122-133-10-178-90-191-147-6-188-169-132-13-161-70-3-15-145-195-168-139-182-138-104-25-177-5-45-136-31"
9,50141,100,20317,70458,"104-138-182-139-168-195-145-15-3-70-161-13-132-169-188-6-147-191-90-122-131-121-51-134-43-11-49-33-160-29-109-35-0-111-81-153-163-180-176-86-95-128-106-159-143-124-62-18-55-34-170-152-183-140-4-149-28-59-20-60-148-47-94-66-22-130-99-185-179-172-166-194-113-26-114-137-103-89-127-165-187-146-77-97-141-91-36-61-175-78-142-45-5-177-82-87-21-8-144-56"
10,50674,100,20221,70895,"79-61-36-141-97-77-146-187-165-127-89-103-137-114-26-113-194-166-172-179-185-99-130-22-66-94-47-148-60-20-59-28-149-4-140-183-152-170-34-55-18-62-124-143-159-106-128-95-86-176-180-163-153-81-82-8-56-144-111-0-35-109-29-160-33-49-11-43-134-51-121-131-90-191-147-6-188-169-132-13-161-70-3-15-145-195-168-139-182-138-104-87-21-177-5-45-142-78-175-91"
11,52250,100,19658,71908,"47-60-20-59-28-149-4-53-152-170-140-183-199-9-130-95-86-128-83-55-34-18-62-124-143-159-106-176-180-153-81-77-82-8-56-144-111-0-35-109-29-160-33-49-11-43-134-147-6-188-169-132-13-161-70-3-15-145-195-168-139-182-138-104-87-21-177-5-45-142-78-175-61-36-91-141-97-146-187-163-89-165-127-137-114-103-26-113-194-166-185-52-172-179-22-99-148-66-94-154"
12,51793,100,21572,73365,"42-80-190-162-175-78-142-36-61-91-141-97-187-165-127-89-103-113-194-166-179-185-99-130-140-183-18-62-95-86-176-163-153-81-77-21-87-82-8-56-144-111-0-35-109-29-160-33-49-11-43-134-74-118-98-51-121-131-135-63-40-107-100-122-133-10-178-90-191-147-6-188-169-132-13-161-70-3-15-145-195-168-139-182-138-104-25-177-5-45-136-193-31-164-73-54-117-198-1-156"
13,51099,100,21170,72269,"170-34-109-29-189-155-15-3-70-161-145-13-132-169-188-6-147-90-121-51-134-43-195-168-11-139-182-138-33-160-144-56-104-8-21-87-82-177-5-45-142-78-175-61-36-91-141-97-77-146-187-153-81-111-0-35-143-159-106-124-128-62-18-55-95-86-176-180-163-89-165-127-137-114-103-26-113-194-166-172-179-185-22-99-130-183-140-199-9-66-94-47-148-60-20-59-28-149-4-152"
14,50954,100,19350,70304,"97-141-91-36-61-175-78-142-45-5-177-21-87-104-138-182-139-168-195-145-15-3-70-161-13-132-169-188-6-147-90-51-134-43-11-49-33-160-29-109-35-0-111-144-56-8-82-77-81-153-163-180-176-86-95-128-106-159-143-124-62-83-18-55-34-170-152-183-140-199-4-149-28-59-20-60-148-47-154-94-66-22-130-99-185-179-172-52-166-194-113-26-114-137-103-89-127-165-187-146"
15,49413,100,20201,69614,"188-6-147-191-90-122-135-131-121-51-134-43-139-11-182-138-33-160-144-56-104-8-21-87-82-177-5-45-142-78-175-61-36-91-141-97-77-146-187-165-127-89-103-137-114-26-113-194-166-172-179-185-99-130-22-66-94-47-148-60-20-59-28-149-4-140-183-152-170-34-55-18-62-124-143-159-106-128-95-86-176-180-163-153-81-111-0-35-109-29-168-195-145-15-3-70-161-13-132-169"
16,50141,100,20317,70458,"8-21-87-82-177-5-45-142-78-175-61-36-91-141-97-77-146-187-165-127-89-103-137-114-26-113-194-166-172-179-185-99-130-22-66-94-47-148-60-20-59-28-149-4-140-183-152-170-34-55-18-62-124-143-159-106-128-95-86-176-180-163-153-81-111-0-35-109-29-160-33-49-11-43-134-51-121-131-122-90-191-147-6-188-169-132-13-161-70-3-15-145-195-168-139-182-138-104-56-144"
17,50954,100,19350,70304,"77-81-153-163-180-176-86-95-128-106-159-143-124-62-83-18-55-34-170-152-183-140-199-4-149-28-59-20-60-148-47-154-94-66-22-130-99-185-179-172-52-166-194-113-26-114-137-103-89-127-165-187-146-97-141-91-36-61-175-78-142-45-5-177-21-87-104-138-182-139-168-195-145-15-3-70-161-13-132-169-188-6-147-90-51-134-43-11-49-33-160-29-109-35-0-111-144-56-8-82"
18,51895,100,19379,71274,"9-99-22-130-95-86-128-83-55-34-18-62-124-143-159-106-176-180-153-81-77-82-8-56-144-111-0-35-109-29-160-33-11-43-134-147-6-188-169-132-13-161-70-3-15-145-195-168-139-182-138-104-87-21-177-5-45-142-78-175-61-36-91-141-97-146-187-163-89-165-127-137-114-103-26-113-194-166-185-179-52-172-57-66-94-154-47-148-60-20-59-28-149-4-53-152-170-140-183-199"
19,51485,100,19307,70792,"129-180-176-86-95-128-106-159-143-124-62-83-18-55-34-170-152-183-140-199-4-149-28-59-20-60-148-47-154-94-66-22-130-99-185-179-172-52-166-194-113-26-103-114-137-127-89-163-165-187-146-97-141-91-36-61-175-78-142-45-5-177-21-87-104-138-182-139-168-195-145-15-3-70-161-13-132-169-188-6-147-90-134-43-11-49-33-160-29-109-35-0-111-144-56-8-82-77-81-153"
20,52694,100,20918,73612,"32-63-40-107-100-122-133-10-178-147-71-90-191-125-51-121-131-151-54-73-164-31-136-45-5-177-25-104-138-182-139-168-195-145-15-3-70-161-13-132-169-188-6-134-43-11-49-33-160-29-109-35-0-111-144-56-8-82-87-21-77-81-153-163-176-86-95-183-130-99-185-179-166-194-113-103-89-127-165-187-97-141-91-61-36-142-78-175-162-80-190-193-117-198-156-1-16-27-38-135"
21,50690,100,20490,71180,"39-0-35-109-29-189-155-15-3-70-161-145-13-132-169-188-6-147-191-90-121-51-134-43-195-168-11-139-182-138-33-56-104-8-21-87-82-177-5-45-142-78-175-61-36-91-141-97-77-146-187-165-127-89-103-137-114-26-113-194-166-172-179-185-99-130-22-66-94-47-148-60-20-59-28-149-4-140-183-152-170-34-55-18-62-124-143-159-106-128-95-86-176-180-163-153-81-111-144-160"
22,51188,100,20942,72130,"46-80-190-193-198-117-54-31-164-73-136-45-5-177-25-104-138-182-139-168-195-145-15-3-70-161-13-132-169-188-6-147-191-90-178-10-133-122-100-107-40-63-135-131-121-51-98-118-74-134-43-11-49-33-160-29-109-35-0-111-144-56-8-82-87-21-77-81-153-163-176-86-95-124-62-18-55-183-140-130-99-185-179-166-194-113-103-89-127-165-187-97-141-91-61-36-142-78-175-162"
23,52665,100,20954,73619,"191-125-51-121-131-151-54-73-164-31-136-45-5-177-25-104-138-182-139-168-195-145-15-3-70-161-13-132-169-188-6-134-43-11-49-33-160-29-109-35-0-111-144-56-8-82-87-21-77-81-153-163-176-86-95-183-130-99-185-179-166-194-113-103-89-127-165-187-97-141-91-61-36-142-78-175-162-80-190-193-117-198-156-1-16-27-38-135-102-63-40-107-100-122-133-10-178-147-71-90"
24,49641,100,20782,70423,"171-104-138-182-139-168-195-145-15-3-70-161-13-132-169-188-6-147-191-90-178-10-133-122-100-107-40-63-135-131-121-51-98-118-74-134-43-11-49-33-160-29-109-35-0-111-144-56-8-82-87-21-77-81-153-163-176-86-95-128-106-124-62-18-55-34-170-152-183-140-28-20-60-148-47-94-66-130-99-185-179-166-194-113-103-89-127-165-187-97-141-91-61-36-175-78-142-45-5-177"
25,52250,100,19658,71908,"154-47-60-20-59-28-149-4-53-152-170-140-183-199-9-130-95-86-128-83-55-34-18-62-124-143-159-106-176-180-153-81-77-82-8-56-144-111-0-35-109-29-160-33-49-11-43-134-147-6-188-169-132-13-161-70-3-15-145-195-168-139-182-138-104-87-21-177-5-45-142-78-175-61-36-91-141-97-146-187-163-89-165-127-137-114-103-26-113-194-166-185-52-172-179-22-99-148-66-94"
26,50970,100,19366,70336,"103-114-137-127-165-89-163-187-146-97-141-91-36-61-175-78-142-45-5-177-21-87-104-138-182-139-168-195-145-15-3-70-161-13-132-169-188-6-147-90-51-134-43-11-49-33-160-29-109-35-0-111-144-56-8-82-77-81-153-180-176-86-95-128-106-159-143-124-62-83-18-55-34-170-152-183-140-199-4-149-28-59-20-60-148-47-154-94-66-22-130-99-185-179-172-52-166-194-113-26"
27,50997,100,21068,72065,"34-109-29-189-155-15-3-70-161-145-13-132-169-188-6-147-90-121-51-134-43-195-168-11-139-182-138-33-160-144-56-104-8-21-87-82-177-5-45-142-78-175-61-36-91-141-97-77-146-187-153-81-111-0-35-143-159-106-124-128-86-176-180-163-89-165-127-137-114-103-26-113-194-166-172-179-185-22-99-130-95-183-140-199-9-66-94-47-148-60-20-59-28-149-4-152-170-62-18-55"
28,49413,100,20201,69614,"168-29-109-35-0-111-81-153-163-180-176-86-95-128-106-159-143-124-62-18-55-34-170-152-183-140-4-149-28-59-20-60-148-47-94-66-22-130-99-185-179-172-166-194-113-26-114-137-103-89-127-165-187-146-77-97-141-91-36-61-175-78-142-45-5-177-82-87-21-8-104-56-144-160-33-138-182-11-139-43-134-51-121-131-135-122-90-191-147-6-188-169-132-13-161-70-3-15-145-195"
29,53026,100,20443,73469,"121-131-125-51-191-90-71-147-178-10-133-122-100-107-40-63-102-135-38-27-16-1-156-198-117-193-80-190-162-175-78-142-36-61-91-141-97-187-165-127-89-103-113-194-166-179-185-130-95-86-176-163-153-81-77-21-87-82-8-56-144-111-0-35-109-29-160-33-49-11-43-134-6-188-169-132-13-161-70-3-15-145-195-168-139-182-138-104-25-177-5-45-136-31-54-164-73-151-19-112"
30,51545,100,20776,72321,"119-159-143-35-0-111-81-153-187-146-77-97-141-91-36-61-175-78-142-45-5-177-82-87-21-8-104-56-144-160-33-138-182-139-11-168-195-43-134-51-90-147-6-188-169-132-13-145-161-70-3-15-155-189-29-109-34-55-18-62-170-152-4-149-28-59-20-60-148-47-94-66-9-199-140-183-95-130-99-22-185-179-172-166-194-113-26-103-114-137-127-165-89-163-180-176-86-128-124-106"
31,57140,100,18971,76111,"40-100-63-102-32-135-122-90-191-125-131-38-27-16-1-156-198-117-193-80-190-162-175-78-142-36-61-91-141-97-187-127-89-103-163-153-81-77-21-87-82-8-56-144-111-0-35-109-29-160-33-49-11-43-134-6-188-169-132-13-161-70-3-15-145-195-168-139-182-138-104-25-177-5-45-136-31-54-164-73-151-19-112-121-116-118-74-98-51-120-71-147-115-178-10-133-44-72-17-107"
32,50243,100,20579,70822,"11-139-182-138-33-160-144-56-104-8-21-87-82-177-5-45-142-78-175-61-36-91-141-97-77-146-187-165-127-89-103-137-114-26-113-194-166-172-179-185-99-130-22-66-94-47-148-60-20-59-28-149-4-140-183-152-170-34-55-18-62-124-143-159-106-128-95-86-176-180-163-153-81-111-0-35-109-29-189-155-15-3-70-161-145-13-132-169-188-6-147-191-90-131-121-51-134-43-195-168"
33,52727,100,21016,73743,"135-38-27-16-1-156-198-117-193-80-190-162-175-78-142-36-61-91-141-97-187-165-127-89-103-113-194-166-179-185-99-130-183-95-86-176-163-153-81-77-21-87-82-8-56-144-111-0-35-109-29-160-33-49-11-43-134-6-188-169-132-13-161-70-3-15-145-195-168-139-182-138-104-25-177-5-45-136-31-164-73-54-151-131-121-51-125-191-90-71-147-178-10-133-122-100-107-40-63-102"
34,50536,100,20334,70870,"12-111-81-153-163-180-176-86-95-128-106-159-143-124-62-18-55-34-170-152-183-140-4-149-28-59-20-60-148-47-94-66-22-130-99-185-179-172-166-194-113-26-114-137-103-89-127-165-187-146-77-97-141-91-36-61-175-78-142-45-5-177-82-87-21-8-104-56-144-160-33-138-182-139-11-168-195-43-134-51-121-90-191-147-6-188-169-132-13-145-161-70-3-15-155-189-29-109-35-0"
35,50970,100,19366,70336,"127-137-114-103-26-113-194-166-52-172-179-185-99-130-22-66-94-154-47-148-60-20-59-28-149-4-199-140-183-152-170-34-55-18-83-62-124-143-159-106-128-95-86-176-180-153-81-77-82-8-56-144-111-0-35-109-29-160-33-49-11-43-134-51-90-147-6-188-169-132-13-161-70-3-15-145-195-168-139-182-138-104-87-21-177-5-45-142-78-175-61-36-91-141-97-146-187-163-89-165"
36,50042,100,20218,70260,"43-11-49-29-109-35-0-111-81-153-163-180-176-86-95-128-106-159-143-124-62-18-55-34-170-152-183-140-4-149-28-59-20-60-148-47-94-66-22-130-99-185-179-172-166-194-113-26-114-137-103-89-127-165-187-146-77-97-141-91-36-61-175-78-142-45-5-177-82-87-21-8-104-56-144-160-33-138-182-139-134-51-121-131-122-90-191-147-6-188-169-132-13-161-70-3-15-145-195-168"
37,50954,100,19350,70304,"97-141-91-36-61-175-78-142-45-5-177-21-87-104-138-182-139-168-195-145-15-3-70-161-13-132-169-188-6-147-90-51-134-43-11-49-33-160-29-109-35-0-111-144-56-8-82-77-81-153-163-180-176-86-95-128-106-159-143-124-62-83-18-55-34-170-152-183-140-199-4-149-28-59-20-60-148-47-154-94-66-22-130-99-185-179-172-52-166-194-113-26-114-137-103-89-127-165-187-146"
38,52784,100,21073,73857,"125-71-147-178-10-133-122-100-107-40-63-102-135-38-27-16-1-156-198-117-193-80-190-162-175-78-142-36-61-91-141-97-187-165-127-89-103-113-194-166-179-185-99-130-183-95-86-176-163-153-81-77-21-87-82-8-56-144-111-0-35-109-29-160-33-49-11-43-134-6-188-169-132-13-161-70-3-15-145-195-168-139-182-138-104-25-177-5-45-136-31-164-73-54-151-131-121-51-191-90"
39,52079,100,20966,73045,"124-128-86-176-180-153-81-77-141-97-146-187-163-89-165-127-137-114-103-26-113-194-166-52-172-179-185-22-99-130-95-183-140-199-9-66-94-47-148-60-20-59-28-149-4-152-170-83-62-34-55-18-109-29-189-155-15-3-70-161-145-13-132-169-188-6-147-90-134-43-195-168-11-139-182-138-33-160-144-56-104-8-177-5-45-142-78-175-36-61-91-21-87-82-111-0-35-143-159-106"
40,52997,100,20470,73467,"44-122-100-107-40-63-102-135-38-27-16-1-156-198-117-193-80-190-162-175-78-142-36-61-91-141-97-187-165-127-89-103-113-194-166-179-185-99-130-95-86-176-163-153-81-77-21-87-82-8-56-144-111-0-35-109-29-160-33-49-11-43-134-6-188-169-132-13-161-70-3-15-145-195-168-139-182-138-104-25-177-5-45-136-31-164-73-54-151-131-121-51-125-191-90-71-147-178-10-133"
41,52258,100,21145,73403,"147-71-51-121-131-151-54-73-164-31-136-45-5-177-25-104-138-182-139-168-195-145-15-3-70-161-13-132-169-188-6-134-43-11-49-33-160-29-109-35-0-111-144-56-8-82-87-21-77-81-153-163-176-86-95-183-140-130-99-185-179-166-194-113-103-89-127-165-187-97-141-91-61-36-142-78-175-162-80-190-193-117-198-156-1-16-27-38-135-102-63-40-107-100-122-133-10-178-90-191"
42,50618,100,20029,70647,"14-81-153-163-180-176-86-95-128-106-159-143-124-62-18-55-34-170-152-183-140-4-149-28-59-20-60-148-47-94-66-22-130-99-185-179-172-166-194-113-26-114-137-103-89-127-165-187-146-97-141-77-82-87-21-91-61-36-175-78-142-45-5-177-8-144-56-104-138-182-139-168-195-145-15-3-70-161-13-132-169-188-6-147-191-90-131-121-51-134-43-11-49-33-160-29-0-109-35-111"
43,52260,100,19636,71896,"3-155-184-152-170-140-183-130-99-22-185-9-199-4-149-28-59-20-60-148-47-94-66-179-172-52-166-194-113-26-103-114-137-127-165-89-163-180-176-86-95-83-55-18-62-128-124-106-159-143-35-0-111-81-153-187-146-77-97-141-91-79-36-61-175-78-142-45-5-177-82-87-21-8-104-56-144-160-33-138-182-139-11-49-29-109-34-189-15-145-195-168-126-13-132-169-6-188-161-70"
44,52247,100,19655,71902,"20-60-154-94-66-47-148-99-22-179-172-52-185-166-194-113-26-103-114-137-127-165-89-163-187-146-97-141-91-36-61-175-78-142-45-5-177-21-87-104-138-182-139-168-195-145-15-3-70-161-13-132-169-188-6-147-134-43-11-49-33-160-29-109-35-0-111-144-56-8-82-77-81-153-180-176-106-159-143-124-62-18-34-55-83-128-86-95-130-9-199-183-140-170-152-53-4-149-28-59"
45,50443,100,21088,71531,"190-193-198-117-54-31-164-73-136-45-5-177-25-104-138-182-139-168-195-145-15-3-70-161-13-132-169-188-6-147-191-90-178-10-133-122-100-107-40-63-135-131-121-51-98-118-74-134-43-11-49-33-160-29-109-35-0-111-144-56-8-82-87-21-77-81-153-163-176-86-95-106-124-62-18-55-183-140-130-99-185-179-166-194-113-103-89-127-165-187-97-141-91-61-36-142-78-175-162-80"
46,50243,100,20579,70822,"11-139-182-138-33-160-144-56-104-8-21-87-82-177-5-45-142-78-175-61-36-91-141-97-77-146-187-165-127-89-103-137-114-26-113-194-166-172-179-185-99-130-22-66-94-47-148-60-20-59-28-149-4-140-183-152-170-34-55-18-62-124-143-159-106-128-95-86-176-180-163-153-81-111-0-35-109-29-189-155-15-3-70-161-145-13-132-169-188-6-147-191-90-131-121-51-134-43-195-168"
47,51485,100,19307,70792,"129-180-176-86-95-128-106-159-143-124-62-83-18-55-34-170-152-183-140-199-4-149-28-59-20-60-148-47-154-94-66-22-130-99-185-179-172-52-166-194-113-26-103-114-137-127-89-163-165-187-146-97-141-91-36-61-175-78-142-45-5-177-21-87-104-138-182-139-168-195-145-15-3-70-161-13-132-169-188-6-147-90-134-43-11-49-33-160-29-109-35-0-111-144-56-8-82-77-81-153"
48,50392,100,20568,70960,"36-141-97-77-146-187-165-127-89-103-137-114-26-113-194-166-172-179-185-99-130-22-66-94-47-148-60-20-59-28-149-4-140-183-152-170-34-55-18-62-124-143-159-106-128-95-86-176-180-163-153-81-82-8-56-144-111-0-35-109-29-160-33-49-11-43-134-51-121-131-122-90-191-147-6-188-169-132-13-161-70-3-15-145-195-168-139-182-138-104-87-21-177-5-45-142-78-175-91-61"
49,51221,100,21406,72627,"184-152-170-140-183-130-99-22-185-9-199-4-149-28-59-20-60-148-47-94-66-179-172-166-194-113-26-103-114-137-127-165-89-163-180-176-86-95-55-18-62-128-124-106-159-143-34-189-109-35-0-29-160-144-111-81-153-187-146-77-97-141-91-36-61-175-78-142-45-5-177-82-87-21-8-104-56-33-138-182-11-139-43-168-195-134-51-121-90-147-6-188-169-132-13-145-15-3-70-155"
50,49413,100,20201,69614,"169-132-13-161-70-3-15-145-195-168-29-109-35-0-111-81-153-163-180-176-86-95-128-106-159-143-124-62-18-55-34-170-152-183-140-4-149-28-59-20-60-148-47-94-66-22-130-99-185-179-172-166-194-113-26-114-137-103-89-127-165-187-146-77-97-141-91-36-61-175-78-142-45-5-177-82-87-21-8-104-56-144-160-33-138-182-11-139-43-134-51-121-131-135-122-90-191-147-6-188"
51,50970,100,19366,70336,"180-153-81-77-82-8-56-144-111-0-35-109-29-160-33-49-11-43-134-51-90-147-6-188-169-132-13-161-70-3-15-145-195-168-139-182-138-104-87-21-177-5-45-142-78-175-61-36-91-141-97-146-187-163-89-165-127-137-114-103-26-113-194-166-52-172-179-185-99-130-22-66-94-154-47-148-60-20-59-28-149-4-199-140-183-152-170-34-55-18-83-62-124-143-159-106-128-95-86-176"
52,50243,100,20579,70822,"29-109-35-0-111-81-153-163-180-176-86-95-128-106-159-143-124-62-18-55-34-170-152-183-140-4-149-28-59-20-60-148-47-94-66-22-130-99-185-179-172-166-194-113-26-114-137-103-89-127-165-187-146-77-97-141-91-36-61-175-78-142-45-5-177-82-87-21-8-104-56-144-160-33-138-182-139-11-168-195-43-134-51-121-131-90-191-147-6-188-169-132-13-145-161-70-3-15-155-189"
53,50392,100,20568,70960,"61-91-175-78-142-45-5-177-21-87-104-138-182-139-168-195-145-15-3-70-161-13-132-169-188-6-147-191-90-122-131-121-51-134-43-11-49-33-160-29-109-35-0-111-144-56-8-82-81-153-163-180-176-86-95-128-106-159-143-124-62-18-55-34-170-152-183-140-4-149-28-59-20-60-148-47-94-66-22-130-99-185-179-172-166-194-113-26-114-137-103-89-127-165-187-146-77-97-141-36"
54,51895,100,19379,71274,"9-99-22-130-95-86-128-83-55-34-18-62-124-143-159-106-176-180-153-81-77-82-8-56-144-111-0-35-109-29-160-33-11-43-134-147-6-188-169-132-13-161-70-3-15-145-195-168-139-182-138-104-87-21-177-5-45-142-78-175-61-36-91-141-97-146-187-163-89-165-127-137-114-103-26-113-194-166-185-179-52-172-57-66-94-154-47-148-60-20-59-28-149-4-53-152-170-140-183-199"
55,50997,100,21068,72065,"159-106-124-128-86-176-180-163-89-165-127-137-114-103-26-113-194-166-172-179-185-22-99-130-95-183-140-199-9-66-94-47-148-60-20-59-28-149-4-152-170-62-18-55-34-109-29-189-155-15-3-70-161-145-13-132-169-188-6-147-90-121-51-134-43-195-168-11-139-182-138-33-160-144-56-104-8-21-87-82-177-5-45-142-78-175-61-36-91-141-97-77-146-187-153-81-111-0-35-143"
56,50111,100,20287,70398,"111-35-109-0-29-160-33-49-11-43-134-51-121-131-122-90-191-147-6-188-169-132-13-161-70-3-15-145-195-168-139-182-138-104-56-144-8-21-87-82-177-5-45-142-78-175-61-36-91-141-97-77-146-187-165-127-89-103-137-114-26-113-194-166-172-179-185-99-130-22-66-94-47-148-60-20-59-28-149-4-140-183-152-170-34-55-18-62-124-143-159-106-128-95-86-176-180-163-153-81"
57,52258,100,21145,73403,"147-71-51-121-131-151-54-73-164-31-136-45-5-177-25-104-138-182-139-168-195-145-15-3-70-161-13-132-169-188-6-134-43-11-49-33-160-29-109-35-0-111-144-56-8-82-87-21-77-81-153-163-176-86-95-183-140-130-99-185-179-166-194-113-103-89-127-165-187-97-141-91-61-36-142-78-175-162-80-190-193-117-198-156-1-16-27-38-135-102-63-40-107-100-122-133-10-178-90-191"
58,50970,100,19366,70336,"95-86-176-180-153-81-77-82-8-56-144-111-0-35-109-29-160-33-49-11-43-134-51-90-147-6-188-169-132-13-161-70-3-15-145-195-168-139-182-138-104-87-21-177-5-45-142-78-175-61-36-91-141-97-146-187-163-89-165-127-137-114-103-26-113-194-166-52-172-179-185-99-130-22-66-94-154-47-148-60-20-59-28-149-4-199-140-183-152-170-34-55-18-83-62-124-143-159-106-128"
59,50243,100,20579,70822,"109-29-189-155-15-3-70-161-145-13-132-169-188-6-147-191-90-131-121-51-134-43-195-168-11-139-182-138-33-160-144-56-104-8-21-87-82-177-5-45-142-78-175-61-36-91-141-97-77-146-187-165-127-89-103-137-114-26-113-194-166-172-179-185-99-130-22-66-94-47-148-60-20-59-28-149-4-140-183-152-170-34-55-18-62-124-143-159-106-128-95-86-176-180-163-153-81-111-0-35"
60,49678,100,21453,71131,"25-5-45-142-175-78-36-61-91-141-97-187-165-127-89-103-113-194-166-179-185-99-130-66-94-47-148-60-20-28-140-183-152-170-34-55-18-62-124-106-128-95-86-176-163-153-81-77-21-87-82-8-56-144-111-0-35-109-29-160-33-49-11-43-134-74-118-98-51-121-131-135-63-40-107-100-122-133-10-178-90-191-147-6-188-169-132-13-161-70-3-15-145-195-168-139-182-138-104-177"
61,50243,100,20579,70822,"11-139-182-138-33-160-144-56-104-8-21-87-82-177-5-45-142-78-175-61-36-91-141-97-77-146-187-165-127-89-103-137-114-26-113-194-166-172-179-185-99-130-22-66-94-47-148-60-20-59-28-149-4-140-183-152-170-34-55-18-62-124-143-159-106-128-95-86-176-180-163-153-81-111-0-35-109-29-189-155-15-3-70-161-145-13-132-169-188-6-147-191-90-131-121-51-134-43-195-168"
62,50954,100,19350,70304,"77-81-153-163-180-176-86-95-128-106-159-143-124-62-83-18-55-34-170-152-183-140-199-4-149-28-59-20-60-148-47-154-94-66-22-130-99-185-179-172-52-166-194-113-26-114-137-103-89-127-165-187-146-97-141-91-36-61-175-78-142-45-5-177-21-87-104-138-182-139-168-195-145-15-3-70-161-13-132-169-188-6-147-90-51-134-43-11-49-33-160-29-109-35-0-111-144-56-8-82"
63,51221,100,21406,72627,"184-152-170-140-183-130-99-22-185-9-199-4-149-28-59-20-60-148-47-94-66-179-172-166-194-113-26-103-114-137-127-165-89-163-180-176-86-95-55-18-62-128-124-106-159-143-34-189-109-35-0-29-160-144-111-81-153-187-146-77-97-141-91-36-61-175-78-142-45-5-177-82-87-21-8-104-56-33-138-182-11-139-43-168-195-134-51-121-90-147-6-188-169-132-13-145-15-3-70-155"
64,50141,100,20317,70458,"8-21-87-82-177-5-45-142-78-175-61-36-91-141-97-77-146-187-165-127-89-103-137-114-26-113-194-166-172-179-185-99-130-22-66-94-47-148-60-20-59-28-149-4-140-183-152-170-34-55-18-62-124-143-159-106-128-95-86-176-180-163-153-81-111-0-35-109-29-160-33-49-11-43-134-51-121-131-122-90-191-147-6-188-169-132-13-161-70-3-15-145-195-168-139-182-138-104-56-144"
65,50690,100,20490,71180,"39-0-35-109-29-189-155-15-3-70-161-145-13-132-169-188-6-147-191-90-121-51-134-43-195-168-11-139-182-138-33-56-104-8-21-87-82-177-5-45-142-78-175-61-36-91-141-97-77-146-187-165-127-89-103-137-114-26-113-194-166-172-179-185-99-130-22-66-94-47-148-60-20-59-28-149-4-140-183-152-170-34-55-18-62-124-143-159-106-128-95-86-176-180-163-153-81-111-144-160"
66,52614,100,20817,73431,"115-147-71-191-90-125-51-121-131-151-54-73-164-31-136-45-5-177-25-104-138-182-139-168-195-145-15-3-70-161-13-132-169-188-6-134-43-11-49-33-160-29-109-35-0-111-144-56-8-82-87-21-77-81-153-163-176-86-95-183-130-99-185-179-166-194-113-103-89-127-165-187-97-141-91-61-36-142-78-175-162-80-190-193-117-198-156-1-16-27-38-135-102-63-40-107-100-122-133-10"
67,50954,100,19350,70304,"146-97-141-91-36-61-175-78-142-45-5-177-21-87-104-138-182-139-168-195-145-15-3-70-161-13-132-169-188-6-147-90-51-134-43-11-49-33-160-29-109-35-0-111-144-56-8-82-77-81-153-163-180-176-86-95-128-106-159-143-124-62-83-18-55-34-170-152-183-140-199-4-149-28-59-20-60-148-47-154-94-66-22-130-99-185-179-172-52-166-194-113-26-114-137-103-89-127-165-187"
68,50243,100,20579,70822,"11-139-182-138-33-160-144-56-104-8-21-87-82-177-5-45-142-78-175-61-36-91-141-97-77-146-187-165-127-89-103-137-114-26-113-194-166-172-179-185-99-130-22-66-94-47-148-60-20-59-28-149-4-140-183-152-170-34-55-18-62-124-143-159-106-128-95-86-176-180-163-153-81-111-0-35-109-29-189-155-15-3-70-161-145-13-132-169-188-6-147-191-90-131-121-51-134-43-195-168"
69,52295,100,21182,73477,"71-51-121-131-151-54-73-164-31-136-45-5-177-25-104-138-182-139-168-195-145-15-3-70-161-13-132-169-188-6-134-43-11-49-33-160-29-109-35-0-111-144-56-8-82-87-21-77-81-153-163-176-86-95-183-140-130-99-185-179-166-194-113-103-89-127-165-187-97-141-91-61-36-142-78-175-162-80-190-193-117-198-156-1-16-27-38-135-102-63-40-107-100-122-133-10-178-147-90-191"
70,52784,100,21073,73857,"125-71-147-178-10-133-122-100-107-40-63-102-135-38-27-16-1-156-198-117-193-80-190-162-175-78-142-36-61-91-141-97-187-165-127-89-103-113-194-166-179-185-99-130-183-95-86-176-163-153-81-77-21-87-82-8-56-144-111-0-35-109-29-160-33-49-11-43-134-6-188-169-132-13-161-70-3-15-145-195-168-139-182-138-104-25-177-5-45-136-31-164-73-54-151-131-121-51-191-90"
71,50970,100,19366,70336,"103-114-137-127-165-89-163-187-146-97-141-91-36-61-175-78-142-45-5-177-21-87-104-138-182-139-168-195-145-15-3-70-161-13-132-169-188-6-147-90-51-134-43-11-49-33-160-29-109-35-0-111-144-56-8-82-77-81-153-180-176-86-95-128-106-159-143-124-62-83-18-55-34-170-152-183-140-199-4-149-28-59-20-60-148-47-154-94-66-22-130-99-185-179-172-52-166-194-113-26"
72,49394,100,21169,70563,"175-142-45-5-177-25-104-138-182-139-168-195-145-15-3-70-161-13-132-169-188-6-147-191-90-178-10-133-122-100-107-40-63-135-131-121-51-98-118-74-134-43-11-49-33-160-29-109-35-0-111-144-56-8-82-87-21-77-81-153-163-176-86-95-128-106-124-62-18-55-34-170-152-183-140-28-20-60-148-47-94-66-130-99-185-179-166-194-113-103-89-127-165-187-97-141-91-61-36-78"
73,50970,100,19366,70336,"52-166-194-113-26-103-114-137-127-165-89-163-187-146-97-141-91-36-61-175-78-142-45-5-177-21-87-104-138-182-139-168-195-145-15-3-70-161-13-132-169-188-6-147-90-51-134-43-11-49-33-160-29-109-35-0-111-144-56-8-82-77-81-153-180-176-86-95-128-106-159-143-124-62-83-18-55-34-170-152-183-140-199-4-149-28-59-20-60-148-47-154-94-66-22-130-99-185-179-172"
74,51182,100,18753,69935,"140-152-170-34-55-18-83-62-128-124-143-159-106-176-180-153-81-77-82-8-56-144-111-0-35-109-29-160-33-49-11-43-134-147-6-188-169-132-13-161-70-3-15-145-195-168-139-182-138-104-87-21-177-5-45-142-78-175-61-36-91-141-97-146-187-163-89-165-127-137-114-103-26-113-194-166-86-185-179-52-172-57-66-94-154-47-148-60-20-59-28-149-4-199-9-22-99-130-95-183"
75,49001,100,20856,69857,"85-51-121-131-135-63-122-133-10-90-191-147-6-188-169-132-13-161-70-3-15-145-195-168-29-109-35-0-111-81-153-163-180-176-86-95-128-106-143-124-62-18-55-34-170-152-183-140-4-149-28-20-60-148-47-94-66-22-130-99-185-179-172-166-194-113-114-137-103-89-127-165-187-146-77-97-141-91-36-61-175-78-142-45-5-177-82-87-21-8-104-56-144-160-33-138-182-11-139-134"
76,52727,100,21016,73743,"133-122-100-107-40-63-102-135-38-27-16-1-156-198-117-193-80-190-162-175-78-142-36-61-91-141-97-187-165-127-89-103-113-194-166-179-185-99-130-183-95-86-176-163-153-81-77-21-87-82-8-56-144-111-0-35-109-29-160-33-49-11-43-134-6-188-169-132-13-161-70-3-15-145-195-168-139-182-138-104-25-177-5-45-136-31-164-73-54-151-131-121-51-125-191-90-71-147-178-10"
77,49001,100,20856,69857,"85-51-121-131-135-63-122-133-10-90-191-147-6-188-169-132-13-161-70-3-15-145-195-168-29-109-35-0-111-81-153-163-180-176-86-95-128-106-143-124-62-18-55-34-170-152-183-140-4-149-28-20-60-148-47-94-66-22-130-99-185-179-172-166-194-113-114-137-103-89-127-165-187-146-77-97-141-91-36-61-175-78-142-45-5-177-82-87-21-8-104-56-144-160-33-138-182-11-139-134"
78,50997,100,21068,72065,"159-106-124-128-86-176-180-163-89-165-127-137-114-103-26-113-194-166-172-179-185-22-99-130-95-183-140-199-9-66-94-47-148-60-20-59-28-149-4-152-170-62-18-55-34-109-29-189-155-15-3-70-161-145-13-132-169-188-6-147-90-121-51-134-43-195-168-11-139-182-138-33-160-144-56-104-8-21-87-82-177-5-45-142-78-175-61-36-91-141-97-77-146-187-153-81-111-0-35-143"
79,49678,100,21453,71131,"25-5-45-142-175-78-36-61-91-141-97-187-165-127-89-103-113-194-166-179-185-99-130-66-94-47-148-60-20-28-140-183-152-170-34-55-18-62-124-106-128-95-86-176-163-153-81-77-21-87-82-8-56-144-111-0-35-109-29-160-33-49-11-43-134-74-118-98-51-121-131-135-63-40-107-100-122-133-10-178-90-191-147-6-188-169-132-13-161-70-3-15-145-195-168-139-182-138-104-177"
80,50954,100,19350,70304,"141-97-146-187-165-127-89-103-137-114-26-113-194-166-52-172-179-185-99-130-22-66-94-154-47-148-60-20-59-28-149-4-199-140-183-152-170-34-55-18-83-62-124-143-159-106-128-95-86-176-180-163-153-81-77-82-8-56-144-111-0-35-109-29-160-33-49-11-43-134-51-90-147-6-188-169-132-13-161-70-3-15-145-195-168-139-182-138-104-87-21-177-5-45-142-78-175-61-36-91"
81,49413,100,20201,69614,"13-161-70-3-15-145-195-168-29-109-35-0-111-81-153-163-180-176-86-95-128-106-159-143-124-62-18-55-34-170-152-183-140-4-149-28-59-20-60-148-47-94-66-22-130-99-185-179-172-166-194-113-26-114-137-103-89-127-165-187-146-77-97-141-91-36-61-175-78-142-45-5-177-82-87-21-8-104-56-144-160-33-138-182-11-139-43-134-51-121-131-135-122-90-191-147-6-188-169-132"
82,49678,100,21453,71131,"25-5-45-142-175-78-36-61-91-141-97-187-165-127-89-103-113-194-166-179-185-99-130-66-94-47-148-60-20-28-140-183-152-170-34-55-18-62-124-106-128-95-86-176-163-153-81-77-21-87-82-8-56-144-111-0-35-109-29-160-33-49-11-43-134-74-118-98-51-121-131-135-63-40-107-100-122-133-10-178-90-191-147-6-188-169-132-13-161-70-3-15-145-195-168-139-182-138-104-177"
83,51109,100,19505,70614,"165-163-187-146-97-141-91-36-61-175-78-142-45-5-177-21-87-104-138-182-139-168-195-145-15-3-70-161-13-132-169-188-6-147-90-51-134-43-11-49-33-160-29-109-35-0-111-144-56-8-82-77-81-153-180-176-86-95-128-106-159-143-124-62-83-18-55-34-170-152-183-140-199-4-149-28-59-20-60-148-47-154-94-66-22-130-99-185-179-172-52-166-194-113-26-114-137-103-89-127"
84,50243,100,20579,70822,"0-35-109-29-189-155-15-3-70-161-145-13-132-169-188-6-147-191-90-131-121-51-134-43-195-168-11-139-182-138-33-160-144-56-104-8-21-87-82-177-5-45-142-78-175-61-36-91-141-97-77-146-187-165-127-89-103-137-114-26-113-194-166-172-179-185-99-130-22-66-94-47-148-60-20-59-28-149-4-140-183-152-170-34-55-18-62-124-143-159-106-128-95-86-176-180-163-153-81-111"
85,52727,100,21016,73743,"102-135-38-27-16-1-156-198-117-193-80-190-162-175-78-142-36-61-91-141-97-187-165-127-89-103-113-194-166-179-185-99-130-183-95-86-176-163-153-81-77-21-87-82-8-56-144-111-0-35-109-29-160-33-49-11-43-134-6-188-169-132-13-161-70-3-15-145-195-168-139-182-138-104-25-177-5-45-136-31-164-73-54-151-131-121-51-125-191-90-71-147-178-10-133-122-100-107-40-63"
86,57140,100,18971,76111,"40-100-63-102-32-135-122-90-191-125-131-38-27-16-1-156-198-117-193-80-190-162-175-78-142-36-61-91-141-97-187-127-89-103-163-153-81-77-21-87-82-8-56-144-111-0-35-109-29-160-33-49-11-43-134-6-188-169-132-13-161-70-3-15-145-195-168-139-182-138-104-25-177-5-45-136-31-54-164-73-151-19-112-121-116-118-74-98-51-120-71-147-115-178-10-133-44-72-17-107"
87,50243,100,20579,70822,"182-139-11-168-195-43-134-51-121-131-90-191-147-6-188-169-132-13-145-161-70-3-15-155-189-29-109-35-0-111-81-153-163-180-176-86-95-128-106-159-143-124-62-18-55-34-170-152-183-140-4-149-28-59-20-60-148-47-94-66-22-130-99-185-179-172-166-194-113-26-114-137-103-89-127-165-187-146-77-97-141-91-36-61-175-78-142-45-5-177-82-87-21-8-104-56-144-160-33-138"
88,52260,100,19636,71896,"70-161-188-6-169-132-13-126-168-195-145-15-189-34-109-29-49-11-139-182-138-33-160-144-56-104-8-21-87-82-177-5-45-142-78-175-61-36-79-91-141-97-77-146-187-153-81-111-0-35-143-159-106-124-128-62-18-55-83-95-86-176-180-163-89-165-127-137-114-103-26-113-194-166-52-172-179-66-94-47-148-60-20-59-28-149-4-199-9-185-22-99-130-183-140-170-152-184-155-3"
89,50970,100,19366,70336,"113-194-166-52-172-179-185-99-130-22-66-94-154-47-148-60-20-59-28-149-4-199-140-183-152-170-34-55-18-83-62-124-143-159-106-128-95-86-176-180-153-81-77-82-8-56-144-111-0-35-109-29-160-33-49-11-43-134-51-90-147-6-188-169-132-13-161-70-3-15-145-195-168-139-182-138-104-87-21-177-5-45-142-78-175-61-36-91-141-97-146-187-163-89-165-127-137-114-103-26"
90,51849,100,19333,71182,"149-4-53-152-170-140-183-199-9-130-95-86-128-83-55-34-18-62-124-143-159-106-176-180-153-81-77-82-8-56-144-111-0-35-109-29-160-33-11-43-134-147-6-188-169-132-13-161-70-3-15-145-195-168-139-182-138-104-87-21-177-5-45-142-78-175-61-36-91-141-97-146-187-163-89-165-127-137-114-103-26-113-194-166-185-99-22-179-52-172-57-66-94-154-47-148-60-20-59-28"
91,52250,100,19658,71908,"66-148-99-22-179-172-52-185-166-194-113-26-103-114-137-127-165-89-163-187-146-97-141-91-36-61-175-78-142-45-5-177-21-87-104-138-182-139-168-195-145-15-3-70-161-13-132-169-188-6-147-134-43-11-49-33-160-29-109-35-0-111-144-56-8-82-77-81-153-180-176-106-159-143-124-62-18-34-55-83-128-86-95-130-9-199-183-140-170-152-53-4-149-28-59-20-60-47-154-94"
92,50954,100,19350,70304,"77-81-153-163-180-176-86-95-128-106-159-143-124-62-83-18-55-34-170-152-183-140-199-4-149-28-59-20-60-148-47-154-94-66-22-130-99-185-179-172-52-166-194-113-26-114-137-103-89-127-165-187-146-97-141-91-36-61-175-78-142-45-5-177-21-87-104-138-182-139-168-195-145-15-3-70-161-13-132-169-188-6-147-90-51-134-43-11-49-33-160-29-109-35-0-111-144-56-8-82"
93,52248,100,19450,71698,"93-76-166-52-172-179-185-99-130-22-66-94-154-47-148-60-20-59-28-149-4-199-140-183-152-170-34-55-18-83-62-124-143-159-106-128-95-86-194-176-180-113-26-103-163-153-81-77-82-8-56-144-111-0-35-109-29-160-33-11-43-134-147-6-188-169-132-13-161-70-3-15-145-195-168-139-182-138-104-87-21-177-5-45-142-78-175-61-36-91-141-97-146-187-89-165-127-114-137-75"
94,50970,100,19366,70336,"52-166-194-113-26-103-114-137-127-165-89-163-187-146-97-141-91-36-61-175-78-142-45-5-177-21-87-104-138-182-139-168-195-145-15-3-70-161-13-132-169-188-6-147-90-51-134-43-11-49-33-160-29-109-35-0-111-144-56-8-82-77-81-153-180-176-86-95-128-106-159-143-124-62-83-18-55-34-170-152-183-140-199-4-149-28-59-20-60-148-47-154-94-66-22-130-99-185-179-172"
95,49584,100,22177,71761,"158-25-182-138-33-160-144-56-104-8-21-87-82-177-5-45-142-78-175-61-36-91-141-97-77-187-165-127-89-103-113-194-166-179-185-99-130-66-94-47-148-60-20-28-149-140-183-152-170-34-55-18-62-124-106-128-95-86-176-163-153-81-111-0-35-109-29-189-155-15-3-70-145-13-132-169-188-6-195-168-11-139-134-74-118-98-51-191-90-147-10-133-122-100-107-40-63-135-131-121"
96,50674,100,20221,70895,"79-61-36-141-97-77-146-187-165-127-89-103-137-114-26-113-194-166-172-179-185-99-130-22-66-94-47-148-60-20-59-28-149-4-140-183-152-170-34-55-18-62-124-143-159-106-128-95-86-176-180-163-153-81-82-8-56-144-111-0-35-109-29-160-33-49-11-43-134-51-121-131-90-191-147-6-188-169-132-13-161-70-3-15-145-195-168-139-182-138-104-87-21-177-5-45-142-78-175-91"
97,52995,100,20412,73407,"156-198-117-193-80-190-162-175-78-142-36-61-91-141-97-187-165-127-89-103-113-194-166-179-185-130-95-86-176-163-153-81-77-21-87-82-8-56-144-111-0-35-109-29-160-33-49-11-43-134-6-188-169-132-13-161-70-3-15-145-195-168-139-182-138-104-25-177-5-45-136-31-164-73-54-151-19-112-121-131-125-51-191-90-71-147-178-10-133-122-100-107-40-63-102-135-38-27-16-1"
98,50970,100,19366,70336,"26-103-114-137-127-165-89-163-187-146-97-141-91-36-61-175-78-142-45-5-177-21-87-104-138-182-139-168-195-145-15-3-70-161-13-132-169-188-6-147-90-51-134-43-11-49-33-160-29-109-35-0-111-144-56-8-82-77-81-153-180-176-86-95-128-106-159-143-124-62-83-18-55-34-170-152-183-140-199-4-149-28-59-20-60-148-47-154-94-66-22-130-99-185-179-172-52-166-194-113"
99,50392,100,20568,70960,"91-61-36-141-97-77-146-187-165-127-89-103-137-114-26-113-194-166-172-179-185-99-130-22-66-94-47-148-60-20-59-28-149-4-140-183-152-170-34-55-18-62-124-143-159-106-128-95-86-176-180-163-153-81-82-8-56-144-111-0-35-109-29-160-33-49-11-43-134-51-121-131-122-90-191-147-6-188-169-132-13-161-70-3-15-145-195-168-139-182-138-104-87-21-177-5-45-142-78-175"
100,50608,100,21253,71861,"54-117-198-193-80-190-162-175-78-142-36-61-91-141-97-187-165-127-89-103-113-194-166-179-185-99-130-140-183-55-18-62-124-106-95-86-176-163-153-81-77-21-87-82-8-56-144-111-0-35-109-29-160-33-49-11-43-134-74-118-98-51-121-131-135-63-40-107-100-122-133-10-178-90-191-147-6-188-169-132-13-161-70-3-15-145-195-168-139-182-138-104-25-177-5-45-136-31-164-73"
