SolutionID,TotalCost,NumNodes,TotalDistance,ObjectiveFunction,Cycle
1,50970,100,19366,70336,"176-86-95-128-106-159-143-124-62-83-18-55-34-170-152-183-140-199-4-149-28-59-20-60-148-47-154-94-66-22-130-99-185-179-172-52-166-194-113-26-103-114-137-127-165-89-163-187-146-97-141-91-36-61-175-78-142-45-5-177-21-87-104-138-182-139-168-195-145-15-3-70-161-13-132-169-188-6-147-90-51-134-43-11-49-33-160-29-109-35-0-111-144-56-8-82-77-81-153-180"
2,51182,100,18753,69935,"140-152-170-34-55-18-83-62-128-124-143-159-106-176-180-153-81-77-82-8-56-144-111-0-35-109-29-160-33-49-11-43-134-147-6-188-169-132-13-161-70-3-15-145-195-168-139-182-138-104-87-21-177-5-45-142-78-175-61-36-91-141-97-146-187-163-89-165-127-137-114-103-26-113-194-166-86-185-179-52-172-57-66-94-154-47-148-60-20-59-28-149-4-199-9-22-99-130-95-183"
3,52887,100,20941,73828,"67-51-121-131-151-54-73-164-31-136-45-5-177-25-104-138-182-139-168-195-145-15-3-70-161-13-132-169-188-6-134-43-11-49-33-160-29-109-35-0-111-144-56-8-82-87-21-77-81-153-163-176-86-95-183-130-99-185-179-166-194-113-103-89-127-165-187-97-141-91-61-36-142-78-175-162-80-190-193-117-198-156-1-16-27-38-135-102-63-40-107-100-122-133-10-178-147-71-90-191"
4,50970,100,19366,70336,"179-172-52-166-194-113-26-103-114-137-127-165-89-163-187-146-97-141-91-36-61-175-78-142-45-5-177-21-87-104-138-182-139-168-195-145-15-3-70-161-13-132-169-188-6-147-90-51-134-43-11-49-33-160-29-109-35-0-111-144-56-8-82-77-81-153-180-176-86-95-128-106-159-143-124-62-83-18-55-34-170-152-183-140-199-4-149-28-59-20-60-148-47-154-94-66-22-130-99-185"
5,52665,100,20954,73619,"191-125-51-121-131-151-54-73-164-31-136-45-5-177-25-104-138-182-139-168-195-145-15-3-70-161-13-132-169-188-6-134-43-11-49-33-160-29-109-35-0-111-144-56-8-82-87-21-77-81-153-163-176-86-95-183-130-99-185-179-166-194-113-103-89-127-165-187-97-141-91-61-36-142-78-175-162-80-190-193-117-198-156-1-16-27-38-135-102-63-40-107-100-122-133-10-178-147-71-90"
6,51591,100,19535,71126,"76-166-52-172-179-185-99-130-22-66-94-154-47-148-60-20-59-28-149-4-199-140-183-152-170-34-55-18-83-62-124-143-159-106-128-95-86-194-176-180-113-26-103-163-153-81-77-82-8-56-144-111-0-35-109-29-160-33-49-11-43-134-90-147-6-188-169-132-13-161-70-3-15-145-195-168-139-182-138-104-87-21-177-5-45-142-78-175-61-36-91-141-97-146-187-89-165-127-137-114"
7,52727,100,21016,73743,"90-71-147-178-10-133-122-100-107-40-63-102-135-38-27-16-1-156-198-117-193-80-190-162-175-78-142-36-61-91-141-97-187-165-127-89-103-113-194-166-179-185-99-130-183-95-86-176-163-153-81-77-21-87-82-8-56-144-111-0-35-109-29-160-33-49-11-43-134-6-188-169-132-13-161-70-3-15-145-195-168-139-182-138-104-25-177-5-45-136-31-164-73-54-151-131-121-51-125-191"
8,52250,100,19658,71908,"47-60-20-59-28-149-4-53-152-170-140-183-199-9-130-95-86-128-83-55-34-18-62-124-143-159-106-176-180-153-81-77-82-8-56-144-111-0-35-109-29-160-33-49-11-43-134-147-6-188-169-132-13-161-70-3-15-145-195-168-139-182-138-104-87-21-177-5-45-142-78-175-61-36-91-141-97-146-187-163-89-165-127-137-114-103-26-113-194-166-185-52-172-179-22-99-148-66-94-154"
9,51793,100,21572,73365,"42-80-190-162-175-78-142-36-61-91-141-97-187-165-127-89-103-113-194-166-179-185-99-130-140-183-18-62-95-86-176-163-153-81-77-21-87-82-8-56-144-111-0-35-109-29-160-33-49-11-43-134-74-118-98-51-121-131-135-63-40-107-100-122-133-10-178-90-191-147-6-188-169-132-13-161-70-3-15-145-195-168-139-182-138-104-25-177-5-45-136-193-31-164-73-54-117-198-1-156"
10,49001,100,20856,69857,"85-51-121-131-135-63-122-133-10-90-191-147-6-188-169-132-13-161-70-3-15-145-195-168-29-109-35-0-111-81-153-163-180-176-86-95-128-106-143-124-62-18-55-34-170-152-183-140-4-149-28-20-60-148-47-94-66-22-130-99-185-179-172-166-194-113-114-137-103-89-127-165-187-146-77-97-141-91-36-61-175-78-142-45-5-177-82-87-21-8-104-56-144-160-33-138-182-11-139-134"
11,49459,100,20677,70136,"58-111-35-109-0-29-160-33-49-11-43-134-74-118-98-51-121-131-135-63-40-107-100-122-133-10-178-90-191-147-6-188-169-132-13-161-70-3-15-145-195-168-139-182-138-104-56-144-8-82-87-21-177-5-45-142-78-175-61-36-91-141-97-187-165-127-89-103-113-194-166-179-185-99-130-66-94-47-148-60-20-28-140-183-152-170-34-55-18-62-124-106-128-95-86-176-163-153-81-77"
12,51221,100,21406,72627,"184-152-170-140-183-130-99-22-185-9-199-4-149-28-59-20-60-148-47-94-66-179-172-166-194-113-26-103-114-137-127-165-89-163-180-176-86-95-55-18-62-128-124-106-159-143-34-189-109-35-0-29-160-144-111-81-153-187-146-77-97-141-91-36-61-175-78-142-45-5-177-82-87-21-8-104-56-33-138-182-11-139-43-168-195-134-51-121-90-147-6-188-169-132-13-145-15-3-70-155"
13,49678,100,21453,71131,"25-5-45-142-175-78-36-61-91-141-97-187-165-127-89-103-113-194-166-179-185-99-130-66-94-47-148-60-20-28-140-183-152-170-34-55-18-62-124-106-128-95-86-176-163-153-81-77-21-87-82-8-56-144-111-0-35-109-29-160-33-49-11-43-134-74-118-98-51-121-131-135-63-40-107-100-122-133-10-178-90-191-147-6-188-169-132-13-161-70-3-15-145-195-168-139-182-138-104-177"
14,49413,100,20201,69614,"6-147-191-90-122-135-131-121-51-134-43-139-11-182-138-33-160-144-56-104-8-21-87-82-177-5-45-142-78-175-61-36-91-141-97-77-146-187-165-127-89-103-137-114-26-113-194-166-172-179-185-99-130-22-66-94-47-148-60-20-59-28-149-4-140-183-152-170-34-55-18-62-124-143-159-106-128-95-86-176-180-163-153-81-111-0-35-109-29-168-195-145-15-3-70-161-13-132-169-188"
15,52981,100,20493,73474,"116-51-125-191-90-71-147-178-10-133-122-100-107-40-63-102-135-38-27-16-1-156-198-117-193-80-190-162-175-78-142-36-61-91-141-97-187-165-127-89-103-113-194-166-179-185-99-130-95-86-176-163-153-81-77-21-87-82-8-56-144-111-0-35-109-29-160-33-49-11-43-134-6-188-169-132-13-161-70-3-15-145-195-168-139-182-138-104-25-177-5-45-136-31-164-73-54-151-131-121"
16,50549,100,21194,71743,"198-54-73-164-31-136-45-5-177-25-104-138-182-139-168-195-145-15-3-70-161-13-132-169-188-6-147-191-90-178-10-133-122-100-107-40-63-135-131-121-51-98-118-74-134-43-11-49-33-160-29-109-35-0-111-144-56-8-82-87-21-77-81-153-163-176-86-95-106-124-62-18-55-183-140-130-99-185-179-166-194-113-103-89-127-165-187-97-141-91-61-36-142-78-175-162-80-190-193-117"
17,50243,100,20579,70822,"0-35-109-29-189-155-15-3-70-161-145-13-132-169-188-6-147-191-90-131-121-51-134-43-195-168-11-139-182-138-33-160-144-56-104-8-21-87-82-177-5-45-142-78-175-61-36-91-141-97-77-146-187-165-127-89-103-137-114-26-113-194-166-172-179-185-99-130-22-66-94-47-148-60-20-59-28-149-4-140-183-152-170-34-55-18-62-124-143-159-106-128-95-86-176-180-163-153-81-111"
18,50243,100,20579,70822,"160-144-56-104-8-21-87-82-177-5-45-142-78-175-61-36-91-141-97-77-146-187-165-127-89-103-137-114-26-113-194-166-172-179-185-99-130-22-66-94-47-148-60-20-59-28-149-4-140-183-152-170-34-55-18-62-124-143-159-106-128-95-86-176-180-163-153-81-111-0-35-109-29-189-155-15-3-70-161-145-13-132-169-188-6-147-191-90-131-121-51-134-43-195-168-11-139-182-138-33"
19,50954,100,19350,70304,"81-153-163-180-176-86-95-128-106-159-143-124-62-83-18-55-34-170-152-183-140-199-4-149-28-59-20-60-148-47-154-94-66-22-130-99-185-179-172-52-166-194-113-26-114-137-103-89-127-165-187-146-97-141-91-36-61-175-78-142-45-5-177-21-87-104-138-182-139-168-195-145-15-3-70-161-13-132-169-188-6-147-90-51-134-43-11-49-33-160-29-109-35-0-111-144-56-8-82-77"
20,49394,100,21169,70563,"142-45-5-177-25-104-138-182-139-168-195-145-15-3-70-161-13-132-169-188-6-147-191-90-178-10-133-122-100-107-40-63-135-131-121-51-98-118-74-134-43-11-49-33-160-29-109-35-0-111-144-56-8-82-87-21-77-81-153-163-176-86-95-128-106-124-62-18-55-34-170-152-183-140-28-20-60-148-47-94-66-130-99-185-179-166-194-113-103-89-127-165-187-97-141-91-61-36-78-175"
21,50674,100,20221,70895,"79-61-36-141-97-77-146-187-165-127-89-103-137-114-26-113-194-166-172-179-185-99-130-22-66-94-47-148-60-20-59-28-149-4-140-183-152-170-34-55-18-62-124-143-159-106-128-95-86-176-180-163-153-81-82-8-56-144-111-0-35-109-29-160-33-49-11-43-134-51-121-131-90-191-147-6-188-169-132-13-161-70-3-15-145-195-168-139-182-138-104-87-21-177-5-45-142-78-175-91"
22,51403,100,18912,70315,"174-95-130-99-22-9-199-4-149-28-59-20-60-148-47-154-94-66-57-172-52-179-185-86-166-194-113-26-103-114-137-127-165-89-163-187-146-97-141-91-36-61-175-78-142-45-5-177-21-87-104-138-182-139-168-195-145-15-3-70-161-13-132-169-188-6-147-134-43-11-33-160-29-109-35-0-111-144-56-8-82-77-81-153-180-176-106-159-143-124-128-62-83-18-55-34-170-152-140-183"
23,50954,100,19350,70304,"97-141-91-36-61-175-78-142-45-5-177-21-87-104-138-182-139-168-195-145-15-3-70-161-13-132-169-188-6-147-90-51-134-43-11-49-33-160-29-109-35-0-111-144-56-8-82-77-81-153-163-180-176-86-95-128-106-159-143-124-62-83-18-55-34-170-152-183-140-199-4-149-28-59-20-60-148-47-154-94-66-22-130-99-185-179-172-52-166-194-113-26-114-137-103-89-127-165-187-146"
24,49891,100,20039,69930,"126-195-168-29-109-35-0-111-81-153-163-180-176-86-95-128-106-159-143-124-62-18-55-34-170-152-183-140-4-149-28-59-20-60-148-47-94-66-22-130-99-185-179-172-166-194-113-26-114-137-103-89-127-165-187-146-77-97-141-91-36-61-175-78-142-45-5-177-82-87-21-8-104-56-144-160-33-138-182-11-139-43-134-51-121-131-122-90-191-147-6-188-169-132-161-70-3-15-145-13"
25,49413,100,20201,69614,"134-51-121-131-135-122-90-191-147-6-188-169-132-13-161-70-3-15-145-195-168-29-109-35-0-111-81-153-163-180-176-86-95-128-106-159-143-124-62-18-55-34-170-152-183-140-4-149-28-59-20-60-148-47-94-66-22-130-99-185-179-172-166-194-113-26-114-137-103-89-127-165-187-146-77-97-141-91-36-61-175-78-142-45-5-177-82-87-21-8-104-56-144-160-33-138-182-11-139-43"
26,50243,100,20579,70822,"0-35-109-29-189-155-15-3-70-161-145-13-132-169-188-6-147-191-90-131-121-51-134-43-195-168-11-139-182-138-33-160-144-56-104-8-21-87-82-177-5-45-142-78-175-61-36-91-141-97-77-146-187-165-127-89-103-137-114-26-113-194-166-172-179-185-99-130-22-66-94-47-148-60-20-59-28-149-4-140-183-152-170-34-55-18-62-124-143-159-106-128-95-86-176-180-163-153-81-111"
27,52933,100,20350,73283,"151-54-73-164-31-136-45-5-177-25-104-138-182-139-168-195-145-15-3-70-161-13-132-169-188-6-134-43-11-49-33-160-29-109-35-0-111-144-56-8-82-87-21-77-81-153-163-176-86-95-130-185-179-166-194-113-103-89-127-165-187-97-141-91-61-36-142-78-175-162-80-190-193-117-198-156-1-16-27-38-135-102-63-40-107-100-122-133-10-178-147-71-90-191-51-125-131-121-112-19"
28,50735,100,20152,70887,"50-82-87-21-91-61-36-175-78-142-45-5-177-8-144-56-104-138-182-139-168-195-145-15-3-70-161-13-132-169-188-6-147-191-90-131-121-51-134-43-11-49-33-160-29-0-109-35-111-81-153-163-180-176-86-95-128-106-159-143-124-62-18-55-34-170-152-183-140-4-149-28-59-20-60-148-47-94-66-22-130-99-185-179-172-166-194-113-26-114-137-103-89-127-165-187-146-97-141-77"
29,50043,100,20932,70975,"189-109-35-0-29-160-144-111-81-153-163-180-176-86-95-128-106-159-143-124-62-18-55-34-170-152-183-140-4-149-28-59-20-60-148-47-94-66-22-130-99-185-179-172-166-194-113-26-114-137-103-89-127-165-187-146-77-97-141-91-36-61-175-78-142-45-5-177-82-87-21-8-104-56-33-138-182-11-139-43-168-195-134-51-121-131-122-90-191-147-6-188-169-132-13-145-15-3-70-155"
30,50970,100,19366,70336,"172-52-166-194-113-26-103-114-137-127-165-89-163-187-146-97-141-91-36-61-175-78-142-45-5-177-21-87-104-138-182-139-168-195-145-15-3-70-161-13-132-169-188-6-147-90-51-134-43-11-49-33-160-29-109-35-0-111-144-56-8-82-77-81-153-180-176-86-95-128-106-159-143-124-62-83-18-55-34-170-152-183-140-199-4-149-28-59-20-60-148-47-154-94-66-22-130-99-185-179"
31,52665,100,20954,73619,"131-151-54-73-164-31-136-45-5-177-25-104-138-182-139-168-195-145-15-3-70-161-13-132-169-188-6-134-43-11-49-33-160-29-109-35-0-111-144-56-8-82-87-21-77-81-153-163-176-86-95-183-130-99-185-179-166-194-113-103-89-127-165-187-97-141-91-61-36-142-78-175-162-80-190-193-117-198-156-1-16-27-38-135-102-63-40-107-100-122-133-10-178-147-71-90-191-125-51-121"
32,50546,100,21191,71737,"117-54-73-164-31-136-45-5-177-25-104-138-182-139-168-195-145-15-3-70-161-13-132-169-188-6-147-191-90-178-10-133-122-100-107-40-63-135-131-121-51-98-118-74-134-43-11-49-33-160-29-109-35-0-111-144-56-8-82-87-21-77-81-153-163-176-86-95-106-124-62-18-55-183-140-130-99-185-179-166-194-113-103-89-127-165-187-97-141-91-61-36-142-78-175-162-80-190-193-198"
33,52727,100,21016,73743,"90-71-147-178-10-133-122-100-107-40-63-102-135-38-27-16-1-156-198-117-193-80-190-162-175-78-142-36-61-91-141-97-187-165-127-89-103-113-194-166-179-185-99-130-183-95-86-176-163-153-81-77-21-87-82-8-56-144-111-0-35-109-29-160-33-49-11-43-134-6-188-169-132-13-161-70-3-15-145-195-168-139-182-138-104-25-177-5-45-136-31-164-73-54-151-131-121-51-125-191"
34,49413,100,20201,69614,"168-29-109-35-0-111-81-153-163-180-176-86-95-128-106-159-143-124-62-18-55-34-170-152-183-140-4-149-28-59-20-60-148-47-94-66-22-130-99-185-179-172-166-194-113-26-114-137-103-89-127-165-187-146-77-97-141-91-36-61-175-78-142-45-5-177-82-87-21-8-104-56-144-160-33-138-182-11-139-43-134-51-121-131-135-122-90-191-147-6-188-169-132-13-161-70-3-15-145-195"
35,53026,100,20443,73469,"19-112-121-131-125-51-191-90-71-147-178-10-133-122-100-107-40-63-102-135-38-27-16-1-156-198-117-193-80-190-162-175-78-142-36-61-91-141-97-187-165-127-89-103-113-194-166-179-185-130-95-86-176-163-153-81-77-21-87-82-8-56-144-111-0-35-109-29-160-33-49-11-43-134-6-188-169-132-13-161-70-3-15-145-195-168-139-182-138-104-25-177-5-45-136-31-54-164-73-151"
36,52250,100,19658,71908,"66-148-99-22-179-172-52-185-166-194-113-26-103-114-137-127-165-89-163-187-146-97-141-91-36-61-175-78-142-45-5-177-21-87-104-138-182-139-168-195-145-15-3-70-161-13-132-169-188-6-147-134-43-11-49-33-160-29-109-35-0-111-144-56-8-82-77-81-153-180-176-106-159-143-124-62-18-34-55-83-128-86-95-130-9-199-183-140-170-152-53-4-149-28-59-20-60-47-154-94"
37,52484,100,19736,72220,"65-188-6-169-126-168-195-145-15-189-34-109-29-49-11-139-182-138-33-160-144-56-104-8-21-87-82-177-5-45-142-78-175-61-36-91-141-97-77-146-187-153-81-111-0-35-143-159-106-124-128-62-18-55-83-95-86-176-180-163-89-165-127-137-114-103-26-113-194-166-52-172-179-66-94-47-148-60-20-59-28-149-4-199-9-185-22-99-130-183-140-170-152-184-155-3-70-161-13-132"
38,52340,100,19657,71997,"23-20-59-28-149-4-53-152-170-140-183-199-9-130-95-86-128-83-55-34-18-62-124-143-159-106-176-180-153-81-77-82-8-56-144-111-0-35-109-29-160-33-11-43-134-147-6-188-169-132-13-161-70-3-15-145-195-168-139-182-138-104-87-21-177-5-45-142-78-175-61-36-91-141-97-146-187-163-89-165-127-137-114-103-26-113-194-166-185-52-172-179-22-99-148-47-66-94-154-60"
39,51534,100,19292,70826,"186-163-180-176-86-95-128-106-159-143-124-62-83-18-55-34-170-152-183-140-199-4-149-28-59-20-60-148-47-154-94-66-22-130-99-185-179-172-52-166-194-113-26-114-137-103-89-127-165-187-146-97-141-91-36-61-175-78-142-45-5-177-21-87-104-138-182-139-168-195-145-15-3-70-161-13-132-169-188-6-147-90-134-43-11-49-33-160-29-109-35-0-111-144-56-8-82-77-81-153"
40,51895,100,19379,71274,"9-99-22-130-95-86-128-83-55-34-18-62-124-143-159-106-176-180-153-81-77-82-8-56-144-111-0-35-109-29-160-33-11-43-134-147-6-188-169-132-13-161-70-3-15-145-195-168-139-182-138-104-87-21-177-5-45-142-78-175-61-36-91-141-97-146-187-163-89-165-127-137-114-103-26-113-194-166-185-179-52-172-57-66-94-154-47-148-60-20-59-28-149-4-53-152-170-140-183-199"
41,52258,100,21145,73403,"147-71-51-121-131-151-54-73-164-31-136-45-5-177-25-104-138-182-139-168-195-145-15-3-70-161-13-132-169-188-6-134-43-11-49-33-160-29-109-35-0-111-144-56-8-82-87-21-77-81-153-163-176-86-95-183-140-130-99-185-179-166-194-113-103-89-127-165-187-97-141-91-61-36-142-78-175-162-80-190-193-117-198-156-1-16-27-38-135-102-63-40-107-100-122-133-10-178-90-191"
42,50970,100,19366,70336,"166-194-113-26-103-114-137-127-165-89-163-187-146-97-141-91-36-61-175-78-142-45-5-177-21-87-104-138-182-139-168-195-145-15-3-70-161-13-132-169-188-6-147-90-51-134-43-11-49-33-160-29-109-35-0-111-144-56-8-82-77-81-153-180-176-86-95-128-106-159-143-124-62-83-18-55-34-170-152-183-140-199-4-149-28-59-20-60-148-47-154-94-66-22-130-99-185-179-172-52"
43,49413,100,20201,69614,"188-6-147-191-90-122-135-131-121-51-134-43-139-11-182-138-33-160-144-56-104-8-21-87-82-177-5-45-142-78-175-61-36-91-141-97-77-146-187-165-127-89-103-137-114-26-113-194-166-172-179-185-99-130-22-66-94-47-148-60-20-59-28-149-4-140-183-152-170-34-55-18-62-124-143-159-106-128-95-86-176-180-163-153-81-111-0-35-109-29-168-195-145-15-3-70-161-13-132-169"
44,49413,100,20201,69614,"168-29-109-35-0-111-81-153-163-180-176-86-95-128-106-159-143-124-62-18-55-34-170-152-183-140-4-149-28-59-20-60-148-47-94-66-22-130-99-185-179-172-166-194-113-26-114-137-103-89-127-165-187-146-77-97-141-91-36-61-175-78-142-45-5-177-82-87-21-8-104-56-144-160-33-138-182-11-139-43-134-51-121-131-135-122-90-191-147-6-188-169-132-13-161-70-3-15-145-195"
45,52933,100,20350,73283,"1-16-27-38-135-102-63-40-107-100-122-133-10-178-147-71-90-191-51-125-131-121-112-19-151-54-73-164-31-136-45-5-177-25-104-138-182-139-168-195-145-15-3-70-161-13-132-169-188-6-134-43-11-49-33-160-29-109-35-0-111-144-56-8-82-87-21-77-81-153-163-176-86-95-130-185-179-166-194-113-103-89-127-165-187-97-141-91-61-36-142-78-175-162-80-190-193-117-198-156"
46,52997,100,20470,73467,"44-122-100-107-40-63-102-135-38-27-16-1-156-198-117-193-80-190-162-175-78-142-36-61-91-141-97-187-165-127-89-103-113-194-166-179-185-99-130-95-86-176-163-153-81-77-21-87-82-8-56-144-111-0-35-109-29-160-33-49-11-43-134-6-188-169-132-13-161-70-3-15-145-195-168-139-182-138-104-25-177-5-45-136-31-164-73-54-151-131-121-51-125-191-90-71-147-178-10-133"
47,50926,100,19322,70248,"137-114-113-194-166-52-172-179-185-99-130-22-66-94-154-47-148-60-20-59-28-149-4-199-140-183-152-170-34-55-18-83-62-124-143-159-106-128-95-86-176-180-26-103-163-153-81-77-82-8-56-144-111-0-35-109-29-160-33-49-11-43-134-51-90-147-6-188-169-132-13-161-70-3-15-145-195-168-139-182-138-104-87-21-177-5-45-142-78-175-61-36-91-141-97-146-187-89-165-127"
48,50997,100,21068,72065,"34-109-29-189-155-15-3-70-161-145-13-132-169-188-6-147-90-121-51-134-43-195-168-11-139-182-138-33-160-144-56-104-8-21-87-82-177-5-45-142-78-175-61-36-91-141-97-77-146-187-153-81-111-0-35-143-159-106-124-128-86-176-180-163-89-165-127-137-114-103-26-113-194-166-172-179-185-22-99-130-95-183-140-199-9-66-94-47-148-60-20-59-28-149-4-152-170-62-18-55"
49,49891,100,20039,69930,"126-195-168-29-109-35-0-111-81-153-163-180-176-86-95-128-106-159-143-124-62-18-55-34-170-152-183-140-4-149-28-59-20-60-148-47-94-66-22-130-99-185-179-172-166-194-113-26-114-137-103-89-127-165-187-146-77-97-141-91-36-61-175-78-142-45-5-177-82-87-21-8-104-56-144-160-33-138-182-11-139-43-134-51-121-131-122-90-191-147-6-188-169-132-161-70-3-15-145-13"
50,52933,100,20350,73283,"151-54-73-164-31-136-45-5-177-25-104-138-182-139-168-195-145-15-3-70-161-13-132-169-188-6-134-43-11-49-33-160-29-109-35-0-111-144-56-8-82-87-21-77-81-153-163-176-86-95-130-185-179-166-194-113-103-89-127-165-187-97-141-91-61-36-142-78-175-162-80-190-193-117-198-156-1-16-27-38-135-102-63-40-107-100-122-133-10-178-147-71-90-191-51-125-131-121-112-19"
51,49413,100,20201,69614,"13-161-70-3-15-145-195-168-29-109-35-0-111-81-153-163-180-176-86-95-128-106-159-143-124-62-18-55-34-170-152-183-140-4-149-28-59-20-60-148-47-94-66-22-130-99-185-179-172-166-194-113-26-114-137-103-89-127-165-187-146-77-97-141-91-36-61-175-78-142-45-5-177-82-87-21-8-104-56-144-160-33-138-182-11-139-43-134-51-121-131-135-122-90-191-147-6-188-169-132"
52,52247,100,19655,71902,"60-154-94-66-47-148-99-22-179-172-52-185-166-194-113-26-103-114-137-127-165-89-163-187-146-97-141-91-36-61-175-78-142-45-5-177-21-87-104-138-182-139-168-195-145-15-3-70-161-13-132-169-188-6-147-134-43-11-49-33-160-29-109-35-0-111-144-56-8-82-77-81-153-180-176-106-159-143-124-62-18-34-55-83-128-86-95-130-9-199-183-140-170-152-53-4-149-28-59-20"
53,51588,100,19371,70959,"64-86-95-128-106-159-143-124-62-83-18-55-34-170-152-183-140-199-4-149-28-59-20-60-148-47-154-94-66-22-130-99-185-179-172-52-166-194-113-26-103-114-137-127-165-89-163-187-146-97-141-91-36-61-175-78-142-45-5-177-21-87-104-138-182-139-168-195-145-15-3-70-161-13-132-169-188-6-147-90-134-43-11-49-33-160-29-109-35-0-111-144-56-8-82-77-81-153-180-176"
54,51642,100,19396,71038,"150-188-169-132-13-161-70-3-15-145-195-168-29-109-35-0-111-81-153-163-180-176-86-95-128-106-159-143-124-62-83-18-55-34-170-152-183-140-199-4-149-28-59-20-60-148-47-154-94-66-22-130-99-185-179-172-52-166-194-113-26-114-137-103-89-127-165-187-146-77-97-141-91-79-36-61-175-78-142-190-45-5-177-82-87-21-8-104-56-144-160-33-138-182-11-139-43-134-6-147"
55,57078,100,18909,75987,"107-17-72-44-133-10-178-115-147-71-120-51-98-74-118-116-121-112-19-151-73-164-54-31-136-45-5-177-25-104-138-182-139-168-195-145-15-3-70-161-13-132-169-188-6-134-43-11-49-33-160-29-109-35-0-111-144-56-8-82-87-21-77-81-153-163-103-89-127-187-97-141-91-61-36-142-78-175-162-80-190-193-117-198-156-1-16-27-38-131-125-191-90-122-135-32-102-63-100-40"
56,50997,100,21068,72065,"34-109-29-189-155-15-3-70-161-145-13-132-169-188-6-147-90-121-51-134-43-195-168-11-139-182-138-33-160-144-56-104-8-21-87-82-177-5-45-142-78-175-61-36-91-141-97-77-146-187-153-81-111-0-35-143-159-106-124-128-86-176-180-163-89-165-127-137-114-103-26-113-194-166-172-179-185-22-99-130-95-183-140-199-9-66-94-47-148-60-20-59-28-149-4-152-170-62-18-55"
57,50997,100,21068,72065,"34-109-29-189-155-15-3-70-161-145-13-132-169-188-6-147-90-121-51-134-43-195-168-11-139-182-138-33-160-144-56-104-8-21-87-82-177-5-45-142-78-175-61-36-91-141-97-77-146-187-153-81-111-0-35-143-159-106-124-128-86-176-180-163-89-165-127-137-114-103-26-113-194-166-172-179-185-22-99-130-95-183-140-199-9-66-94-47-148-60-20-59-28-149-4-152-170-62-18-55"
58,52665,100,20954,73619,"63-40-107-100-122-133-10-178-147-71-90-191-125-51-121-131-151-54-73-164-31-136-45-5-177-25-104-138-182-139-168-195-145-15-3-70-161-13-132-169-188-6-134-43-11-49-33-160-29-109-35-0-111-144-56-8-82-87-21-77-81-153-163-176-86-95-183-130-99-185-179-166-194-113-103-89-127-165-187-97-141-91-61-36-142-78-175-162-80-190-193-117-198-156-1-16-27-38-135-102"
59,52665,100,20954,73619,"191-125-51-121-131-151-54-73-164-31-136-45-5-177-25-104-138-182-139-168-195-145-15-3-70-161-13-132-169-188-6-134-43-11-49-33-160-29-109-35-0-111-144-56-8-82-87-21-77-81-153-163-176-86-95-183-130-99-185-179-166-194-113-103-89-127-165-187-97-141-91-61-36-142-78-175-162-80-190-193-117-198-156-1-16-27-38-135-102-63-40-107-100-122-133-10-178-147-71-90"
60,54470,100,20155,74625,"105-136-73-164-31-54-117-151-19-112-121-131-125-51-191-90-71-147-115-178-10-133-122-72-100-107-40-63-102-32-135-38-27-16-1-156-198-193-45-5-177-25-104-138-182-139-168-195-145-15-3-70-161-13-132-169-188-6-134-43-11-49-33-160-29-109-35-0-111-144-56-8-82-87-21-77-81-153-163-176-86-185-166-194-113-103-89-127-187-97-141-91-61-36-142-78-175-162-80-190"
61,52260,100,19636,71896,"145-195-168-126-13-132-169-6-188-161-70-3-155-184-152-170-140-183-130-99-22-185-9-199-4-149-28-59-20-60-148-47-94-66-179-172-52-166-194-113-26-103-114-137-127-165-89-163-180-176-86-95-83-55-18-62-128-124-106-159-143-35-0-111-81-153-187-146-77-97-141-91-79-36-61-175-78-142-45-5-177-82-87-21-8-104-56-144-160-33-138-182-139-11-49-29-109-34-189-15"
62,50735,100,20152,70887,"50-82-87-21-91-61-36-175-78-142-45-5-177-8-144-56-104-138-182-139-168-195-145-15-3-70-161-13-132-169-188-6-147-191-90-131-121-51-134-43-11-49-33-160-29-0-109-35-111-81-153-163-180-176-86-95-128-106-159-143-124-62-18-55-34-170-152-183-140-4-149-28-59-20-60-148-47-94-66-22-130-99-185-179-172-166-194-113-26-114-137-103-89-127-165-187-146-97-141-77"
63,57140,100,18971,76111,"72-17-107-40-100-63-102-32-135-122-90-191-125-131-38-27-16-1-156-198-117-193-80-190-162-175-78-142-36-61-91-141-97-187-127-89-103-163-153-81-77-21-87-82-8-56-144-111-0-35-109-29-160-33-49-11-43-134-6-188-169-132-13-161-70-3-15-145-195-168-139-182-138-104-25-177-5-45-136-31-54-164-73-151-19-112-121-116-118-74-98-51-120-71-147-115-178-10-133-44"
64,49394,100,21169,70563,"177-25-104-138-182-139-168-195-145-15-3-70-161-13-132-169-188-6-147-191-90-178-10-133-122-100-107-40-63-135-131-121-51-98-118-74-134-43-11-49-33-160-29-109-35-0-111-144-56-8-82-87-21-77-81-153-163-176-86-95-128-106-124-62-18-55-34-170-152-183-140-28-20-60-148-47-94-66-130-99-185-179-166-194-113-103-89-127-165-187-97-141-91-61-36-78-175-142-45-5"
65,51485,100,19307,70792,"129-180-176-86-95-128-106-159-143-124-62-83-18-55-34-170-152-183-140-199-4-149-28-59-20-60-148-47-154-94-66-22-130-99-185-179-172-52-166-194-113-26-103-114-137-127-89-163-165-187-146-97-141-91-36-61-175-78-142-45-5-177-21-87-104-138-182-139-168-195-145-15-3-70-161-13-132-169-188-6-147-90-134-43-11-49-33-160-29-109-35-0-111-144-56-8-82-77-81-153"
66,52997,100,20470,73467,"44-122-100-107-40-63-102-135-38-27-16-1-156-198-117-193-80-190-162-175-78-142-36-61-91-141-97-187-165-127-89-103-113-194-166-179-185-99-130-95-86-176-163-153-81-77-21-87-82-8-56-144-111-0-35-109-29-160-33-49-11-43-134-6-188-169-132-13-161-70-3-15-145-195-168-139-182-138-104-25-177-5-45-136-31-164-73-54-151-131-121-51-125-191-90-71-147-178-10-133"
67,50546,100,21191,71737,"117-54-73-164-31-136-45-5-177-25-104-138-182-139-168-195-145-15-3-70-161-13-132-169-188-6-147-191-90-178-10-133-122-100-107-40-63-135-131-121-51-98-118-74-134-43-11-49-33-160-29-109-35-0-111-144-56-8-82-87-21-77-81-153-163-176-86-95-106-124-62-18-55-183-140-130-99-185-179-166-194-113-103-89-127-165-187-97-141-91-61-36-142-78-175-162-80-190-193-198"
68,52792,100,20987,73779,"96-135-38-27-16-1-156-198-117-193-80-190-162-175-78-142-36-61-91-141-97-187-165-127-89-103-113-194-166-179-185-99-130-183-95-86-176-163-153-81-77-21-87-82-8-56-144-111-0-35-109-29-160-33-49-11-43-134-6-188-169-132-13-161-70-3-15-145-195-168-139-182-138-104-25-177-5-45-136-31-164-73-54-151-131-121-51-125-191-90-71-147-178-10-133-122-100-107-40-63"
69,50954,100,19350,70304,"146-97-141-91-36-61-175-78-142-45-5-177-21-87-104-138-182-139-168-195-145-15-3-70-161-13-132-169-188-6-147-90-51-134-43-11-49-33-160-29-109-35-0-111-144-56-8-82-77-81-153-163-180-176-86-95-128-106-159-143-124-62-83-18-55-34-170-152-183-140-199-4-149-28-59-20-60-148-47-154-94-66-22-130-99-185-179-172-52-166-194-113-26-114-137-103-89-127-165-187"
70,53047,100,20477,73524,"27-16-1-156-198-117-193-80-190-162-175-78-142-36-61-91-141-97-187-165-127-89-103-113-194-166-179-185-130-95-86-176-163-153-81-77-21-87-82-8-56-144-111-0-35-109-29-160-33-49-11-43-134-6-188-169-132-13-161-70-3-15-145-195-168-139-182-138-104-25-177-5-45-136-31-54-164-73-151-19-112-121-51-71-147-191-90-125-131-135-122-133-10-72-107-40-100-63-102-38"
71,52260,100,19636,71896,"161-188-6-169-132-13-126-168-195-145-15-189-34-109-29-49-11-139-182-138-33-160-144-56-104-8-21-87-82-177-5-45-142-78-175-61-36-79-91-141-97-77-146-187-153-81-111-0-35-143-159-106-124-128-62-18-55-83-95-86-176-180-163-89-165-127-137-114-103-26-113-194-166-52-172-179-66-94-47-148-60-20-59-28-149-4-199-9-185-22-99-130-183-140-170-152-184-155-3-70"
72,50392,100,20568,70960,"61-91-175-78-142-45-5-177-21-87-104-138-182-139-168-195-145-15-3-70-161-13-132-169-188-6-147-191-90-122-131-121-51-134-43-11-49-33-160-29-109-35-0-111-144-56-8-82-81-153-163-180-176-86-95-128-106-159-143-124-62-18-55-34-170-152-183-140-4-149-28-59-20-60-148-47-94-66-22-130-99-185-179-172-166-194-113-26-114-137-103-89-127-165-187-146-77-97-141-36"
73,51182,100,18753,69935,"183-95-130-99-22-9-199-4-149-28-59-20-60-148-47-154-94-66-57-172-52-179-185-86-166-194-113-26-103-114-137-127-165-89-163-187-146-97-141-91-36-61-175-78-142-45-5-177-21-87-104-138-182-139-168-195-145-15-3-70-161-13-132-169-188-6-147-134-43-11-49-33-160-29-109-35-0-111-144-56-8-82-77-81-153-180-176-106-159-143-124-128-62-83-18-55-34-170-152-140"
74,50954,100,19350,70304,"141-97-146-187-165-127-89-103-137-114-26-113-194-166-52-172-179-185-99-130-22-66-94-154-47-148-60-20-59-28-149-4-199-140-183-152-170-34-55-18-83-62-124-143-159-106-128-95-86-176-180-163-153-81-77-82-8-56-144-111-0-35-109-29-160-33-49-11-43-134-51-90-147-6-188-169-132-13-161-70-3-15-145-195-168-139-182-138-104-87-21-177-5-45-142-78-175-61-36-91"
75,52727,100,21016,73743,"102-135-38-27-16-1-156-198-117-193-80-190-162-175-78-142-36-61-91-141-97-187-165-127-89-103-113-194-166-179-185-99-130-183-95-86-176-163-153-81-77-21-87-82-8-56-144-111-0-35-109-29-160-33-49-11-43-134-6-188-169-132-13-161-70-3-15-145-195-168-139-182-138-104-25-177-5-45-136-31-164-73-54-151-131-121-51-125-191-90-71-147-178-10-133-122-100-107-40-63"
76,50970,100,19366,70336,"185-99-130-22-66-94-154-47-148-60-20-59-28-149-4-199-140-183-152-170-34-55-18-83-62-124-143-159-106-128-95-86-176-180-153-81-77-82-8-56-144-111-0-35-109-29-160-33-49-11-43-134-51-90-147-6-188-169-132-13-161-70-3-15-145-195-168-139-182-138-104-87-21-177-5-45-142-78-175-61-36-91-141-97-146-187-163-89-165-127-137-114-103-26-113-194-166-52-172-179"
77,51221,100,21406,72627,"184-152-170-140-183-130-99-22-185-9-199-4-149-28-59-20-60-148-47-94-66-179-172-166-194-113-26-103-114-137-127-165-89-163-180-176-86-95-55-18-62-128-124-106-159-143-34-189-109-35-0-29-160-144-111-81-153-187-146-77-97-141-91-36-61-175-78-142-45-5-177-82-87-21-8-104-56-33-138-182-11-139-43-168-195-134-51-121-90-147-6-188-169-132-13-145-15-3-70-155"
78,53294,100,20354,73648,"24-156-198-117-193-80-190-162-175-78-142-36-61-91-141-97-187-165-127-89-103-113-194-166-179-185-95-86-176-163-153-81-77-21-87-82-8-56-144-111-0-35-109-29-160-33-49-11-43-134-6-188-169-132-13-161-70-3-15-145-195-168-139-182-138-104-25-177-5-45-136-31-164-73-54-151-19-112-121-131-125-51-191-90-71-147-178-10-133-122-100-107-40-63-102-135-38-27-16-1"
79,52079,100,20966,73045,"124-128-86-176-180-153-81-77-141-97-146-187-163-89-165-127-137-114-103-26-113-194-166-52-172-179-185-22-99-130-95-183-140-199-9-66-94-47-148-60-20-59-28-149-4-152-170-83-62-34-55-18-109-29-189-155-15-3-70-161-145-13-132-169-188-6-147-90-134-43-195-168-11-139-182-138-33-160-144-56-104-8-177-5-45-142-78-175-36-61-91-21-87-82-111-0-35-143-159-106"
80,52079,100,20966,73045,"62-34-55-18-109-29-189-155-15-3-70-161-145-13-132-169-188-6-147-90-134-43-195-168-11-139-182-138-33-160-144-56-104-8-177-5-45-142-78-175-36-61-91-21-87-82-111-0-35-143-159-106-124-128-86-176-180-153-81-77-141-97-146-187-163-89-165-127-137-114-103-26-113-194-166-52-172-179-185-22-99-130-95-183-140-199-9-66-94-47-148-60-20-59-28-149-4-152-170-83"
81,52611,100,21451,74062,"196-80-190-162-175-78-142-36-61-91-141-97-187-165-127-89-103-113-194-166-179-185-99-130-140-183-18-95-86-176-163-153-81-77-21-87-82-8-56-144-111-0-35-109-29-160-33-49-11-43-134-74-118-98-51-121-131-135-63-40-107-100-122-133-10-178-90-191-147-6-188-169-132-13-161-70-3-15-145-195-168-139-182-138-104-25-177-5-45-136-73-164-193-31-54-117-198-1-156-42"
82,50392,100,20568,70960,"91-61-36-141-97-77-146-187-165-127-89-103-137-114-26-113-194-166-172-179-185-99-130-22-66-94-47-148-60-20-59-28-149-4-140-183-152-170-34-55-18-62-124-143-159-106-128-95-86-176-180-163-153-81-82-8-56-144-111-0-35-109-29-160-33-49-11-43-134-51-121-131-122-90-191-147-6-188-169-132-13-161-70-3-15-145-195-168-139-182-138-104-87-21-177-5-45-142-78-175"
83,50760,100,20139,70899,"37-35-109-29-0-144-160-33-49-11-43-134-51-121-131-90-191-147-6-188-169-132-13-161-70-3-15-145-195-168-139-182-138-104-56-8-21-87-82-177-5-45-142-78-175-61-36-91-141-97-77-146-187-165-127-89-103-137-114-26-113-194-166-172-179-185-99-130-22-66-94-47-148-60-20-59-28-149-4-140-183-152-170-34-55-18-62-124-143-159-106-128-95-86-176-180-163-153-81-111"
84,52250,100,19658,71908,"154-47-60-20-59-28-149-4-53-152-170-140-183-199-9-130-95-86-128-83-55-34-18-62-124-143-159-106-176-180-153-81-77-82-8-56-144-111-0-35-109-29-160-33-49-11-43-134-147-6-188-169-132-13-161-70-3-15-145-195-168-139-182-138-104-87-21-177-5-45-142-78-175-61-36-91-141-97-146-187-163-89-165-127-137-114-103-26-113-194-166-185-52-172-179-22-99-148-66-94"
85,51591,100,19535,71126,"76-166-52-172-179-185-99-130-22-66-94-154-47-148-60-20-59-28-149-4-199-140-183-152-170-34-55-18-83-62-124-143-159-106-128-95-86-194-176-180-113-26-103-163-153-81-77-82-8-56-144-111-0-35-109-29-160-33-49-11-43-134-90-147-6-188-169-132-13-161-70-3-15-145-195-168-139-182-138-104-87-21-177-5-45-142-78-175-61-36-91-141-97-146-187-89-165-127-137-114"
86,50997,100,21068,72065,"143-35-0-111-81-153-187-146-77-97-141-91-36-61-175-78-142-45-5-177-82-87-21-8-104-56-144-160-33-138-182-139-11-168-195-43-134-51-121-90-147-6-188-169-132-13-145-161-70-3-15-155-189-29-109-34-55-18-62-170-152-4-149-28-59-20-60-148-47-94-66-9-199-140-183-95-130-99-22-185-179-172-166-194-113-26-103-114-137-127-165-89-163-180-176-86-128-124-106-159"
87,50608,100,21253,71861,"193-80-190-162-175-78-142-36-61-91-141-97-187-165-127-89-103-113-194-166-179-185-99-130-140-183-55-18-62-124-106-95-86-176-163-153-81-77-21-87-82-8-56-144-111-0-35-109-29-160-33-49-11-43-134-74-118-98-51-121-131-135-63-40-107-100-122-133-10-178-90-191-147-6-188-169-132-13-161-70-3-15-145-195-168-139-182-138-104-25-177-5-45-136-31-164-73-54-117-198"
88,51506,100,19077,70583,"83-170-152-140-183-95-130-99-22-9-199-4-149-28-59-20-60-148-47-154-94-66-57-172-52-179-185-86-166-194-113-26-103-114-137-127-165-89-163-187-146-97-141-91-36-61-175-78-142-45-5-177-21-87-104-138-182-139-168-195-145-15-3-70-161-13-132-169-188-6-147-134-43-11-49-33-160-29-109-35-0-111-144-56-8-82-77-81-153-180-176-106-159-143-124-128-62-18-34-55"
89,50443,100,21088,71531,"190-193-198-117-54-31-164-73-136-45-5-177-25-104-138-182-139-168-195-145-15-3-70-161-13-132-169-188-6-147-191-90-178-10-133-122-100-107-40-63-135-131-121-51-98-118-74-134-43-11-49-33-160-29-109-35-0-111-144-56-8-82-87-21-77-81-153-163-176-86-95-106-124-62-18-55-183-140-130-99-185-179-166-194-113-103-89-127-165-187-97-141-91-61-36-142-78-175-162-80"
90,51292,100,18776,70068,"53-140-183-95-130-99-22-9-199-4-149-28-59-20-60-148-47-154-94-66-57-172-52-179-185-86-166-194-113-26-103-114-137-127-165-89-163-187-146-97-141-91-36-61-175-78-142-45-5-177-21-87-104-138-182-139-168-195-145-15-3-70-161-13-132-169-188-6-147-134-43-11-33-160-29-109-35-0-111-144-56-8-82-77-81-153-180-176-106-159-143-124-128-62-83-18-55-34-170-152"
91,51149,100,19545,70694,"99-130-66-94-154-47-148-60-20-59-28-149-4-199-140-183-152-170-34-55-18-83-62-124-143-159-106-128-95-86-176-180-153-81-77-82-8-56-144-111-0-35-109-29-160-33-49-11-43-134-51-90-147-6-188-169-132-13-161-70-3-15-145-195-168-139-182-138-104-87-21-177-5-45-142-78-175-61-36-91-141-97-146-187-163-89-165-127-137-114-103-26-113-194-166-185-52-172-179-22"
92,50970,100,19366,70336,"95-86-176-180-153-81-77-82-8-56-144-111-0-35-109-29-160-33-49-11-43-134-51-90-147-6-188-169-132-13-161-70-3-15-145-195-168-139-182-138-104-87-21-177-5-45-142-78-175-61-36-91-141-97-146-187-163-89-165-127-137-114-103-26-113-194-166-52-172-179-185-99-130-22-66-94-154-47-148-60-20-59-28-149-4-199-140-183-152-170-34-55-18-83-62-124-143-159-106-128"
93,51614,100,18736,70350,"110-128-106-159-143-124-62-83-18-55-34-170-152-53-4-149-28-59-20-60-148-47-154-94-66-9-199-140-183-95-130-99-22-185-179-172-52-166-194-113-26-103-114-137-127-165-89-163-187-146-97-141-91-36-61-175-78-142-45-5-177-21-87-104-138-182-139-168-195-145-15-3-70-161-13-132-169-188-6-147-134-43-11-33-160-29-109-35-0-111-144-56-8-82-77-81-153-180-176-86"
94,50251,100,20587,70838,"155-189-13-132-169-188-6-147-191-90-131-121-51-134-43-139-11-182-138-33-160-144-56-104-8-21-87-82-177-5-45-142-78-175-61-36-91-141-97-77-146-187-165-127-89-103-137-114-26-113-194-166-172-179-185-99-130-22-66-94-47-148-60-20-59-28-149-4-140-183-152-170-34-55-18-62-124-143-159-106-128-95-86-176-180-163-153-81-111-0-35-109-29-168-195-145-15-161-70-3"
95,51182,100,18753,69935,"140-152-170-34-55-18-83-62-128-124-143-159-106-176-180-153-81-77-82-8-56-144-111-0-35-109-29-160-33-49-11-43-134-147-6-188-169-132-13-161-70-3-15-145-195-168-139-182-138-104-87-21-177-5-45-142-78-175-61-36-91-141-97-146-187-163-89-165-127-137-114-103-26-113-194-166-86-185-179-52-172-57-66-94-154-47-148-60-20-59-28-149-4-199-9-22-99-130-95-183"
96,50970,100,19366,70336,"103-114-137-127-165-89-163-187-146-97-141-91-36-61-175-78-142-45-5-177-21-87-104-138-182-139-168-195-145-15-3-70-161-13-132-169-188-6-147-90-51-134-43-11-49-33-160-29-109-35-0-111-144-56-8-82-77-81-153-180-176-86-95-128-106-159-143-124-62-83-18-55-34-170-152-183-140-199-4-149-28-59-20-60-148-47-154-94-66-22-130-99-185-179-172-52-166-194-113-26"
97,51625,100,19689,71314,"75-114-113-194-166-52-172-179-185-99-130-22-66-94-154-47-148-60-20-59-28-149-4-199-140-183-152-170-34-55-18-83-62-124-143-159-106-128-95-86-176-180-26-103-163-153-81-77-82-8-56-144-111-0-35-109-29-160-33-49-11-43-134-90-147-6-188-169-132-13-161-70-3-15-145-195-168-139-182-138-104-87-21-177-5-45-142-78-175-61-36-91-141-97-146-187-89-165-127-137"
98,50243,100,20579,70822,"160-144-56-104-8-21-87-82-177-5-45-142-78-175-61-36-91-141-97-77-146-187-165-127-89-103-137-114-26-113-194-166-172-179-185-99-130-22-66-94-47-148-60-20-59-28-149-4-140-183-152-170-34-55-18-62-124-143-159-106-128-95-86-176-180-163-153-81-111-0-35-109-29-189-155-15-3-70-161-145-13-132-169-188-6-147-191-90-131-121-51-134-43-195-168-11-139-182-138-33"
99,52727,100,21016,73743,"122-100-107-40-63-102-135-38-27-16-1-156-198-117-193-80-190-162-175-78-142-36-61-91-141-97-187-165-127-89-103-113-194-166-179-185-99-130-183-95-86-176-163-153-81-77-21-87-82-8-56-144-111-0-35-109-29-160-33-49-11-43-134-6-188-169-132-13-161-70-3-15-145-195-168-139-182-138-104-25-177-5-45-136-31-164-73-54-151-131-121-51-125-191-90-71-147-178-10-133"
100,50970,100,19366,70336,"86-95-128-106-159-143-124-62-83-18-55-34-170-152-183-140-199-4-149-28-59-20-60-148-47-154-94-66-22-130-99-185-179-172-52-166-194-113-26-103-114-137-127-165-89-163-187-146-97-141-91-36-61-175-78-142-45-5-177-21-87-104-138-182-139-168-195-145-15-3-70-161-13-132-169-188-6-147-90-51-134-43-11-49-33-160-29-109-35-0-111-144-56-8-82-77-81-153-180-176"
