SolutionID,TotalCost,NumNodes,TotalDistance,ObjectiveFunction,TotalRunningTime,Cycle
1,71284,100,22885,94169,23,"0-46-68-139-115-41-193-159-69-108-18-22-146-181-34-160-48-54-177-10-190-4-84-184-42-43-116-65-59-149-123-127-162-133-151-51-176-80-79-63-180-135-70-154-158-53-121-100-26-86-75-101-1-97-152-94-124-148-102-49-178-106-52-55-57-92-129-2-120-44-25-16-171-175-113-56-31-78-145-179-196-81-90-185-40-165-138-14-144-62-9-15-114-186-137-23-89-183-143-117"
2,71284,100,22885,94169,10,"1-101-75-86-26-100-121-53-158-154-70-135-180-63-79-80-176-51-151-133-162-127-123-149-59-65-116-43-42-184-84-4-190-10-177-54-48-160-34-181-146-22-18-108-69-159-193-41-115-139-68-46-0-117-143-183-89-23-137-186-114-15-9-62-144-14-138-165-40-185-90-81-196-179-145-78-31-56-113-175-171-16-25-44-120-2-129-92-57-55-52-106-178-49-102-148-124-94-152-97"
3,70983,100,22923,93906,8,"2-152-97-1-101-75-86-26-100-53-158-154-70-135-180-94-63-79-80-176-51-151-133-162-127-123-149-59-118-65-116-43-42-184-35-84-112-4-190-10-177-54-48-160-34-181-195-146-22-18-108-69-159-193-41-115-139-68-46-0-117-143-183-89-186-23-137-148-9-62-102-144-14-49-178-106-52-55-185-165-40-90-81-196-179-145-78-31-56-113-175-171-16-25-44-120-82-92-57-129"
4,72037,100,23130,95167,8,"3-49-14-144-102-62-9-148-15-114-186-23-89-183-143-117-0-137-176-80-151-162-127-123-149-65-116-43-184-190-177-54-48-160-34-146-22-18-108-69-159-181-42-5-41-193-139-68-46-115-59-118-51-133-79-63-180-135-70-154-158-53-121-94-124-152-97-1-101-26-100-86-75-2-129-57-92-82-120-44-25-16-171-175-113-56-31-78-145-179-196-81-90-40-165-185-55-52-106-178"
5,71625,100,23565,95190,8,"4-112-127-123-149-65-43-116-59-118-51-151-133-162-135-70-154-180-53-121-100-26-86-75-44-25-16-171-175-113-56-31-78-145-179-196-81-90-40-165-185-106-178-138-14-144-62-9-148-102-49-52-55-92-57-129-120-2-101-1-97-152-124-94-63-79-80-176-137-23-89-183-143-117-0-93-140-68-46-115-139-193-41-5-42-181-159-69-108-18-22-146-34-160-48-54-177-184-35-84"
6,72265,100,23769,96034,8,"5-43-116-65-149-123-127-162-151-133-135-70-154-180-53-121-100-26-86-75-44-25-16-171-175-113-56-31-78-145-179-196-81-90-40-165-185-106-178-138-14-144-62-9-148-102-49-52-55-92-57-129-82-120-2-101-1-97-152-124-94-63-79-80-176-137-51-118-59-115-46-0-89-183-143-117-93-140-68-139-193-41-159-69-108-18-22-146-181-34-160-48-54-177-10-190-4-84-184-42"
7,72613,100,23288,95901,8,"6-154-180-53-121-100-26-86-75-44-25-16-171-175-113-56-31-78-145-179-196-81-90-40-165-185-106-178-138-14-144-62-9-148-102-49-52-55-92-57-129-82-120-2-101-1-97-152-124-94-63-79-133-162-151-51-80-176-137-23-186-89-183-143-117-0-46-68-139-193-41-5-42-181-159-69-108-18-22-146-34-160-48-54-177-10-190-84-184-43-115-118-59-116-65-149-123-127-70-135"
8,71890,100,23497,95387,9,"7-21-144-15-114-186-23-89-183-143-117-0-137-176-80-151-162-123-149-65-116-43-184-177-54-48-160-34-146-22-18-108-69-159-181-42-5-41-193-139-68-46-115-59-118-51-133-79-63-180-135-70-154-53-121-100-26-86-75-101-1-97-152-94-124-148-9-62-102-49-14-178-106-52-55-57-92-129-2-120-44-25-16-171-175-113-56-31-78-145-179-196-81-185-40-165-90-27-71-164"
9,72211,100,23126,95337,8,"8-165-40-185-90-81-196-179-145-78-31-56-113-175-171-16-25-44-120-2-129-92-57-55-52-106-178-49-102-62-9-148-124-94-152-97-1-101-75-86-26-100-121-53-158-154-70-135-180-63-79-133-51-118-59-115-46-68-139-193-41-5-42-181-159-69-108-18-22-146-34-160-48-54-177-190-184-43-116-65-149-123-127-162-151-80-176-137-0-117-143-183-89-23-186-114-15-144-14-138"
10,71667,100,23197,94864,9,"9-62-102-49-178-106-52-55-57-92-129-2-120-44-25-16-171-175-113-56-31-78-145-179-196-81-90-185-40-165-138-14-144-15-114-186-23-89-183-143-117-0-137-176-80-151-162-127-123-149-65-116-43-184-190-10-177-54-48-160-34-146-22-18-108-69-159-181-42-5-41-193-139-68-46-115-59-118-51-133-79-63-180-135-70-154-158-53-121-100-26-86-75-101-1-97-152-94-124-148"
11,71112,100,23277,94389,8,"10-177-54-48-34-160-181-42-146-22-18-108-69-159-41-193-139-115-46-68-140-93-0-117-143-183-89-23-137-176-80-79-63-94-124-152-97-1-101-2-120-129-57-92-55-52-49-102-148-9-62-144-14-138-178-106-185-165-40-90-81-196-179-145-78-31-56-113-175-171-16-25-44-75-86-26-100-121-53-180-154-135-70-127-123-162-133-151-51-118-59-65-116-43-184-35-84-112-4-190"
12,72103,100,22885,94988,9,"11-43-116-65-59-118-51-151-133-162-123-127-70-135-154-180-53-121-100-26-86-75-44-25-16-171-175-113-56-31-78-145-179-196-81-90-40-165-185-106-178-138-14-144-62-9-148-102-49-52-55-92-57-129-82-120-2-101-1-97-152-124-94-63-79-80-176-137-23-186-89-183-143-117-0-93-140-68-46-115-139-193-41-5-42-181-159-69-108-18-22-146-34-160-48-54-177-10-190-184"
13,73002,100,23815,96817,9,"12-94-152-97-1-101-2-120-82-129-57-92-179-145-78-31-56-113-175-171-16-25-44-75-86-26-100-121-53-158-154-70-135-180-63-79-80-176-51-133-151-162-127-123-149-59-65-116-43-184-190-10-177-54-48-160-34-146-22-18-108-69-159-181-42-5-115-41-193-139-68-46-0-117-143-183-89-23-137-186-114-15-9-62-144-14-138-165-90-81-196-40-185-55-52-106-178-49-102-148"
14,72511,100,23501,96012,3,"13-56-113-175-171-16-78-25-44-120-82-92-57-129-2-152-97-1-101-75-86-26-100-53-154-70-135-180-94-63-79-133-51-118-59-115-46-68-139-193-41-5-42-181-159-69-108-18-22-146-34-160-48-54-177-10-190-4-84-184-43-116-65-149-123-127-162-151-80-176-137-0-117-143-183-89-23-186-114-15-148-9-62-102-144-14-49-178-106-52-55-185-165-40-90-81-196-179-145-31"
15,71667,100,23197,94864,2,"14-144-15-114-186-23-89-183-143-117-0-137-176-80-151-162-127-123-149-65-116-43-184-190-10-177-54-48-160-34-146-22-18-108-69-159-181-42-5-41-193-139-68-46-115-59-118-51-133-79-63-180-135-70-154-158-53-121-100-26-86-75-101-1-97-152-94-124-148-9-62-102-49-178-106-52-55-57-92-129-2-120-44-25-16-171-175-113-56-31-78-145-179-196-81-90-185-40-165-138"
16,71237,100,22939,94176,3,"15-114-186-23-89-183-143-117-0-46-68-139-193-41-115-5-42-181-159-69-108-18-22-146-34-160-48-54-177-10-190-4-84-184-43-116-65-59-118-51-151-133-162-123-127-70-135-154-180-53-121-94-63-79-80-176-137-148-167-49-178-106-52-55-57-92-129-2-152-97-1-101-26-100-86-75-120-44-25-16-171-175-113-56-31-78-145-179-196-81-90-185-40-165-138-14-144-102-62-9"
17,71290,100,23512,94802,2,"16-25-44-120-82-92-57-129-2-152-97-1-101-75-86-26-100-53-154-70-135-180-94-63-79-133-51-118-59-115-46-68-139-193-41-5-42-181-159-69-108-18-22-146-34-160-48-54-177-10-190-4-112-84-184-43-116-65-149-123-127-162-151-80-176-137-0-117-143-183-89-23-186-114-15-148-9-62-102-144-14-49-178-106-52-55-185-165-40-90-81-196-179-145-78-31-56-113-175-171"
18,72926,100,23209,96135,2,"17-196-81-90-27-71-164-7-95-39-165-40-185-55-52-106-178-49-14-144-62-9-148-15-114-186-23-89-183-143-117-0-137-176-80-151-162-123-149-65-116-43-184-177-54-48-160-34-146-22-18-108-69-159-181-42-5-41-193-139-68-46-115-59-118-51-133-79-63-94-180-135-70-154-53-100-26-86-75-101-1-97-152-2-129-57-92-82-120-44-25-16-171-175-113-56-31-78-145-179"
19,72161,100,23665,95826,3,"18-22-146-159-193-41-139-115-5-42-181-34-160-48-54-177-10-190-4-84-184-43-116-65-149-123-127-162-151-133-135-70-154-180-53-121-100-26-86-75-44-25-16-171-175-113-56-31-78-145-179-196-81-90-40-165-185-106-178-138-14-144-62-9-148-102-49-52-55-92-57-129-82-120-2-101-1-97-152-124-94-63-79-80-176-137-51-59-118-46-68-0-89-183-143-117-93-140-108-69"
20,71820,100,22824,94644,2,"19-152-97-1-101-75-86-26-100-121-53-158-154-70-135-180-63-79-80-176-51-151-133-162-127-123-149-59-65-116-43-42-184-84-190-10-177-54-48-160-34-181-146-22-18-108-69-159-193-41-115-139-68-46-0-117-143-183-89-23-137-186-114-15-9-62-144-14-138-165-40-185-90-81-196-179-145-78-31-56-113-175-171-16-25-44-120-2-129-92-57-55-52-106-178-49-102-148-124-94"
21,72587,100,23623,96210,3,"20-18-69-108-140-93-117-143-183-89-0-68-46-118-59-51-137-176-80-79-63-94-124-152-97-1-101-2-120-82-129-57-92-55-52-49-102-148-9-62-144-14-138-178-106-185-165-40-90-81-196-179-145-78-31-56-113-175-171-16-25-44-75-86-26-100-121-53-180-154-70-135-133-151-162-127-123-149-65-116-43-184-84-190-10-177-54-48-160-34-181-42-5-115-139-41-193-159-146-22"
22,72352,100,23882,96234,2,"21-144-15-114-186-23-89-183-143-117-0-137-176-80-151-162-127-123-149-65-116-43-184-190-177-54-48-160-34-146-22-18-108-69-159-181-42-5-41-193-139-68-46-115-59-118-51-133-79-63-180-135-70-154-158-53-121-100-26-86-75-101-1-97-152-94-124-148-9-62-102-49-178-106-52-55-57-92-129-2-120-44-25-16-171-175-113-56-31-78-145-179-196-81-90-185-40-165-138-14"
23,72161,100,23665,95826,3,"22-146-159-193-41-139-115-5-42-181-34-160-48-54-177-10-190-4-84-184-43-116-65-149-123-127-162-151-133-135-70-154-180-53-121-100-26-86-75-44-25-16-171-175-113-56-31-78-145-179-196-81-90-40-165-185-106-178-138-14-144-62-9-148-102-49-52-55-92-57-129-82-120-2-101-1-97-152-124-94-63-79-80-176-137-51-59-118-46-68-0-89-183-143-117-93-140-108-69-18"
24,71108,100,22981,94089,2,"23-186-89-183-143-117-0-46-68-139-193-41-115-5-42-181-159-69-108-18-22-146-34-160-48-54-177-10-190-4-112-84-184-43-116-65-59-118-51-151-133-162-123-127-70-135-154-180-53-121-100-26-86-75-44-25-16-171-175-113-56-31-78-145-179-196-81-90-40-165-185-106-178-138-14-144-62-9-148-102-49-52-55-92-57-129-82-120-2-101-1-97-152-124-94-63-79-80-176-137"
25,71556,100,22787,94343,3,"24-123-127-70-135-154-180-53-121-100-26-86-75-44-25-16-171-175-113-56-31-78-145-179-196-81-90-40-165-185-106-178-138-14-144-62-9-148-102-49-52-55-92-57-129-82-120-2-101-1-97-152-124-94-63-79-133-162-151-59-118-51-80-176-137-23-186-89-183-143-117-0-46-68-139-115-41-193-159-69-108-18-22-146-181-34-160-48-54-177-10-190-4-84-184-42-43-116-65-149"
26,71290,100,23512,94802,2,"25-44-120-82-92-57-129-2-152-97-1-101-75-86-26-100-53-154-70-135-180-94-63-79-133-51-118-59-115-46-68-139-193-41-5-42-181-159-69-108-18-22-146-34-160-48-54-177-10-190-4-112-84-184-43-116-65-149-123-127-162-151-80-176-137-0-117-143-183-89-23-186-114-15-148-9-62-102-144-14-49-178-106-52-55-185-165-40-90-81-196-179-145-78-31-56-113-175-171-16"
27,71284,100,22885,94169,3,"26-100-121-53-158-154-70-135-180-63-79-80-176-51-151-133-162-127-123-149-59-65-116-43-42-184-84-4-190-10-177-54-48-160-34-181-146-22-18-108-69-159-193-41-115-139-68-46-0-117-143-183-89-23-137-186-114-15-9-62-144-14-138-165-40-185-90-81-196-179-145-78-31-56-113-175-171-16-25-44-120-2-129-92-57-55-52-106-178-49-102-148-124-94-152-97-1-101-75-86"
28,71892,100,23108,95000,2,"27-71-164-7-95-39-165-106-178-14-49-102-144-62-9-148-15-114-186-137-23-89-183-143-117-0-46-68-139-115-41-193-159-69-108-18-22-146-181-34-160-48-54-177-184-42-43-116-65-59-149-123-127-162-133-151-51-176-80-79-94-63-180-135-70-154-158-53-121-100-26-86-75-101-1-97-152-2-120-44-25-16-171-175-113-56-31-78-145-179-92-129-57-55-52-185-40-196-81-90"
29,71670,100,22702,94372,3,"28-184-190-10-177-54-48-160-34-146-22-18-108-69-159-181-42-5-41-193-139-115-46-68-140-93-0-117-143-183-89-186-23-137-176-80-79-63-94-124-152-97-1-101-2-120-82-129-57-92-55-52-49-102-148-9-62-144-14-138-178-106-185-165-40-90-81-196-179-145-78-31-56-113-175-171-16-25-44-75-86-26-100-121-53-180-154-135-70-127-123-162-133-151-51-118-59-65-116-43"
30,72655,100,23684,96339,2,"29-127-123-162-133-151-59-118-51-79-63-180-135-70-154-158-53-121-100-26-86-75-44-25-16-171-175-113-56-31-78-145-179-196-81-90-40-165-185-106-178-138-14-144-62-9-148-102-49-52-55-92-57-129-82-120-2-101-1-97-152-124-94-80-176-137-23-186-89-183-143-117-0-46-68-139-193-41-115-116-65-43-42-181-159-69-108-18-22-146-34-160-48-54-177-184-35-84-4-112"
31,70767,100,22736,93503,3,"30-34-146-22-18-108-69-159-193-41-139-115-46-68-140-93-0-117-143-183-89-23-137-176-80-79-63-94-124-152-97-1-101-2-120-82-129-57-92-55-52-49-102-148-9-62-144-14-138-178-106-185-165-40-90-81-196-179-145-78-31-56-113-175-171-16-25-44-75-86-26-100-121-53-180-154-135-70-127-123-162-133-151-51-118-59-65-116-43-42-181-160-184-84-112-4-190-10-177-54"
32,71497,100,23719,95216,2,"31-56-113-175-171-16-78-25-44-120-82-92-57-129-2-152-97-1-101-75-86-26-100-53-154-70-135-180-94-63-79-133-51-118-59-115-46-68-139-193-41-5-42-181-159-69-108-18-22-146-34-160-48-54-177-10-190-4-112-84-184-43-116-65-149-123-127-162-151-80-176-137-0-117-143-183-89-23-186-114-15-148-9-62-102-144-14-49-178-106-52-55-185-165-40-90-81-196-179-145"
33,72295,100,23295,95590,3,"32-165-40-185-90-81-196-179-145-78-31-56-113-175-171-16-25-44-120-2-129-92-57-55-52-106-178-49-102-62-9-148-124-94-152-97-1-101-75-86-26-100-121-53-158-154-70-135-180-63-79-133-51-118-59-115-46-68-139-193-41-5-42-181-159-69-108-18-22-146-34-160-48-54-177-10-190-184-43-116-65-149-123-127-162-151-80-176-137-0-117-143-183-89-23-186-114-15-144-14"
34,72728,100,23148,95876,2,"33-9-62-102-49-178-106-52-55-57-92-129-2-120-44-25-16-171-175-113-56-31-78-145-179-196-81-90-185-40-165-138-14-144-15-114-186-23-89-183-143-117-0-137-176-80-151-162-127-123-149-65-116-43-184-177-54-48-160-34-146-22-18-108-69-159-181-42-5-41-193-139-68-46-115-59-118-51-133-79-63-180-135-70-154-158-53-121-100-26-86-75-101-1-97-152-94-124-167-148"
35,70920,100,22676,93596,3,"34-181-146-22-18-108-69-159-193-41-139-115-46-68-140-93-0-117-143-183-89-186-23-137-176-80-79-63-94-124-152-97-1-101-2-120-82-129-57-92-55-52-49-102-148-9-62-144-14-138-178-106-185-165-40-90-81-196-179-145-78-31-56-113-175-171-16-25-44-75-86-26-100-121-53-180-154-135-70-127-123-162-133-151-51-118-59-65-116-43-42-184-84-4-190-10-177-54-48-160"
36,71475,100,23131,94606,2,"35-43-65-116-59-118-51-151-133-162-123-127-70-135-154-180-53-121-100-26-86-75-44-25-16-171-175-113-56-31-78-145-179-196-81-90-40-165-185-106-178-138-14-144-62-9-148-102-49-52-55-92-57-129-82-120-2-101-1-97-152-124-94-63-79-80-176-137-23-89-183-143-117-0-93-140-68-46-115-139-193-41-5-42-181-159-69-108-18-22-146-34-160-48-54-177-184-84-4-112"
37,72799,100,23709,96508,2,"36-140-93-117-143-183-89-0-68-46-115-59-118-51-137-176-80-79-63-94-124-152-97-1-101-2-120-82-129-57-92-55-52-49-102-148-9-62-144-14-138-178-106-185-165-40-90-81-196-179-145-78-31-56-113-175-171-16-25-44-75-86-26-100-121-53-180-154-70-135-133-151-162-127-123-149-65-116-43-184-84-190-10-177-54-48-160-34-181-42-5-41-193-139-159-146-22-18-69-108"
38,72139,100,23145,95284,3,"37-9-62-102-49-178-106-52-55-57-92-129-2-120-44-25-16-171-175-113-56-31-78-145-179-196-81-90-185-40-165-138-14-144-15-114-186-23-89-183-143-117-0-137-176-80-151-162-127-123-149-65-116-43-184-177-54-48-160-34-146-22-18-108-69-159-181-42-5-41-193-139-68-46-115-59-118-51-133-79-63-180-135-70-154-158-53-121-100-26-86-75-101-1-97-152-94-124-167-148"
39,72918,100,23204,96122,2,"38-145-78-31-56-113-175-171-16-25-44-120-82-92-57-129-2-152-97-1-101-75-86-26-100-53-154-70-135-180-94-63-79-133-51-118-59-115-46-68-139-193-41-5-42-181-159-69-108-18-22-146-34-160-48-54-177-184-43-116-65-149-123-162-151-80-176-137-0-117-143-183-89-23-186-114-15-148-9-62-144-14-49-178-106-52-55-185-40-165-39-95-7-164-71-27-90-81-196-157"
40,71532,100,22677,94209,3,"39-90-27-71-164-7-21-14-49-102-144-62-9-148-15-114-186-137-23-89-183-143-117-0-46-68-139-115-41-193-159-69-108-18-22-146-181-34-160-48-54-177-10-190-184-42-43-116-65-59-149-123-127-162-133-151-51-176-80-79-94-63-180-135-70-154-158-53-121-100-26-86-75-101-1-97-152-2-120-44-25-16-171-175-113-56-31-78-145-179-92-129-57-55-52-178-106-185-40-165"
41,72052,100,23592,95644,2,"40-185-52-55-57-129-92-179-145-78-31-56-113-175-171-16-25-44-120-2-152-97-1-101-75-86-26-100-121-53-158-154-70-135-180-63-94-79-133-51-118-59-115-46-68-139-193-41-5-42-181-159-69-108-18-22-146-34-160-48-54-177-184-43-116-65-149-123-127-162-151-80-176-137-0-117-143-183-89-23-186-114-15-148-9-62-102-144-14-49-178-106-165-39-95-164-27-90-81-196"
42,72380,100,23884,96264,3,"41-193-139-68-140-93-117-143-183-89-0-46-115-59-118-51-137-176-80-79-63-94-124-152-97-1-101-2-120-82-129-57-92-55-52-49-102-148-9-62-144-14-138-178-106-185-165-40-90-81-196-179-145-78-31-56-113-175-171-16-25-44-75-86-26-100-121-53-180-154-70-135-133-151-162-127-123-149-65-116-43-184-84-4-190-10-177-54-48-160-34-146-22-18-108-69-159-181-42-5"
43,72380,100,23884,96264,2,"42-181-159-69-108-18-22-146-34-160-48-54-177-10-190-4-84-184-43-116-65-149-123-127-162-151-133-135-70-154-180-53-121-100-26-86-75-44-25-16-171-175-113-56-31-78-145-179-196-81-90-40-165-185-106-178-138-14-144-62-9-148-102-49-52-55-92-57-129-82-120-2-101-1-97-152-124-94-63-79-80-176-137-51-118-59-115-46-0-89-183-143-117-93-140-68-139-193-41-5"
44,70700,100,22678,93378,3,"43-42-184-35-84-112-4-190-10-177-54-48-160-34-181-146-22-18-108-69-159-193-41-115-139-68-46-0-117-143-183-89-186-23-137-176-80-79-63-94-124-152-97-1-101-2-120-82-129-57-92-55-52-49-102-148-9-62-144-14-138-178-106-185-165-40-90-81-196-179-145-78-31-56-113-175-171-16-25-44-75-86-26-100-121-53-180-154-135-70-127-123-162-133-151-51-118-59-65-116"
45,71290,100,23512,94802,2,"44-120-82-92-57-129-2-152-97-1-101-75-86-26-100-53-154-70-135-180-94-63-79-133-51-118-59-115-46-68-139-193-41-5-42-181-159-69-108-18-22-146-34-160-48-54-177-10-190-4-112-84-184-43-116-65-149-123-127-162-151-80-176-137-0-117-143-183-89-23-186-114-15-148-9-62-102-144-14-49-178-106-52-55-185-165-40-90-81-196-179-145-78-31-56-113-175-171-16-25"
46,73202,100,23790,96992,2,"45-162-127-123-149-59-65-116-115-43-184-84-4-190-10-177-54-48-160-34-146-22-18-108-69-159-181-42-5-41-193-139-68-46-0-117-143-183-89-186-23-137-51-176-80-79-63-94-124-152-97-1-101-2-120-82-129-57-92-55-52-49-102-148-9-62-144-14-138-178-106-185-165-40-90-81-196-179-145-78-31-56-113-175-171-16-25-44-75-86-26-100-121-53-180-154-70-135-133-151"
47,72380,100,23884,96264,3,"46-115-59-118-51-137-176-80-79-63-94-124-152-97-1-101-2-120-82-129-57-92-55-52-49-102-148-9-62-144-14-138-178-106-185-165-40-90-81-196-179-145-78-31-56-113-175-171-16-25-44-75-86-26-100-121-53-180-154-70-135-133-151-162-127-123-149-65-116-43-184-84-4-190-10-177-54-48-160-34-146-22-18-108-69-159-181-42-5-41-193-139-68-140-93-117-143-183-89-0"
48,71187,100,22596,93783,2,"47-65-116-43-42-184-84-190-10-177-54-48-160-34-181-146-22-18-108-69-159-193-41-115-139-68-46-0-117-143-183-89-186-23-137-176-80-79-63-94-124-152-97-1-101-2-120-82-129-57-92-55-52-49-102-148-9-62-144-14-138-178-106-185-165-40-90-81-196-179-145-78-31-56-113-175-171-16-25-44-75-86-26-100-121-53-180-154-135-70-127-123-162-133-151-51-118-59-149-131"
49,71490,100,22702,94192,3,"48-177-54-30-34-181-195-146-22-18-108-69-159-193-41-139-115-46-68-140-93-0-117-143-183-89-186-23-137-176-80-79-63-94-124-152-97-1-101-2-120-82-129-57-92-55-52-49-102-148-9-62-144-14-138-178-106-185-165-119-40-90-81-196-179-145-78-31-56-113-175-171-16-25-44-75-86-26-100-121-53-180-154-135-70-127-123-162-133-151-51-118-59-149-65-116-43-42-184-160"
50,71667,100,23197,94864,2,"49-178-106-52-55-57-92-129-2-120-44-25-16-171-175-113-56-31-78-145-179-196-81-90-185-40-165-138-14-144-15-114-186-23-89-183-143-117-0-137-176-80-151-162-127-123-149-65-116-43-184-190-10-177-54-48-160-34-146-22-18-108-69-159-181-42-5-41-193-139-68-46-115-59-118-51-133-79-63-180-135-70-154-158-53-121-100-26-86-75-101-1-97-152-94-124-148-9-62-102"
51,73071,100,23166,96237,3,"50-113-175-171-16-78-145-179-92-57-129-82-25-44-120-2-152-97-1-101-75-86-26-100-53-154-70-135-180-94-63-79-133-51-118-59-115-46-68-139-193-41-5-42-181-159-69-108-18-22-146-34-160-48-54-177-184-43-116-65-149-123-162-151-80-176-137-0-117-143-183-89-23-186-114-15-148-9-62-144-14-49-178-106-52-55-185-40-165-39-95-7-164-71-27-90-81-196-157-31"
52,70700,100,22678,93378,2,"51-151-133-162-123-127-70-135-154-180-53-121-100-26-86-75-44-25-16-171-175-113-56-31-78-145-179-196-81-90-40-165-185-106-178-138-14-144-62-9-148-102-49-52-55-92-57-129-82-120-2-101-1-97-152-124-94-63-79-80-176-137-23-186-89-183-143-117-0-46-68-139-115-41-193-159-69-108-18-22-146-181-34-160-48-54-177-10-190-4-112-84-35-184-42-43-116-65-59-118"
53,72320,100,23880,96200,3,"52-185-40-196-81-90-27-71-164-7-95-39-165-106-178-49-14-144-102-62-9-148-15-114-186-23-89-183-143-117-0-137-176-80-151-162-127-123-149-65-116-43-184-177-54-48-160-34-146-22-18-108-69-159-181-42-5-41-193-139-68-46-115-59-118-51-133-79-63-94-180-135-70-154-53-86-75-100-26-97-101-1-152-2-120-44-25-16-171-175-113-56-31-78-145-179-92-129-57-55"
54,71108,100,22981,94089,3,"53-121-100-26-86-75-44-25-16-171-175-113-56-31-78-145-179-196-81-90-40-165-185-106-178-138-14-144-62-9-148-102-49-52-55-92-57-129-82-120-2-101-1-97-152-124-94-63-79-80-176-137-23-186-89-183-143-117-0-46-68-139-193-41-115-5-42-181-159-69-108-18-22-146-34-160-48-54-177-10-190-4-112-84-184-43-116-65-59-118-51-151-133-162-123-127-70-135-154-180"
55,70920,100,22676,93596,2,"54-48-160-34-181-146-22-18-108-69-159-193-41-139-115-46-68-140-93-0-117-143-183-89-186-23-137-176-80-79-63-94-124-152-97-1-101-2-120-82-129-57-92-55-52-49-102-148-9-62-144-14-138-178-106-185-165-40-90-81-196-179-145-78-31-56-113-175-171-16-25-44-75-86-26-100-121-53-180-154-135-70-127-123-162-133-151-51-118-59-65-116-43-42-184-84-4-190-10-177"
56,72083,100,23643,95726,3,"55-52-185-40-196-81-90-27-71-164-7-95-39-165-106-178-49-14-144-102-62-9-148-15-114-186-23-89-183-143-117-0-137-176-80-151-162-127-123-149-65-116-43-184-177-54-48-160-34-146-22-18-108-69-159-181-42-5-41-193-139-68-46-115-59-118-51-133-79-63-94-180-135-70-154-53-100-26-86-75-101-1-97-152-2-120-44-25-16-171-175-113-56-31-78-145-179-92-129-57"
57,71497,100,23719,95216,2,"56-113-175-171-16-78-25-44-120-82-92-57-129-2-152-97-1-101-75-86-26-100-53-154-70-135-180-94-63-79-133-51-118-59-115-46-68-139-193-41-5-42-181-159-69-108-18-22-146-34-160-48-54-177-10-190-4-112-84-184-43-116-65-149-123-127-162-151-80-176-137-0-117-143-183-89-23-186-114-15-148-9-62-102-144-14-49-178-106-52-55-185-165-40-90-81-196-179-145-31"
58,72320,100,23880,96200,3,"57-55-52-185-40-196-81-90-27-71-164-7-95-39-165-106-178-49-14-144-102-62-9-148-15-114-186-23-89-183-143-117-0-137-176-80-151-162-127-123-149-65-116-43-184-177-54-48-160-34-146-22-18-108-69-159-181-42-5-41-193-139-68-46-115-59-118-51-133-79-63-94-180-135-70-154-53-86-75-100-26-97-101-1-152-2-120-44-25-16-171-175-113-56-31-78-145-179-92-129"
59,72081,100,23485,95566,2,"58-164-7-21-144-15-114-186-23-89-183-143-117-0-137-176-80-151-162-123-149-65-116-43-184-177-54-48-160-34-146-22-18-108-69-159-181-42-41-193-139-68-46-115-59-118-51-133-79-63-180-135-70-154-53-121-100-26-86-75-101-1-97-152-94-124-148-9-62-102-49-14-178-106-52-55-57-92-129-2-120-44-25-16-171-175-113-56-31-78-145-179-196-81-185-40-165-90-27-71"
60,71108,100,22981,94089,2,"59-65-116-43-184-84-112-4-190-10-177-54-48-160-34-146-22-18-108-69-159-181-42-5-115-41-193-139-68-46-0-117-143-183-89-186-23-137-176-80-79-63-94-124-152-97-1-101-2-120-82-129-57-92-55-52-49-102-148-9-62-144-14-138-178-106-185-165-40-90-81-196-179-145-78-31-56-113-175-171-16-25-44-75-86-26-100-121-53-180-154-135-70-127-123-162-133-151-51-118"
61,71532,100,22800,94332,3,"60-118-59-65-116-43-42-184-84-112-4-190-10-177-54-48-160-34-181-146-22-18-108-69-159-193-41-115-139-68-46-0-117-143-183-89-186-23-137-176-80-79-63-94-124-152-97-1-101-2-120-82-129-57-92-55-52-49-102-148-9-62-144-14-138-178-106-185-165-40-90-81-196-179-145-78-31-56-113-175-171-16-25-44-75-86-26-100-121-53-180-154-135-70-127-123-162-133-151-51"
62,72901,100,23210,96111,2,"61-15-114-186-23-89-183-143-117-0-137-176-80-151-162-127-123-149-65-116-43-184-190-177-54-48-160-34-146-22-18-108-69-159-181-42-5-41-193-139-68-46-115-59-118-51-133-79-63-180-135-70-154-158-53-121-100-26-86-75-101-1-97-152-94-124-148-102-49-178-106-52-55-57-92-129-2-120-44-25-16-171-175-113-56-31-78-145-179-196-81-90-185-40-165-138-14-144-62-9"
63,71667,100,23197,94864,3,"62-102-49-178-106-52-55-57-92-129-2-120-44-25-16-171-175-113-56-31-78-145-179-196-81-90-185-40-165-138-14-144-15-114-186-23-89-183-143-117-0-137-176-80-151-162-127-123-149-65-116-43-184-190-10-177-54-48-160-34-146-22-18-108-69-159-181-42-5-41-193-139-68-46-115-59-118-51-133-79-63-180-135-70-154-158-53-121-100-26-86-75-101-1-97-152-94-124-148-9"
64,71108,100,22981,94089,2,"63-79-80-176-137-23-186-89-183-143-117-0-46-68-139-193-41-115-5-42-181-159-69-108-18-22-146-34-160-48-54-177-10-190-4-112-84-184-43-116-65-59-118-51-151-133-162-123-127-70-135-154-180-53-121-100-26-86-75-44-25-16-171-175-113-56-31-78-145-179-196-81-90-40-165-185-106-178-138-14-144-62-9-148-102-49-52-55-92-57-129-82-120-2-101-1-97-152-124-94"
65,71704,100,22681,94385,3,"64-114-186-23-89-183-143-117-0-46-68-139-193-41-115-5-42-181-159-69-108-18-22-146-34-160-48-54-177-10-190-4-84-184-43-116-65-59-118-51-151-133-162-123-127-70-135-154-180-53-121-94-63-79-80-176-137-148-9-62-102-49-178-106-52-55-57-92-129-2-152-97-1-101-26-100-86-75-120-44-25-16-171-175-113-56-31-78-145-179-196-81-90-185-40-165-138-14-144-15"
66,70700,100,22678,93378,2,"65-59-118-51-151-133-162-123-127-70-135-154-180-53-121-100-26-86-75-44-25-16-171-175-113-56-31-78-145-179-196-81-90-40-165-185-106-178-138-14-144-62-9-148-102-49-52-55-92-57-129-82-120-2-101-1-97-152-124-94-63-79-80-176-137-23-186-89-183-143-117-0-46-68-139-115-41-193-159-69-108-18-22-146-181-34-160-48-54-177-10-190-4-112-84-35-184-42-43-116"
67,72274,100,23599,95873,3,"66-176-137-23-186-89-183-143-117-0-46-68-139-115-41-193-159-69-108-18-22-146-181-34-160-48-54-177-10-190-4-112-84-184-42-43-116-65-59-149-123-127-162-133-135-70-154-180-53-121-100-26-86-75-44-25-16-171-175-113-56-31-78-145-179-196-81-90-40-165-185-106-178-138-14-144-62-9-148-102-49-52-55-92-57-129-82-120-2-101-1-97-152-124-94-63-79-80-151-51"
68,72838,100,23557,96395,2,"67-108-69-18-22-146-159-193-41-139-115-5-42-181-34-160-48-54-177-10-190-84-184-43-116-65-149-123-127-162-151-133-135-70-154-180-53-121-100-26-86-75-44-25-16-171-175-113-56-31-78-145-179-196-81-90-40-165-185-106-178-138-14-144-62-9-148-102-49-52-55-92-57-129-82-120-2-101-1-97-152-124-94-63-79-80-176-137-51-59-118-46-68-0-89-183-143-117-93-140"
69,72380,100,23884,96264,3,"68-139-193-41-5-42-181-159-69-108-18-22-146-34-160-48-54-177-10-190-4-84-184-43-116-65-149-123-127-162-151-133-135-70-154-180-53-121-100-26-86-75-44-25-16-171-175-113-56-31-78-145-179-196-81-90-40-165-185-106-178-138-14-144-62-9-148-102-49-52-55-92-57-129-82-120-2-101-1-97-152-124-94-63-79-80-176-137-51-118-59-115-46-0-89-183-143-117-93-140"
70,72161,100,23665,95826,2,"69-18-22-146-159-193-41-139-115-5-42-181-34-160-48-54-177-10-190-4-84-184-43-116-65-149-123-127-162-151-133-135-70-154-180-53-121-100-26-86-75-44-25-16-171-175-113-56-31-78-145-179-196-81-90-40-165-185-106-178-138-14-144-62-9-148-102-49-52-55-92-57-129-82-120-2-101-1-97-152-124-94-63-79-80-176-137-51-59-118-46-68-0-89-183-143-117-93-140-108"
71,71766,100,23397,95163,3,"70-135-154-180-53-121-100-26-86-75-44-25-16-171-175-113-56-31-78-145-179-196-81-90-40-165-185-106-178-138-14-144-62-9-148-102-49-52-55-92-57-129-82-120-2-101-1-97-152-124-94-63-79-133-162-151-51-80-176-137-23-186-89-183-143-117-0-46-68-139-193-41-5-42-181-159-69-108-18-22-146-34-160-48-54-177-10-190-4-84-184-43-115-118-59-116-65-149-123-127"
72,71805,100,23412,95217,2,"71-164-7-21-14-144-15-114-186-23-89-183-143-117-0-137-176-80-151-162-123-149-65-116-43-184-177-54-48-160-34-146-22-18-108-69-159-181-42-5-41-193-139-68-46-115-59-118-51-133-79-63-180-135-70-154-53-121-100-26-86-75-101-1-97-152-94-124-148-9-62-102-49-178-106-52-55-57-92-129-2-120-44-25-16-171-175-113-56-31-78-145-179-196-81-185-40-165-90-27"
73,71093,100,22763,93856,2,"72-118-59-65-116-43-42-184-84-112-4-190-10-177-54-48-160-34-181-146-22-18-108-69-159-193-41-115-139-68-46-0-117-143-183-89-186-23-137-176-80-79-63-94-124-152-97-1-101-2-120-82-129-57-92-55-52-49-102-148-9-62-144-14-138-178-106-185-165-40-90-81-196-179-145-78-31-56-113-175-171-16-25-44-75-86-26-100-121-53-180-154-135-70-127-123-162-133-151-51"
74,72521,100,23435,95956,3,"73-15-114-186-23-89-183-143-117-0-137-176-80-151-162-127-123-149-65-116-43-184-190-177-54-48-160-34-146-22-18-108-69-159-181-42-5-41-193-139-68-46-115-59-118-51-133-79-63-180-135-70-154-158-53-121-100-26-86-75-101-1-97-152-94-124-148-9-62-102-49-178-106-52-55-57-92-129-2-120-44-25-16-171-175-113-56-31-78-145-179-196-81-90-185-40-165-138-14-144"
75,72104,100,23177,95281,2,"74-152-97-1-101-75-86-26-100-53-154-70-135-180-94-63-79-80-176-51-151-133-162-127-123-149-59-65-116-43-42-184-84-190-10-177-54-48-160-34-181-146-22-18-108-69-159-193-41-115-139-68-46-0-117-143-183-89-186-23-137-148-9-62-102-144-14-49-178-106-165-39-95-7-164-71-27-90-81-196-40-185-52-55-57-129-92-179-145-78-31-56-113-175-171-16-25-44-120-2"
76,72199,100,23759,95958,3,"75-101-1-152-97-26-100-86-53-154-70-135-180-94-63-79-133-51-118-59-115-46-68-139-193-41-5-42-181-159-69-108-18-22-146-34-160-48-54-177-184-43-116-65-149-123-127-162-151-80-176-137-0-117-143-183-89-23-186-114-15-148-9-62-102-144-14-49-178-106-165-39-95-7-164-71-27-90-81-196-40-185-52-55-57-129-92-179-145-78-31-56-113-175-171-16-25-44-120-2"
77,72283,100,22875,95158,2,"76-89-183-143-117-0-46-68-139-193-41-115-5-42-181-159-69-108-18-22-146-34-160-48-54-177-10-190-4-84-184-43-116-65-59-118-51-151-133-162-123-127-70-135-154-180-53-121-100-26-86-75-44-25-16-171-175-113-56-31-78-145-179-196-81-90-40-165-185-106-178-138-14-144-62-9-148-102-49-52-55-92-57-129-82-120-2-101-1-97-152-124-94-63-79-80-176-137-186-23"
78,71050,100,22653,93703,3,"77-116-65-59-118-51-151-133-162-123-127-70-135-154-180-53-121-100-26-86-75-44-25-16-171-175-113-56-31-78-145-179-196-81-90-40-165-185-106-178-138-14-144-62-9-148-102-49-52-55-92-57-129-82-120-2-101-1-97-152-124-94-63-79-80-176-137-23-186-89-183-143-117-0-46-68-139-115-41-193-159-69-108-18-22-146-181-34-160-48-54-177-10-190-4-112-84-184-42-43"
79,71290,100,23512,94802,2,"78-145-179-196-81-90-40-165-185-55-52-106-178-49-14-144-102-62-9-148-15-114-186-23-89-183-143-117-0-137-176-80-151-162-127-123-149-65-116-43-184-84-112-4-190-10-177-54-48-160-34-146-22-18-108-69-159-181-42-5-41-193-139-68-46-115-59-118-51-133-79-63-94-180-135-70-154-53-100-26-86-75-101-1-97-152-2-129-57-92-82-120-44-25-16-171-175-113-56-31"
80,72256,100,23581,95837,3,"79-63-180-135-70-154-158-53-121-100-26-86-75-44-25-16-171-175-113-56-31-78-145-179-196-81-90-40-165-185-106-178-138-14-144-62-9-148-102-49-52-55-92-57-129-82-120-2-101-1-97-152-124-94-80-176-137-23-186-89-183-143-117-0-46-68-139-193-41-115-5-42-181-159-69-108-18-22-146-34-160-48-54-177-10-190-4-84-184-43-116-65-59-118-51-151-162-123-127-133"
81,71403,100,23276,94679,2,"80-176-79-63-94-124-152-97-1-101-2-120-82-129-57-92-55-52-49-102-148-9-62-144-14-138-178-106-185-165-40-90-81-196-179-145-78-31-56-113-175-171-16-25-44-75-86-26-100-121-53-180-154-135-70-127-123-162-133-151-51-118-59-65-116-43-184-84-112-4-190-10-177-54-48-160-34-146-22-18-108-69-159-181-42-5-115-41-193-139-68-46-0-117-143-183-89-186-23-137"
82,71991,100,23154,95145,2,"81-90-27-71-164-7-95-39-165-40-185-55-52-106-178-49-14-144-102-62-9-148-15-114-186-23-89-183-143-117-0-137-176-80-151-162-123-149-65-116-43-184-177-54-48-160-34-146-22-18-108-69-159-181-42-5-41-193-139-68-46-115-59-118-51-133-79-63-94-180-135-70-154-53-100-26-86-75-101-1-97-152-2-129-57-92-82-120-44-25-16-171-175-113-56-31-78-145-179-196"
83,72312,100,24023,96335,3,"82-44-120-2-152-97-1-101-75-86-26-100-53-154-70-135-180-94-63-79-133-51-118-59-115-46-68-139-193-41-5-42-181-159-69-108-18-22-146-34-160-48-54-177-184-43-116-65-149-123-127-162-151-80-176-137-0-117-143-183-89-23-186-114-15-148-9-62-102-144-14-49-178-106-165-39-95-7-164-27-90-81-196-40-185-52-55-57-129-92-179-145-78-31-56-113-175-171-16-25"
84,72261,100,22842,95103,2,"83-89-183-143-117-0-46-68-139-193-41-115-5-42-181-159-69-108-18-22-146-34-160-48-54-177-10-190-4-84-184-43-116-65-59-118-51-151-133-162-123-127-70-135-154-180-53-121-100-26-86-75-44-25-16-171-175-113-56-31-78-145-179-196-81-90-40-165-185-106-178-138-14-144-62-9-148-102-49-52-55-92-57-129-82-120-2-101-1-97-152-124-94-63-79-80-176-137-23-186"
85,71625,100,23565,95190,3,"84-4-112-127-123-149-65-43-116-59-118-51-151-133-162-135-70-154-180-53-121-100-26-86-75-44-25-16-171-175-113-56-31-78-145-179-196-81-90-40-165-185-106-178-138-14-144-62-9-148-102-49-52-55-92-57-129-120-2-101-1-97-152-124-94-63-79-80-176-137-23-89-183-143-117-0-93-140-68-46-115-139-193-41-5-42-181-159-69-108-18-22-146-34-160-48-54-177-184-35"
86,72938,100,23205,96143,2,"85-56-113-175-171-16-31-145-78-25-44-120-82-92-57-129-2-152-97-1-101-75-86-26-100-53-154-70-135-180-94-63-79-133-51-118-59-115-46-68-139-193-41-5-42-181-159-69-108-18-22-146-34-160-48-54-177-184-43-116-65-149-123-162-151-80-176-137-0-117-143-183-89-23-186-114-15-148-9-62-144-14-49-178-106-52-55-185-40-165-39-95-7-164-71-27-90-81-196-157"
87,71284,100,22885,94169,3,"86-26-100-121-53-158-154-70-135-180-63-79-80-176-51-151-133-162-127-123-149-59-65-116-43-42-184-84-4-190-10-177-54-48-160-34-181-146-22-18-108-69-159-193-41-115-139-68-46-0-117-143-183-89-23-137-186-114-15-9-62-144-14-138-165-40-185-90-81-196-179-145-78-31-56-113-175-171-16-25-44-120-2-129-92-57-55-52-106-178-49-102-148-124-94-152-97-1-101-75"
88,72280,100,23180,95460,2,"87-152-97-1-101-75-86-26-100-53-154-70-135-180-94-63-79-80-176-51-151-133-162-127-123-149-59-65-116-43-42-184-84-190-10-177-54-48-160-34-181-146-22-18-108-69-159-193-41-115-139-68-46-0-117-143-183-89-186-23-137-148-9-62-102-144-14-49-178-106-165-39-95-7-164-71-27-90-81-196-40-185-52-55-57-129-92-179-145-78-31-56-113-175-171-16-25-44-120-2"
89,72323,100,23286,95609,3,"88-171-175-113-56-31-78-145-179-196-81-90-40-165-185-55-52-106-178-49-14-144-102-62-9-148-15-114-186-23-89-183-143-117-0-137-176-80-151-162-127-123-149-65-116-43-184-84-4-190-10-177-54-48-160-34-146-22-18-108-69-159-181-42-5-41-193-139-68-46-115-59-118-51-133-79-63-94-180-135-70-154-53-100-26-86-75-101-1-97-152-2-129-57-92-82-120-44-25-16"
90,71108,100,22981,94089,2,"89-183-143-117-0-46-68-139-193-41-115-5-42-181-159-69-108-18-22-146-34-160-48-54-177-10-190-4-112-84-184-43-116-65-59-118-51-151-133-162-123-127-70-135-154-180-53-121-100-26-86-75-44-25-16-171-175-113-56-31-78-145-179-196-81-90-40-165-185-106-178-138-14-144-62-9-148-102-49-52-55-92-57-129-82-120-2-101-1-97-152-124-94-63-79-80-176-137-23-186"
91,71763,100,22582,94345,3,"90-27-71-164-7-95-39-165-40-185-55-52-106-178-49-14-144-102-62-9-148-15-114-186-137-23-89-183-143-117-0-46-68-139-115-41-193-159-69-108-18-22-146-181-34-160-48-54-177-184-42-43-116-65-59-149-123-162-133-151-51-176-80-79-94-63-180-135-70-154-158-53-121-100-26-86-75-101-1-97-152-2-129-57-92-82-120-44-25-16-171-175-113-56-31-78-145-179-196-81"
92,71633,100,23478,95111,2,"91-196-81-90-40-165-185-55-52-106-178-49-14-144-102-62-9-148-15-114-186-23-89-183-143-117-0-137-176-80-151-162-127-123-149-65-116-43-184-84-112-4-190-10-177-54-48-160-34-146-22-18-108-69-159-181-42-5-41-193-139-68-46-115-59-118-51-133-79-63-94-180-135-70-154-53-100-26-86-75-101-1-97-152-2-120-44-25-16-171-175-113-56-31-78-145-92-129-57-179"
93,72199,100,23759,95958,3,"92-179-145-78-31-56-113-175-171-16-25-44-120-2-75-101-1-152-97-26-100-86-53-154-70-135-180-94-63-79-133-51-118-59-115-46-68-139-193-41-5-42-181-159-69-108-18-22-146-34-160-48-54-177-184-43-116-65-149-123-127-162-151-80-176-137-0-117-143-183-89-23-186-114-15-148-9-62-102-144-14-49-178-106-165-39-95-7-164-71-27-90-81-196-40-185-52-55-57-129"
94,72380,100,23884,96264,2,"93-117-143-183-89-0-46-115-59-118-51-137-176-80-79-63-94-124-152-97-1-101-2-120-82-129-57-92-55-52-49-102-148-9-62-144-14-138-178-106-185-165-40-90-81-196-179-145-78-31-56-113-175-171-16-25-44-75-86-26-100-121-53-180-154-70-135-133-151-162-127-123-149-65-116-43-184-84-4-190-10-177-54-48-160-34-146-22-18-108-69-159-181-42-5-41-193-139-68-140"
95,71284,100,22885,94169,2,"94-152-97-1-101-75-86-26-100-121-53-158-154-70-135-180-63-79-80-176-51-151-133-162-127-123-149-59-65-116-43-42-184-84-4-190-10-177-54-48-160-34-181-146-22-18-108-69-159-193-41-115-139-68-46-0-117-143-183-89-23-137-186-114-15-9-62-144-14-138-165-40-185-90-81-196-179-145-78-31-56-113-175-171-16-25-44-120-2-129-92-57-55-52-106-178-49-102-148-124"
96,71766,100,23582,95348,2,"95-164-7-21-14-144-15-114-186-23-89-183-143-117-0-137-176-80-151-162-123-149-65-116-43-184-177-54-48-160-34-146-22-18-108-69-159-181-42-5-41-193-139-68-46-115-59-118-51-133-79-63-180-135-70-154-53-121-100-26-86-75-101-1-97-152-94-124-148-9-62-102-49-178-106-52-55-57-92-129-2-120-44-25-16-171-175-113-56-31-78-145-179-196-81-185-40-165-90-27"
97,72622,100,23929,96551,3,"96-43-116-65-149-123-127-162-151-133-135-70-154-180-53-121-100-26-86-75-44-25-16-171-175-113-56-31-78-145-179-196-81-90-40-165-185-106-178-138-14-144-62-9-148-102-49-52-55-92-57-129-82-120-2-101-1-97-152-124-94-63-79-80-176-137-51-118-59-115-46-0-89-183-143-117-93-140-68-139-193-41-159-69-108-18-22-146-181-34-160-48-54-177-10-190-4-84-184-42"
98,72083,100,23643,95726,2,"97-1-101-75-86-26-100-53-154-70-135-180-94-63-79-133-51-118-59-115-46-68-139-193-41-5-42-181-159-69-108-18-22-146-34-160-48-54-177-184-43-116-65-149-123-127-162-151-80-176-137-0-117-143-183-89-23-186-114-15-148-9-62-102-144-14-49-178-106-165-39-95-7-164-71-27-90-81-196-40-185-52-55-57-129-92-179-145-78-31-56-113-175-171-16-25-44-120-2-152"
99,73244,100,23560,96804,3,"98-81-90-27-71-164-7-95-39-165-40-185-55-52-106-178-49-14-144-102-62-9-148-15-114-186-23-89-183-143-117-0-137-176-80-151-162-127-123-149-65-116-43-184-177-54-48-160-34-146-22-18-108-69-159-181-42-5-41-193-139-68-46-115-59-118-51-133-79-63-94-180-135-70-154-53-100-26-86-75-101-1-97-152-2-129-57-92-82-120-44-25-78-145-31-16-171-175-113-56"
100,72306,100,22915,95221,2,"99-121-53-158-154-70-135-180-63-79-80-176-51-151-133-162-127-123-149-59-65-116-43-42-184-84-190-10-177-54-48-160-34-181-146-22-18-108-69-159-193-41-115-139-68-46-0-117-143-183-89-23-137-186-114-15-9-62-144-14-138-165-40-185-90-81-196-179-145-78-31-56-113-175-171-16-25-44-120-75-86-100-26-101-1-97-152-2-129-92-57-55-52-106-178-49-102-148-124-94"
101,71284,100,22885,94169,3,"100-121-53-158-154-70-135-180-63-79-80-176-51-151-133-162-127-123-149-59-65-116-43-42-184-84-4-190-10-177-54-48-160-34-181-146-22-18-108-69-159-193-41-115-139-68-46-0-117-143-183-89-23-137-186-114-15-9-62-144-14-138-165-40-185-90-81-196-179-145-78-31-56-113-175-171-16-25-44-120-2-129-92-57-55-52-106-178-49-102-148-124-94-152-97-1-101-75-86-26"
102,72083,100,23643,95726,2,"101-75-86-26-100-53-154-70-135-180-94-63-79-133-51-118-59-115-46-68-139-193-41-5-42-181-159-69-108-18-22-146-34-160-48-54-177-184-43-116-65-149-123-127-162-151-80-176-137-0-117-143-183-89-23-186-114-15-148-9-62-102-144-14-49-178-106-165-39-95-7-164-71-27-90-81-196-40-185-52-55-57-129-92-179-145-78-31-56-113-175-171-16-25-44-120-2-152-97-1"
103,71667,100,23197,94864,3,"102-49-178-106-52-55-57-92-129-2-120-44-25-16-171-175-113-56-31-78-145-179-196-81-90-185-40-165-138-14-144-15-114-186-23-89-183-143-117-0-137-176-80-151-162-127-123-149-65-116-43-184-190-10-177-54-48-160-34-146-22-18-108-69-159-181-42-5-41-193-139-68-46-115-59-118-51-133-79-63-180-135-70-154-158-53-121-100-26-86-75-101-1-97-152-94-124-148-9-62"
104,72030,100,23541,95571,2,"103-146-22-18-108-69-159-193-41-139-68-140-93-117-143-183-89-0-46-115-59-118-51-137-176-80-79-63-94-124-152-97-1-101-2-120-82-129-57-92-55-52-49-102-148-9-62-144-14-138-178-106-185-165-40-90-81-196-179-145-78-31-56-113-175-171-16-25-44-75-86-26-100-121-53-180-154-70-135-133-151-162-127-123-149-65-116-43-42-184-84-112-4-190-10-177-54-48-160-34"
105,71575,100,22931,94506,3,"104-54-48-160-34-181-146-22-18-108-69-159-193-41-139-115-46-68-140-93-0-117-143-183-89-186-23-137-176-80-79-63-94-124-152-97-1-101-2-120-82-129-57-92-55-52-49-102-148-9-62-144-14-138-178-106-185-165-40-90-81-196-179-145-78-31-56-113-175-171-16-25-44-75-86-26-100-121-53-180-154-135-70-127-123-162-133-151-51-118-59-65-116-43-42-184-112-4-10-177"
106,71007,100,22578,93585,2,"105-116-65-59-118-51-151-133-162-123-127-70-135-154-180-53-121-100-26-86-75-44-25-16-171-175-113-56-31-78-145-179-196-81-90-40-165-185-106-178-138-14-144-62-9-148-102-49-52-55-92-57-129-82-120-2-101-1-97-152-124-94-63-79-80-176-137-23-186-89-183-143-117-0-46-68-139-115-41-193-159-69-108-18-22-146-181-34-160-48-54-177-10-190-4-112-84-184-42-43"
107,71790,100,23242,95032,2,"106-178-49-14-144-102-62-9-148-15-114-186-23-89-183-143-117-0-137-176-80-151-162-127-123-149-65-116-43-184-190-10-177-54-48-160-34-146-22-18-108-69-159-181-42-5-41-193-139-68-46-115-59-118-51-133-79-63-180-135-70-154-158-53-121-94-124-152-97-1-101-26-100-86-75-2-129-57-92-82-120-44-25-16-171-175-113-56-31-78-145-179-196-81-90-40-165-185-55-52"
108,72546,100,22562,95108,3,"107-27-71-164-7-95-39-165-40-185-55-52-106-178-49-14-144-102-62-9-148-15-114-186-137-23-89-183-143-117-0-46-68-139-115-41-193-159-69-108-18-22-146-181-34-160-48-54-177-184-42-43-116-65-59-149-123-162-133-151-51-176-80-79-94-63-180-135-70-154-53-121-100-26-86-75-101-1-97-152-2-129-57-92-82-120-44-25-16-171-175-113-56-31-78-145-179-196-81-90"
109,72161,100,23665,95826,2,"108-69-18-22-146-159-193-41-139-115-5-42-181-34-160-48-54-177-10-190-4-84-184-43-116-65-149-123-127-162-151-133-135-70-154-180-53-121-100-26-86-75-44-25-16-171-175-113-56-31-78-145-179-196-81-90-40-165-185-106-178-138-14-144-62-9-148-102-49-52-55-92-57-129-82-120-2-101-1-97-152-124-94-63-79-80-176-137-51-59-118-46-68-0-89-183-143-117-93-140"
110,70939,100,22567,93506,3,"109-118-59-65-116-43-42-184-84-112-4-190-10-177-54-48-160-34-181-146-22-18-108-69-159-193-41-115-139-68-46-0-117-143-183-89-186-23-137-176-80-79-63-94-124-152-97-1-101-2-120-82-129-57-92-55-52-49-102-148-9-62-144-14-138-178-106-185-165-40-90-81-196-179-145-78-31-56-113-175-171-16-25-44-75-86-26-100-121-53-180-154-135-70-127-123-162-133-151-51"
111,71211,100,22657,93868,2,"110-139-115-41-193-159-69-108-18-22-146-181-34-160-48-54-177-10-190-4-112-84-184-42-43-116-65-59-118-51-151-133-162-123-127-70-135-154-180-53-121-100-26-86-75-44-25-16-171-175-113-56-31-78-145-179-196-81-90-40-165-185-106-178-138-14-144-62-9-148-102-49-52-55-92-57-129-82-120-2-101-1-97-152-124-94-63-79-80-176-137-23-186-89-183-143-117-0-46-68"
112,72353,100,23179,95532,3,"111-124-94-152-97-1-101-75-86-26-100-121-53-158-154-70-135-180-63-79-133-51-118-59-115-46-68-139-193-41-5-42-181-159-69-108-18-22-146-34-160-48-54-177-190-184-43-116-65-149-123-127-162-151-80-176-137-0-117-143-183-89-23-186-114-15-144-14-138-165-40-185-90-81-196-179-145-78-31-56-113-175-171-16-25-44-120-2-129-92-57-55-52-106-178-49-102-62-9-148"
113,71625,100,23565,95190,2,"112-127-123-149-65-43-116-59-118-51-151-133-162-135-70-154-180-53-121-100-26-86-75-44-25-16-171-175-113-56-31-78-145-179-196-81-90-40-165-185-106-178-138-14-144-62-9-148-102-49-52-55-92-57-129-120-2-101-1-97-152-124-94-63-79-80-176-137-23-89-183-143-117-0-93-140-68-46-115-139-193-41-5-42-181-159-69-108-18-22-146-34-160-48-54-177-184-35-84-4"
114,71290,100,23512,94802,2,"113-56-31-78-145-179-196-81-90-40-165-185-55-52-106-178-49-14-144-102-62-9-148-15-114-186-23-89-183-143-117-0-137-176-80-151-162-127-123-149-65-116-43-184-84-112-4-190-10-177-54-48-160-34-146-22-18-108-69-159-181-42-5-41-193-139-68-46-115-59-118-51-133-79-63-94-180-135-70-154-53-100-26-86-75-101-1-97-152-2-129-57-92-82-120-44-25-16-171-175"
115,71642,100,23112,94754,3,"114-186-23-89-183-143-117-0-46-68-139-193-41-115-5-42-181-159-69-108-18-22-146-34-160-48-54-177-10-190-84-184-43-116-65-59-118-51-151-133-162-123-127-70-135-154-180-53-121-100-26-86-75-44-25-16-171-175-113-56-31-78-145-179-92-57-129-82-120-2-101-1-97-152-124-94-63-79-80-176-137-148-9-62-102-49-178-106-52-55-185-40-196-81-90-165-138-14-144-15"
116,72380,100,23884,96264,2,"115-59-118-51-137-176-80-79-63-94-124-152-97-1-101-2-120-82-129-57-92-55-52-49-102-148-9-62-144-14-138-178-106-185-165-40-90-81-196-179-145-78-31-56-113-175-171-16-25-44-75-86-26-100-121-53-180-154-70-135-133-151-162-127-123-149-65-116-43-184-84-4-190-10-177-54-48-160-34-146-22-18-108-69-159-181-42-5-41-193-139-68-140-93-117-143-183-89-0-46"
117,70700,100,22678,93378,3,"116-43-42-184-35-84-112-4-190-10-177-54-48-160-34-181-146-22-18-108-69-159-193-41-115-139-68-46-0-117-143-183-89-186-23-137-176-80-79-63-94-124-152-97-1-101-2-120-82-129-57-92-55-52-49-102-148-9-62-144-14-138-178-106-185-165-40-90-81-196-179-145-78-31-56-113-175-171-16-25-44-75-86-26-100-121-53-180-154-135-70-127-123-162-133-151-51-118-59-65"
118,71108,100,22981,94089,2,"117-143-183-89-186-23-137-176-80-79-63-94-124-152-97-1-101-2-120-82-129-57-92-55-52-49-102-148-9-62-144-14-138-178-106-185-165-40-90-81-196-179-145-78-31-56-113-175-171-16-25-44-75-86-26-100-121-53-180-154-135-70-127-123-162-133-151-51-118-59-65-116-43-184-84-112-4-190-10-177-54-48-160-34-146-22-18-108-69-159-181-42-5-115-41-193-139-68-46-0"
119,70700,100,22678,93378,3,"118-59-65-116-43-42-184-35-84-112-4-190-10-177-54-48-160-34-181-146-22-18-108-69-159-193-41-115-139-68-46-0-117-143-183-89-186-23-137-176-80-79-63-94-124-152-97-1-101-2-120-82-129-57-92-55-52-49-102-148-9-62-144-14-138-178-106-185-165-40-90-81-196-179-145-78-31-56-113-175-171-16-25-44-75-86-26-100-121-53-180-154-135-70-127-123-162-133-151-51"
120,72061,100,23612,95673,2,"119-40-185-52-55-57-129-92-179-145-78-31-56-113-175-171-16-25-44-120-2-152-97-1-101-75-86-26-100-121-53-158-154-70-135-180-63-94-79-133-51-118-59-115-46-68-139-193-41-5-42-181-159-69-108-18-22-146-34-160-48-54-177-184-43-116-65-149-123-127-162-151-80-176-137-0-117-143-183-89-23-186-114-15-148-9-62-102-144-14-49-178-106-165-39-164-27-90-81-196"
121,71290,100,23512,94802,3,"120-82-92-57-129-2-152-97-1-101-75-86-26-100-53-154-70-135-180-94-63-79-133-51-118-59-115-46-68-139-193-41-5-42-181-159-69-108-18-22-146-34-160-48-54-177-10-190-4-112-84-184-43-116-65-149-123-127-162-151-80-176-137-0-117-143-183-89-23-186-114-15-148-9-62-102-144-14-49-178-106-52-55-185-165-40-90-81-196-179-145-78-31-56-113-175-171-16-25-44"
122,71401,100,23002,94403,2,"121-53-158-154-70-135-180-63-79-80-176-51-151-133-162-127-123-149-59-65-116-43-42-184-84-4-190-10-177-54-48-160-34-181-146-22-18-108-69-159-193-41-115-139-68-46-0-117-143-183-89-23-137-186-114-15-9-62-144-14-138-165-40-185-90-81-196-179-145-78-31-56-113-175-171-16-25-44-120-2-129-92-57-55-52-106-178-49-102-148-124-94-152-1-101-75-86-97-26-100"
123,71328,100,23388,94716,2,"122-63-79-80-176-51-151-133-162-127-123-149-59-65-116-43-42-184-84-112-4-190-10-177-54-48-160-34-181-146-22-18-108-69-159-193-41-115-139-68-46-0-117-143-183-89-23-137-186-114-15-9-62-144-14-138-165-40-185-90-81-196-179-145-78-31-56-113-175-171-16-25-44-120-75-86-154-70-135-180-53-100-26-101-1-97-152-2-129-92-57-55-52-106-178-49-102-148-124-94"
124,71766,100,23397,95163,3,"123-149-65-116-59-118-115-43-184-84-4-190-10-177-54-48-160-34-146-22-18-108-69-159-181-42-5-41-193-139-68-46-0-117-143-183-89-186-23-137-176-80-51-151-162-133-79-63-94-124-152-97-1-101-2-120-82-129-57-92-55-52-49-102-148-9-62-144-14-138-178-106-185-165-40-90-81-196-179-145-78-31-56-113-175-171-16-25-44-75-86-26-100-121-53-180-154-135-70-127"
125,71284,100,22885,94169,2,"124-94-152-97-1-101-75-86-26-100-121-53-158-154-70-135-180-63-79-80-176-51-151-133-162-127-123-149-59-65-116-43-42-184-84-4-190-10-177-54-48-160-34-181-146-22-18-108-69-159-193-41-115-139-68-46-0-117-143-183-89-23-137-186-114-15-9-62-144-14-138-165-40-185-90-81-196-179-145-78-31-56-113-175-171-16-25-44-120-2-129-92-57-55-52-106-178-49-102-148"
126,72378,100,23180,95558,3,"125-152-97-1-101-75-86-26-100-53-154-70-135-180-94-63-79-80-176-51-151-133-162-127-123-149-59-65-116-43-42-184-84-190-10-177-54-48-160-34-181-146-22-18-108-69-159-193-41-115-139-68-46-0-117-143-183-89-186-23-137-148-9-62-102-144-14-49-178-106-165-39-95-7-164-71-27-90-81-196-40-185-52-55-57-129-92-179-145-78-31-56-113-175-171-16-25-44-120-2"
127,72154,100,23544,95698,2,"126-127-123-149-65-43-116-59-118-51-151-133-162-135-70-154-180-53-121-100-26-86-75-44-25-16-171-175-113-56-31-78-145-179-196-81-90-40-165-185-106-178-138-14-144-62-9-148-102-49-52-55-92-57-129-120-2-101-1-97-152-124-94-63-79-80-176-137-23-89-183-143-117-0-93-140-68-46-115-139-193-41-42-181-159-69-108-18-22-146-34-160-48-54-177-184-35-84-4-112"
128,71766,100,23397,95163,3,"127-123-149-65-116-59-118-115-43-184-84-4-190-10-177-54-48-160-34-146-22-18-108-69-159-181-42-5-41-193-139-68-46-0-117-143-183-89-186-23-137-176-80-51-151-162-133-79-63-94-124-152-97-1-101-2-120-82-129-57-92-55-52-49-102-148-9-62-144-14-138-178-106-185-165-40-90-81-196-179-145-78-31-56-113-175-171-16-25-44-75-86-26-100-121-53-180-154-135-70"
129,73263,100,23872,97135,2,"128-55-52-185-40-196-81-90-165-106-178-49-14-144-102-62-9-15-114-186-23-89-183-143-117-0-137-176-80-151-162-127-123-149-65-116-43-184-177-54-48-160-34-146-22-18-108-69-159-181-42-5-41-193-139-68-46-115-59-118-51-133-79-63-180-135-70-154-158-53-121-100-26-86-75-44-25-16-171-175-113-56-31-78-145-179-92-57-129-82-120-2-101-1-97-152-94-124-148-167"
130,72168,100,23728,95896,3,"129-179-145-78-31-56-113-175-171-16-25-44-120-2-152-97-1-101-75-86-26-100-53-154-70-135-180-94-63-79-133-51-118-59-115-46-68-139-193-41-5-42-181-159-69-108-18-22-146-34-160-48-54-177-184-43-116-65-149-123-127-162-151-80-176-137-0-117-143-183-89-23-186-114-15-148-9-62-102-144-14-49-178-106-165-39-95-7-164-71-27-90-81-196-40-185-52-55-57-92"
131,72626,100,23324,95950,2,"130-94-152-97-1-101-75-86-26-100-121-53-158-154-70-135-180-63-79-80-176-51-133-151-162-127-123-149-59-65-116-43-184-84-190-10-177-54-48-160-34-146-22-18-108-69-159-181-42-5-115-41-193-139-68-46-0-117-143-183-89-23-137-186-114-15-9-62-144-14-138-165-40-185-90-81-196-179-145-78-31-56-113-175-171-16-25-44-120-2-129-92-57-55-52-106-178-49-102-148"
132,71453,100,23147,94600,3,"131-149-123-127-162-59-118-51-151-133-135-70-154-180-53-121-100-26-86-75-44-25-16-171-175-113-56-31-78-145-179-196-81-90-40-165-185-106-178-138-14-144-62-9-148-102-49-52-55-92-57-129-82-120-2-101-1-97-152-124-94-63-79-80-176-137-23-186-89-183-143-117-0-46-68-139-115-41-193-159-69-108-18-22-146-181-34-160-48-54-177-10-190-4-84-184-42-43-116-65"
133,72956,100,23468,96424,2,"132-15-114-186-23-89-183-143-117-0-137-176-80-151-162-127-123-149-65-116-43-184-190-177-54-48-160-34-146-22-18-108-69-159-181-42-5-41-193-139-68-46-115-59-118-51-133-79-63-180-135-70-154-158-53-121-100-26-86-75-101-1-97-152-94-124-148-9-62-102-49-178-106-52-55-57-92-129-2-120-44-25-16-171-175-113-56-31-78-145-179-196-81-90-185-40-165-138-14-144"
134,71108,100,22981,94089,3,"133-162-123-127-70-135-154-180-53-121-100-26-86-75-44-25-16-171-175-113-56-31-78-145-179-196-81-90-40-165-185-106-178-138-14-144-62-9-148-102-49-52-55-92-57-129-82-120-2-101-1-97-152-124-94-63-79-80-176-137-23-186-89-183-143-117-0-46-68-139-193-41-115-5-42-181-159-69-108-18-22-146-34-160-48-54-177-10-190-4-112-84-184-43-116-65-59-118-51-151"
135,73236,100,23932,97168,3,"134-18-22-146-159-193-41-139-115-5-42-181-34-160-48-54-177-10-190-4-84-184-43-116-65-149-123-127-162-151-133-135-70-154-180-53-121-100-26-86-75-44-25-16-171-175-113-56-31-78-145-179-196-81-90-40-165-185-106-178-138-14-144-62-9-148-102-49-52-55-92-57-129-82-120-2-101-1-97-152-124-94-63-79-80-176-137-51-59-118-46-68-0-89-183-143-117-93-140-108"
136,71766,100,23397,95163,2,"135-154-180-53-121-100-26-86-75-44-25-16-171-175-113-56-31-78-145-179-196-81-90-40-165-185-106-178-138-14-144-62-9-148-102-49-52-55-92-57-129-82-120-2-101-1-97-152-124-94-63-79-133-162-151-51-80-176-137-23-186-89-183-143-117-0-46-68-139-193-41-5-42-181-159-69-108-18-22-146-34-160-48-54-177-10-190-4-84-184-43-115-118-59-116-65-149-123-127-70"
137,71681,100,22859,94540,2,"136-121-100-26-86-75-44-25-16-171-175-113-56-31-78-145-179-196-81-90-40-165-185-106-178-138-14-144-62-9-148-102-49-52-55-92-57-129-82-120-2-101-1-97-152-124-94-63-79-80-176-137-23-186-89-183-143-117-0-46-68-139-193-41-115-5-42-181-159-69-108-18-22-146-34-160-48-54-177-10-190-4-84-184-43-116-65-59-118-51-151-133-162-123-127-70-135-154-180-53"
138,71108,100,22981,94089,3,"137-23-186-89-183-143-117-0-46-68-139-193-41-115-5-42-181-159-69-108-18-22-146-34-160-48-54-177-10-190-4-112-84-184-43-116-65-59-118-51-151-133-162-123-127-70-135-154-180-53-121-100-26-86-75-44-25-16-171-175-113-56-31-78-145-179-196-81-90-40-165-185-106-178-138-14-144-62-9-148-102-49-52-55-92-57-129-82-120-2-101-1-97-152-124-94-63-79-80-176"
139,71667,100,23197,94864,2,"138-14-144-15-114-186-23-89-183-143-117-0-137-176-80-151-162-127-123-149-65-116-43-184-190-10-177-54-48-160-34-146-22-18-108-69-159-181-42-5-41-193-139-68-46-115-59-118-51-133-79-63-180-135-70-154-158-53-121-100-26-86-75-101-1-97-152-94-124-148-9-62-102-49-178-106-52-55-57-92-129-2-120-44-25-16-171-175-113-56-31-78-145-179-196-81-90-185-40-165"
140,72380,100,23884,96264,3,"139-193-41-5-42-181-159-69-108-18-22-146-34-160-48-54-177-10-190-4-84-184-43-116-65-149-123-127-162-151-133-135-70-154-180-53-121-100-26-86-75-44-25-16-171-175-113-56-31-78-145-179-196-81-90-40-165-185-106-178-138-14-144-62-9-148-102-49-52-55-92-57-129-82-120-2-101-1-97-152-124-94-63-79-80-176-137-51-118-59-115-46-0-89-183-143-117-93-140-68"
141,72380,100,23884,96264,2,"140-93-117-143-183-89-0-46-115-59-118-51-137-176-80-79-63-94-124-152-97-1-101-2-120-82-129-57-92-55-52-49-102-148-9-62-144-14-138-178-106-185-165-40-90-81-196-179-145-78-31-56-113-175-171-16-25-44-75-86-26-100-121-53-180-154-70-135-133-151-162-127-123-149-65-116-43-184-84-4-190-10-177-54-48-160-34-146-22-18-108-69-159-181-42-5-41-193-139-68"
142,72682,100,23766,96448,3,"141-176-137-23-186-89-183-143-117-0-46-68-139-115-41-193-159-69-108-18-22-146-181-34-160-48-54-177-10-190-4-112-84-184-42-43-116-65-59-149-123-127-162-133-135-70-154-180-53-121-100-26-86-75-44-25-16-171-175-113-56-31-78-145-179-196-81-90-40-165-185-106-178-138-14-144-62-9-148-102-49-52-55-92-57-129-82-120-2-101-1-97-152-124-94-63-79-80-151-51"
143,72364,100,22973,95337,2,"142-193-41-139-68-46-0-117-143-183-89-186-23-137-176-80-79-63-94-124-152-97-1-101-2-120-82-129-57-92-55-52-49-102-148-9-62-144-14-138-178-106-185-165-40-90-81-196-179-145-78-31-56-113-175-171-16-25-44-75-86-26-100-121-53-180-154-135-70-127-123-162-133-151-51-118-59-65-116-43-184-84-4-190-10-177-54-48-160-34-146-22-18-108-69-159-181-42-5-115"
144,71108,100,22981,94089,3,"143-183-89-186-23-137-176-80-79-63-94-124-152-97-1-101-2-120-82-129-57-92-55-52-49-102-148-9-62-144-14-138-178-106-185-165-40-90-81-196-179-145-78-31-56-113-175-171-16-25-44-75-86-26-100-121-53-180-154-135-70-127-123-162-133-151-51-118-59-65-116-43-184-84-112-4-190-10-177-54-48-160-34-146-22-18-108-69-159-181-42-5-115-41-193-139-68-46-0-117"
145,71667,100,23197,94864,2,"144-15-114-186-23-89-183-143-117-0-137-176-80-151-162-127-123-149-65-116-43-184-190-10-177-54-48-160-34-146-22-18-108-69-159-181-42-5-41-193-139-68-46-115-59-118-51-133-79-63-180-135-70-154-158-53-121-100-26-86-75-101-1-97-152-94-124-148-9-62-102-49-178-106-52-55-57-92-129-2-120-44-25-16-171-175-113-56-31-78-145-179-196-81-90-185-40-165-138-14"
146,71290,100,23512,94802,3,"145-78-31-56-113-175-171-16-25-44-120-82-92-57-129-2-152-97-1-101-75-86-26-100-53-154-70-135-180-94-63-79-133-51-118-59-115-46-68-139-193-41-5-42-181-159-69-108-18-22-146-34-160-48-54-177-10-190-4-112-84-184-43-116-65-149-123-127-162-151-80-176-137-0-117-143-183-89-23-186-114-15-148-9-62-102-144-14-49-178-106-52-55-185-165-40-90-81-196-179"
147,72161,100,23665,95826,2,"146-159-193-41-139-115-5-42-181-34-160-48-54-177-10-190-4-84-184-43-116-65-149-123-127-162-151-133-135-70-154-180-53-121-100-26-86-75-44-25-16-171-175-113-56-31-78-145-179-196-81-90-40-165-185-106-178-138-14-144-62-9-148-102-49-52-55-92-57-129-82-120-2-101-1-97-152-124-94-63-79-80-176-137-51-59-118-46-68-0-89-183-143-117-93-140-108-69-18-22"
148,71856,100,22936,94792,2,"147-54-48-160-34-181-146-22-18-108-69-159-193-41-139-115-46-68-140-93-0-117-143-183-89-186-23-137-176-80-79-63-94-124-152-97-1-101-2-120-82-129-57-92-55-52-49-102-148-9-62-144-14-138-178-106-185-165-40-90-81-196-179-145-78-31-56-113-175-171-16-25-44-75-86-26-100-121-53-180-154-135-70-127-123-162-133-151-51-118-59-65-116-43-42-184-112-4-10-177"
149,71860,100,23283,95143,3,"148-102-49-178-106-52-55-57-92-129-2-120-44-25-16-171-175-113-56-31-78-145-179-196-81-90-185-40-165-138-14-144-62-9-15-114-186-137-23-89-183-143-117-0-46-68-139-193-41-115-5-42-181-159-69-108-18-22-146-34-160-48-54-177-10-190-84-184-43-116-65-59-149-123-127-162-151-133-51-176-80-79-63-180-135-70-154-158-53-121-100-26-86-75-101-1-97-152-94-124"
150,71233,100,23338,94571,2,"149-123-127-162-59-118-51-151-133-135-70-154-180-53-121-100-26-86-75-44-25-16-171-175-113-56-31-78-145-179-196-81-90-40-165-185-106-178-138-14-144-62-9-148-102-49-52-55-92-57-129-82-120-2-101-1-97-152-124-94-63-79-80-176-137-23-186-89-183-143-117-0-46-68-139-115-41-193-159-69-108-18-22-146-181-34-160-48-54-177-10-190-4-112-84-184-42-43-116-65"
151,72816,100,23725,96541,3,"150-101-86-26-100-53-154-70-135-180-94-63-79-133-51-118-59-115-46-68-139-193-41-5-42-181-159-69-108-18-22-146-34-160-48-54-177-184-43-116-65-149-123-127-162-151-80-176-137-0-117-143-183-89-23-186-114-15-148-9-62-102-144-14-49-178-106-165-39-95-7-164-27-90-81-196-40-185-52-55-57-129-92-179-145-78-31-56-113-175-171-16-25-44-120-2-152-97-1-75"
152,71108,100,22981,94089,2,"151-133-162-123-127-70-135-154-180-53-121-100-26-86-75-44-25-16-171-175-113-56-31-78-145-179-196-81-90-40-165-185-106-178-138-14-144-62-9-148-102-49-52-55-92-57-129-82-120-2-101-1-97-152-124-94-63-79-80-176-137-23-186-89-183-143-117-0-46-68-139-193-41-115-5-42-181-159-69-108-18-22-146-34-160-48-54-177-10-190-4-112-84-184-43-116-65-59-118-51"
153,71440,100,23279,94719,3,"152-97-1-101-75-86-26-100-53-154-70-135-180-94-63-79-80-176-51-151-133-162-127-123-149-59-65-116-43-42-184-84-4-190-10-177-54-48-160-34-181-146-22-18-108-69-159-193-41-115-139-68-46-0-117-143-183-89-186-23-137-148-9-62-102-144-14-49-178-106-165-39-95-7-164-71-27-90-81-196-40-185-52-55-57-129-92-179-145-78-31-56-113-175-171-16-25-44-120-2"
154,71836,100,23029,94865,2,"153-46-68-139-193-41-115-5-42-181-159-69-108-18-22-146-34-160-48-54-177-10-190-4-84-184-43-116-65-59-118-51-151-133-162-123-127-70-135-154-180-53-121-100-26-86-75-44-25-16-171-175-113-56-31-78-145-179-196-81-90-40-165-185-106-178-138-14-144-62-9-148-102-49-52-55-92-57-129-82-120-2-101-1-97-152-124-94-63-79-80-176-137-23-186-89-183-143-117-0"
155,71766,100,23397,95163,3,"154-180-53-121-100-26-86-75-44-25-16-171-175-113-56-31-78-145-179-196-81-90-40-165-185-106-178-138-14-144-62-9-148-102-49-52-55-92-57-129-82-120-2-101-1-97-152-124-94-63-79-133-162-151-51-80-176-137-23-186-89-183-143-117-0-46-68-139-193-41-5-42-181-159-69-108-18-22-146-34-160-48-54-177-10-190-4-84-184-43-115-118-59-116-65-149-123-127-70-135"
156,72403,100,23083,95486,2,"155-144-15-114-186-23-89-183-143-117-0-137-176-80-151-162-127-123-149-65-116-43-184-190-177-54-48-160-34-146-22-18-108-69-159-181-42-5-41-193-139-68-46-115-59-118-51-133-79-63-180-135-70-154-158-53-121-100-26-86-75-101-1-97-152-94-124-148-9-62-102-49-178-106-52-55-57-92-129-2-120-44-25-16-171-175-113-56-31-78-145-179-196-81-90-185-40-165-138-14"
157,72165,100,23561,95726,3,"156-127-123-149-65-43-116-59-118-51-151-133-162-135-70-154-180-53-121-100-26-86-75-44-25-16-171-175-113-56-31-78-145-179-196-81-90-40-165-185-106-178-138-14-144-62-9-148-102-49-52-55-92-57-129-120-2-101-1-97-152-124-94-63-79-80-176-137-23-89-183-143-117-0-93-140-68-46-115-139-193-41-42-181-159-69-108-18-22-146-34-160-48-54-177-184-35-84-4-112"
158,72297,100,23243,95540,2,"157-145-78-31-56-113-175-171-16-25-44-120-82-92-57-129-2-152-97-1-101-75-86-26-100-53-154-70-135-180-94-63-79-133-51-118-59-115-46-68-139-193-41-5-42-181-159-69-108-18-22-146-34-160-48-54-177-184-43-116-65-149-123-162-151-80-176-137-0-117-143-183-89-23-186-114-15-148-9-62-102-144-14-49-178-106-52-55-185-40-165-39-95-7-164-71-27-90-81-196"
159,71965,100,23344,95309,3,"158-53-121-100-26-86-75-44-25-16-171-175-113-56-31-78-145-179-196-81-90-40-165-185-106-178-138-14-144-62-9-148-102-49-52-55-92-57-129-82-120-2-101-1-97-152-124-94-63-79-133-162-151-51-80-176-137-23-186-89-183-143-117-0-46-68-139-193-41-5-42-181-159-69-108-18-22-146-34-160-48-54-177-10-190-84-184-43-115-118-59-116-65-149-123-127-70-135-154-180"
160,71818,100,23796,95614,2,"159-193-41-139-68-140-93-117-143-183-89-0-46-115-59-118-51-137-176-80-79-63-94-124-152-97-1-101-2-120-82-129-57-92-55-52-49-102-148-9-62-144-14-138-178-106-185-165-40-90-81-196-179-145-78-31-56-113-175-171-16-25-44-75-86-26-100-121-53-180-154-70-135-133-151-162-127-123-149-65-116-43-42-184-84-112-4-190-10-177-54-48-160-34-181-146-22-18-108-69"
161,71308,100,22886,94194,2,"160-34-146-22-18-108-69-159-181-42-5-41-193-139-115-46-68-140-93-0-117-143-183-89-186-23-137-176-80-79-63-94-124-152-97-1-101-2-120-82-129-57-92-55-52-49-102-148-9-62-144-14-138-178-106-185-165-40-90-81-196-179-145-78-31-56-113-175-171-16-25-44-75-86-26-100-121-53-180-154-135-70-127-123-162-133-151-51-118-59-65-116-43-184-84-190-10-177-54-48"
162,72015,100,22776,94791,3,"161-162-133-151-51-118-59-65-116-43-184-84-4-190-10-177-54-48-160-34-146-22-18-108-69-159-181-42-5-115-41-193-139-68-46-0-117-143-183-89-186-23-137-176-80-79-63-94-124-152-97-1-101-2-120-82-129-57-92-55-52-49-102-148-9-62-144-14-138-178-106-185-165-40-90-81-196-179-145-78-31-56-113-175-171-16-25-44-75-86-26-100-121-53-180-154-135-70-127-123"
163,72172,100,24020,96192,2,"162-127-123-149-59-65-116-115-43-184-84-112-4-190-10-177-54-48-160-34-146-22-18-108-69-159-181-42-5-41-193-139-68-46-0-117-143-183-89-186-23-137-51-176-80-79-63-94-124-152-97-1-101-2-120-82-129-57-92-55-52-49-102-148-9-62-144-14-138-178-106-185-165-40-90-81-196-179-145-78-31-56-113-175-171-16-25-44-75-86-26-100-121-53-180-154-70-135-133-151"
164,73031,100,23677,96708,3,"163-108-18-20-22-146-159-193-41-139-115-5-42-181-34-160-48-54-177-10-190-84-184-43-116-65-149-123-127-162-151-133-135-70-154-180-53-121-100-26-86-75-44-25-16-171-175-113-56-31-78-145-179-196-81-90-40-165-185-106-178-138-14-144-62-9-148-102-49-52-55-92-57-129-82-120-2-101-1-97-152-124-94-63-79-80-176-137-51-59-118-46-68-0-89-183-143-117-93-140"
165,71890,100,23497,95387,2,"164-7-21-144-15-114-186-23-89-183-143-117-0-137-176-80-151-162-123-149-65-116-43-184-177-54-48-160-34-146-22-18-108-69-159-181-42-5-41-193-139-68-46-115-59-118-51-133-79-63-180-135-70-154-53-121-100-26-86-75-101-1-97-152-94-124-148-9-62-102-49-14-178-106-52-55-57-92-129-2-120-44-25-16-171-175-113-56-31-78-145-179-196-81-185-40-165-90-27-71"
166,71667,100,23197,94864,3,"165-40-185-90-81-196-179-145-78-31-56-113-175-171-16-25-44-120-2-129-92-57-55-52-106-178-49-102-62-9-148-124-94-152-97-1-101-75-86-26-100-121-53-158-154-70-135-180-63-79-133-51-118-59-115-46-68-139-193-41-5-42-181-159-69-108-18-22-146-34-160-48-54-177-10-190-184-43-116-65-149-123-127-162-151-80-176-137-0-117-143-183-89-23-186-114-15-144-14-138"
167,71820,100,22762,94582,2,"166-43-116-65-59-118-51-151-133-162-123-127-70-135-154-180-53-121-100-26-86-75-44-25-16-171-175-113-56-31-78-145-179-196-81-90-40-165-185-106-178-138-14-144-62-9-148-102-49-52-55-92-57-129-82-120-2-101-1-97-152-124-94-63-79-80-176-137-23-186-89-183-143-117-0-93-140-68-46-115-139-193-41-5-42-181-159-69-108-18-22-146-34-160-48-54-177-10-190-184"
168,72260,100,23550,95810,2,"167-2-120-44-25-16-171-175-113-56-31-78-145-179-92-129-57-55-52-185-40-196-81-90-27-39-165-106-178-49-14-144-102-62-9-15-114-186-23-89-183-143-117-0-137-176-80-151-162-127-123-149-65-116-43-184-177-54-48-160-34-146-22-18-108-69-159-181-42-5-41-193-139-68-46-115-59-118-51-133-79-63-180-135-70-154-158-53-121-100-26-86-75-101-1-97-152-94-124-148"
169,72434,100,23407,95841,3,"168-78-31-56-113-175-171-16-25-44-120-82-92-57-129-2-152-97-1-101-75-86-26-100-53-154-70-135-180-94-63-79-133-51-118-59-115-46-68-139-193-41-5-42-181-159-69-108-18-22-146-34-160-48-54-177-10-190-4-84-184-43-116-65-149-123-127-162-151-80-176-137-0-117-143-183-89-23-186-114-15-148-9-62-102-144-14-49-178-106-52-55-185-165-40-90-81-196-179-145"
170,71893,100,23436,95329,2,"169-40-90-165-185-55-52-106-178-49-14-144-102-62-9-148-15-114-186-137-23-89-183-143-117-0-46-68-139-193-41-115-5-42-181-159-69-108-18-22-146-34-160-48-54-177-10-190-4-112-84-184-43-116-65-59-118-51-176-80-151-162-123-127-133-79-63-94-180-135-70-154-53-100-26-86-75-101-1-97-152-2-129-57-92-82-120-44-25-16-171-175-113-56-31-78-145-179-196-81"
171,71641,100,22771,94412,3,"170-143-183-89-186-23-137-176-80-79-63-94-124-152-97-1-101-2-120-82-129-57-92-55-52-49-102-148-9-62-144-14-138-178-106-185-165-40-90-81-196-179-145-78-31-56-113-175-171-16-25-44-75-86-26-100-121-53-180-154-135-70-127-123-162-133-151-51-118-59-65-116-43-184-84-4-190-10-177-54-48-160-34-146-22-18-108-69-159-181-42-5-115-41-193-139-68-46-0-117"
172,71290,100,23512,94802,2,"171-175-113-56-31-78-145-179-196-81-90-40-165-185-55-52-106-178-49-14-144-102-62-9-148-15-114-186-23-89-183-143-117-0-137-176-80-151-162-127-123-149-65-116-43-184-84-112-4-190-10-177-54-48-160-34-146-22-18-108-69-159-181-42-5-41-193-139-68-46-115-59-118-51-133-79-63-94-180-135-70-154-53-100-26-86-75-101-1-97-152-2-129-57-92-82-120-44-25-16"
173,73381,100,24228,97609,3,"172-2-152-1-101-97-26-100-75-86-53-154-70-135-180-94-63-79-133-51-118-59-115-46-68-139-193-41-5-42-181-159-69-108-18-22-146-34-160-48-54-177-184-43-116-65-149-123-127-162-151-80-176-137-0-117-143-183-89-23-186-114-15-148-9-62-102-144-14-49-178-106-165-39-95-164-27-90-81-196-40-185-52-55-57-92-179-145-78-31-56-113-175-171-16-25-44-120-82-129"
174,72675,100,23407,96082,2,"173-154-180-53-121-100-26-86-75-44-25-16-171-175-113-56-31-78-145-179-196-81-90-40-165-185-106-178-138-14-144-62-9-148-102-49-52-55-92-57-129-82-120-2-101-1-97-152-124-94-63-79-133-162-151-51-80-176-137-23-186-89-183-143-117-0-46-68-139-193-41-5-42-181-159-69-108-18-22-146-34-160-48-54-177-10-190-84-184-43-115-118-59-116-65-149-123-127-70-135"
175,72395,100,24034,96429,3,"174-196-185-52-55-57-129-92-179-145-78-31-56-113-175-171-16-25-44-120-2-152-1-101-97-26-100-75-86-53-154-70-135-180-94-63-79-133-51-118-59-115-46-68-139-193-41-5-42-181-159-69-108-18-22-146-34-160-48-54-177-10-190-4-112-84-184-43-116-65-149-123-127-162-151-80-176-137-0-117-143-183-89-23-186-114-15-148-9-62-102-144-14-49-178-106-165-40-90-81"
176,71290,100,23512,94802,2,"175-113-56-31-78-145-179-196-81-90-40-165-185-55-52-106-178-49-14-144-102-62-9-148-15-114-186-23-89-183-143-117-0-137-176-80-151-162-127-123-149-65-116-43-184-84-112-4-190-10-177-54-48-160-34-146-22-18-108-69-159-181-42-5-41-193-139-68-46-115-59-118-51-133-79-63-94-180-135-70-154-53-100-26-86-75-101-1-97-152-2-129-57-92-82-120-44-25-16-171"
177,71108,100,22981,94089,3,"176-137-23-186-89-183-143-117-0-46-68-139-193-41-115-5-42-181-159-69-108-18-22-146-34-160-48-54-177-10-190-4-112-84-184-43-116-65-59-118-51-151-133-162-123-127-70-135-154-180-53-121-100-26-86-75-44-25-16-171-175-113-56-31-78-145-179-196-81-90-40-165-185-106-178-138-14-144-62-9-148-102-49-52-55-92-57-129-82-120-2-101-1-97-152-124-94-63-79-80"
178,71512,100,23026,94538,2,"177-54-48-34-160-181-42-195-146-22-18-108-69-159-41-193-139-115-46-68-140-93-0-117-143-183-89-186-23-137-176-80-79-63-94-124-152-97-1-101-2-120-82-129-57-92-55-52-49-102-148-9-62-144-14-138-178-106-185-165-40-90-81-196-179-145-78-31-56-113-175-171-16-25-44-75-86-26-100-121-53-180-154-135-70-127-123-162-133-151-51-118-59-65-116-43-184-84-190-10"
179,71790,100,23242,95032,3,"178-49-14-144-102-62-9-148-15-114-186-23-89-183-143-117-0-137-176-80-151-162-127-123-149-65-116-43-184-190-10-177-54-48-160-34-146-22-18-108-69-159-181-42-5-41-193-139-68-46-115-59-118-51-133-79-63-180-135-70-154-158-53-121-94-124-152-97-1-101-26-100-86-75-2-129-57-92-82-120-44-25-16-171-175-113-56-31-78-145-179-196-81-90-40-165-185-55-52-106"
180,71204,100,23583,94787,2,"179-196-81-90-40-165-185-55-52-106-178-49-14-144-102-62-9-148-15-114-186-23-89-183-143-117-0-137-176-80-151-162-127-123-149-65-116-43-184-35-84-112-4-190-10-177-54-48-160-34-146-22-18-108-69-159-181-42-5-41-193-139-68-46-115-59-118-51-133-79-63-94-180-135-70-154-53-100-26-86-75-101-1-97-152-2-120-44-25-16-171-175-113-56-31-78-145-92-129-57"
181,71766,100,23397,95163,2,"180-53-121-100-26-86-75-44-25-16-171-175-113-56-31-78-145-179-196-81-90-40-165-185-106-178-138-14-144-62-9-148-102-49-52-55-92-57-129-82-120-2-101-1-97-152-124-94-63-79-133-162-151-51-80-176-137-23-186-89-183-143-117-0-46-68-139-193-41-5-42-181-159-69-108-18-22-146-34-160-48-54-177-10-190-4-84-184-43-115-118-59-116-65-149-123-127-70-135-154"
182,71818,100,23796,95614,3,"181-146-22-18-108-69-159-193-41-139-68-140-93-117-143-183-89-0-46-115-59-118-51-137-176-80-79-63-94-124-152-97-1-101-2-120-82-129-57-92-55-52-49-102-148-9-62-144-14-138-178-106-185-165-40-90-81-196-179-145-78-31-56-113-175-171-16-25-44-75-86-26-100-121-53-180-154-70-135-133-151-162-127-123-149-65-116-43-42-184-84-112-4-190-10-177-54-48-160-34"
183,71733,100,22886,94619,2,"182-121-100-26-97-101-1-86-75-44-25-16-171-175-113-56-31-78-145-179-196-81-90-40-165-185-106-178-138-14-144-62-9-148-102-49-52-55-92-57-129-82-120-2-152-124-94-63-79-80-176-137-23-186-89-183-143-117-0-46-68-139-193-41-115-5-42-181-159-69-108-18-22-146-34-160-48-54-177-10-190-4-84-184-43-116-65-59-118-51-151-133-162-123-127-70-135-154-180-53"
184,71108,100,22981,94089,3,"183-143-117-0-46-68-139-193-41-115-5-42-181-159-69-108-18-22-146-34-160-48-54-177-10-190-4-112-84-184-43-116-65-59-118-51-151-133-162-123-127-70-135-154-180-53-121-100-26-86-75-44-25-16-171-175-113-56-31-78-145-179-196-81-90-40-165-185-106-178-138-14-144-62-9-148-102-49-52-55-92-57-129-82-120-2-101-1-97-152-124-94-63-79-80-176-137-23-186-89"
185,71308,100,22886,94194,2,"184-84-190-10-177-54-48-160-34-146-22-18-108-69-159-181-42-5-41-193-139-115-46-68-140-93-0-117-143-183-89-186-23-137-176-80-79-63-94-124-152-97-1-101-2-120-82-129-57-92-55-52-49-102-148-9-62-144-14-138-178-106-185-165-40-90-81-196-179-145-78-31-56-113-175-171-16-25-44-75-86-26-100-121-53-180-154-135-70-127-123-162-133-151-51-118-59-65-116-43"
186,71790,100,23273,95063,4,"185-55-52-106-178-49-14-144-102-62-9-148-15-114-186-23-89-183-143-117-0-137-176-80-151-162-127-123-149-65-116-43-184-84-190-10-177-54-48-160-34-146-22-18-108-69-159-181-42-5-41-193-139-68-46-115-59-118-51-133-79-94-63-180-135-70-154-158-53-121-100-26-86-75-101-1-97-152-2-129-57-92-82-120-44-25-16-171-175-113-56-31-78-145-179-196-81-90-40-165"
187,71108,100,22981,94089,2,"186-89-183-143-117-0-46-68-139-193-41-115-5-42-181-159-69-108-18-22-146-34-160-48-54-177-10-190-4-112-84-184-43-116-65-59-118-51-151-133-162-123-127-70-135-154-180-53-121-100-26-86-75-44-25-16-171-175-113-56-31-78-145-179-196-81-90-40-165-185-106-178-138-14-144-62-9-148-102-49-52-55-92-57-129-82-120-2-101-1-97-152-124-94-63-79-80-176-137-23"
188,72589,100,23056,95645,2,"187-90-27-71-164-7-95-39-165-40-185-55-52-106-178-49-14-144-62-9-148-15-114-186-23-89-183-143-117-0-137-176-80-151-162-123-149-65-116-43-184-177-54-48-160-34-146-22-18-108-69-159-181-42-5-41-193-139-68-46-115-59-118-51-133-79-63-94-180-135-70-154-53-100-26-86-75-101-1-97-152-2-129-57-92-82-120-44-25-16-171-175-113-56-31-78-145-179-196-81"
189,73354,100,23246,96600,2,"188-56-113-175-171-16-31-145-78-25-44-120-82-92-57-129-2-152-97-1-101-75-86-26-100-53-154-70-135-180-94-63-79-133-51-118-59-115-46-68-139-193-41-5-42-181-159-69-108-18-22-146-34-160-48-54-177-184-43-116-65-149-123-162-151-80-176-137-0-117-143-183-89-23-186-114-15-148-9-62-144-14-49-178-106-52-55-185-40-165-39-95-7-164-71-27-90-81-196-157"
190,72075,100,23153,95228,2,"189-152-97-1-101-75-86-26-100-121-53-158-154-70-135-180-63-79-133-51-118-59-115-46-68-139-193-41-5-42-181-159-69-108-18-22-146-34-160-48-54-177-190-184-43-116-65-149-123-127-162-151-80-176-137-0-117-143-183-89-23-186-114-15-144-14-138-165-40-185-90-81-196-179-145-78-31-56-113-175-171-16-25-44-120-2-129-92-57-55-52-106-178-49-102-62-9-148-124-94"
191,71112,100,23277,94389,3,"190-10-177-54-48-34-160-181-42-146-22-18-108-69-159-41-193-139-115-46-68-140-93-0-117-143-183-89-23-137-176-80-79-63-94-124-152-97-1-101-2-120-129-57-92-55-52-49-102-148-9-62-144-14-138-178-106-185-165-40-90-81-196-179-145-78-31-56-113-175-171-16-25-44-75-86-26-100-121-53-180-154-135-70-127-123-162-133-151-51-118-59-65-116-43-184-35-84-112-4"
192,73166,100,24000,97166,2,"191-193-41-5-42-181-159-69-108-18-22-146-34-160-48-54-177-10-190-84-184-43-116-65-149-123-127-162-151-133-135-70-154-180-53-121-100-26-86-75-44-25-16-171-175-113-56-31-78-145-179-196-81-90-40-165-185-106-178-138-14-144-62-9-148-102-49-52-55-92-57-129-82-120-2-101-1-97-152-124-94-63-79-80-176-137-51-118-59-115-139-46-0-89-183-143-117-93-140-68"
193,71592,100,22518,94110,3,"192-160-184-84-4-190-10-177-54-48-34-146-22-18-108-69-159-193-41-139-115-46-68-140-93-0-117-143-183-89-23-137-176-80-79-63-94-124-152-97-1-101-2-120-82-129-57-92-55-52-49-102-148-9-62-144-14-138-178-106-185-165-40-90-81-196-179-145-78-31-56-113-175-171-16-25-44-75-86-26-100-121-53-180-154-135-70-127-123-162-133-151-51-118-59-65-116-43-42-181"
194,72380,100,23884,96264,2,"193-139-68-140-93-117-143-183-89-0-46-115-59-118-51-137-176-80-79-63-94-124-152-97-1-101-2-120-82-129-57-92-55-52-49-102-148-9-62-144-14-138-178-106-185-165-40-90-81-196-179-145-78-31-56-113-175-171-16-25-44-75-86-26-100-121-53-180-154-70-135-133-151-162-127-123-149-65-116-43-184-84-4-190-10-177-54-48-160-34-146-22-18-108-69-159-181-42-5-41"
195,72281,100,23475,95756,3,"194-135-70-154-180-53-121-100-26-86-75-44-25-16-171-175-113-56-31-78-145-179-196-81-90-40-165-185-106-178-138-14-144-62-9-148-102-49-52-55-92-57-129-82-120-2-101-1-97-152-124-94-63-79-133-162-151-51-80-176-137-23-186-89-183-143-117-0-46-68-139-193-41-5-42-181-159-69-108-18-22-146-34-160-48-54-177-10-190-84-184-43-115-118-59-116-65-149-123-127"
196,72167,100,23607,95774,2,"195-146-22-18-108-69-159-193-41-139-68-140-93-117-143-183-89-0-46-115-59-118-51-137-176-80-79-63-94-124-152-97-1-101-2-120-82-129-57-92-55-52-49-102-148-9-62-144-14-138-178-106-185-165-40-90-81-196-179-145-78-31-56-113-175-171-16-25-44-75-86-26-100-121-53-180-154-70-135-133-151-162-127-123-149-65-116-43-42-184-84-4-190-10-177-54-48-160-34-181"
197,71290,100,23512,94802,3,"196-81-90-40-165-185-55-52-106-178-49-14-144-102-62-9-148-15-114-186-23-89-183-143-117-0-137-176-80-151-162-127-123-149-65-116-43-184-84-112-4-190-10-177-54-48-160-34-146-22-18-108-69-159-181-42-5-41-193-139-68-46-115-59-118-51-133-79-63-94-180-135-70-154-53-100-26-86-75-101-1-97-152-2-129-57-92-82-120-44-25-16-171-175-113-56-31-78-145-179"
198,72197,100,23040,95237,2,"197-115-43-184-84-4-190-10-177-54-48-160-34-146-22-18-108-69-159-181-42-5-41-193-139-68-46-0-117-143-183-89-186-23-137-176-80-79-63-94-124-152-97-1-101-2-120-82-129-57-92-55-52-49-102-148-9-62-144-14-138-178-106-185-165-40-90-81-196-179-145-78-31-56-113-175-171-16-25-44-75-86-26-100-121-53-180-154-135-70-127-123-162-133-151-51-118-59-65-116"
199,72672,100,23824,96496,3,"198-115-59-118-51-137-176-80-79-63-94-124-152-97-1-101-2-120-82-129-57-92-55-52-49-102-148-9-62-144-14-138-178-106-185-165-40-90-81-196-179-145-78-31-56-113-175-171-16-25-44-75-86-26-100-121-53-180-154-70-135-133-151-162-127-123-149-65-116-43-184-84-190-10-177-54-48-160-34-146-22-18-108-69-159-181-42-5-41-193-139-68-140-93-117-143-183-89-0-46"
200,72491,100,23591,96082,2,"199-22-146-159-193-41-139-115-5-42-181-34-160-48-54-177-10-190-84-184-43-116-65-149-123-127-162-151-133-135-70-154-180-53-121-100-26-86-75-44-25-16-171-175-113-56-31-78-145-179-196-81-90-40-165-185-106-178-138-14-144-62-9-148-102-49-52-55-92-57-129-82-120-2-101-1-97-152-124-94-63-79-80-176-137-51-59-118-46-68-0-89-183-143-117-93-140-108-69-18"
