SolutionID,TotalCost,NumNodes,TotalDistance,ObjectiveFunction,TotalRunningTime,Cycle
1,116182,100,25194,141376,32,"135-127-162-45-133-80-79-63-136-182-1-44-25-16-88-113-56-85-78-185-165-39-90-107-27-58-164-7-21-155-144-132-73-64-114-76-153-170-117-68-191-110-93-140-36-108-69-20-199-22-146-103-181-192-160-30-54-123-24-149-131-65-105-43-42-5-96-197-115-46-109-51-176-137-183-83-15-33-37-148-94-124-111-167-128-178-106-8-169-196-98-17-157-145-92-129-97-53-158-6"
2,116932,100,23503,140435,20,"106-62-128-111-167-172-129-82-120-44-25-179-91-145-78-16-88-171-175-31-85-188-81-187-90-107-27-58-164-7-21-132-73-64-23-46-191-139-198-59-118-60-141-66-12-130-80-122-63-99-121-53-158-6-70-135-133-45-162-161-123-24-127-29-156-190-10-54-30-160-192-77-47-65-43-42-5-96-41-193-181-103-146-22-20-18-69-163-36-140-93-117-170-143-153-183-76-186-9-178"
3,128121,100,25071,153192,18,"48-181-193-103-146-22-199-20-134-108-67-163-36-140-93-117-170-143-153-183-51-65-47-43-77-131-149-24-4-112-126-127-123-162-45-133-79-122-173-154-158-53-121-99-189-19-130-12-74-125-87-2-44-16-88-25-113-50-188-157-17-196-169-38-168-145-92-57-55-52-148-37-33-15-73-164-58-39-165-119-40-138-178-3-32-132-64-186-23-76-109-60-46-198-139-191-41-192-30-54"
4,121994,100,23273,145267,19,"50-40-119-165-39-27-71-58-164-138-32-3-178-9-62-61-132-73-15-186-83-76-183-153-0-117-93-140-36-163-67-108-134-20-199-22-146-103-193-41-181-192-160-147-104-177-10-4-84-35-11-28-166-77-65-116-197-118-198-139-191-46-60-141-66-176-80-79-133-72-162-161-194-127-70-158-53-63-130-12-111-128-167-124-189-19-26-100-86-75-52-55-92-82-120-44-25-145-168-56"
5,118867,100,24060,142927,21,"153-183-89-83-114-64-73-132-164-58-27-107-90-187-81-138-14-155-144-61-9-33-37-124-19-26-120-82-57-55-52-178-106-88-16-25-44-75-86-100-189-130-12-63-180-53-158-6-70-127-123-24-173-162-45-133-79-80-176-141-51-109-118-59-197-65-105-43-28-166-11-35-84-4-10-177-104-147-160-192-103-146-22-181-42-5-96-46-198-139-110-199-20-69-108-36-140-93-117-0"
6,124376,100,23538,147914,21,"3-155-144-186-23-76-183-114-64-73-132-21-7-164-58-71-27-107-90-187-81-174-169-196-157-113-56-38-91-179-44-25-87-125-74-19-189-26-100-182-136-53-70-29-156-10-177-104-147-160-192-181-103-146-22-20-134-108-69-199-193-41-47-65-72-118-59-197-115-191-139-198-60-46-68-36-140-93-170-143-153-141-66-176-122-79-133-45-162-161-135-6-154-158-86-75-2-129-92-178"
7,115021,100,23752,138773,21,"199-22-103-146-159-181-160-48-30-54-10-190-11-35-4-112-126-162-161-194-70-135-173-180-53-63-122-121-99-152-74-172-14-32-3-178-52-55-57-179-91-38-25-120-44-16-171-175-31-157-17-196-169-98-40-119-165-39-90-107-27-58-164-7-21-132-73-144-155-33-148-15-64-83-23-183-76-137-176-66-51-109-59-65-77-166-43-41-193-153-143-170-117-93-140-36-67-108-18-134"
8,112594,100,21185,133779,14,"71-164-58-39-165-119-40-52-55-178-3-138-32-49-102-9-61-64-114-83-89-183-176-66-141-153-143-170-117-93-140-67-108-18-20-22-146-103-181-193-41-96-5-42-192-160-48-30-54-11-84-4-35-77-116-197-59-118-72-45-162-194-70-158-53-136-182-63-79-80-94-124-111-128-167-152-74-2-101-150-75-120-44-25-179-91-169-196-17-157-38-31-13-16-171-175-98-90-107-27"
9,117092,100,22775,139867,15,"133-79-122-45-162-24-123-127-194-70-135-6-158-53-136-182-189-19-26-100-86-75-16-88-78-25-44-120-82-129-55-52-178-3-32-14-155-144-81-187-90-107-27-58-164-7-21-132-73-64-114-186-23-76-183-153-143-170-117-93-140-36-60-141-66-176-118-191-110-199-69-108-134-20-22-146-103-195-181-192-160-30-54-10-190-4-84-35-11-166-28-65-105-43-42-5-96-115-59-151"
10,120675,100,23948,144623,13,"181-195-103-146-159-41-193-134-20-199-69-108-140-93-117-0-153-183-76-83-64-15-23-137-141-60-110-139-115-197-65-47-59-118-72-66-176-80-79-63-130-12-124-148-37-128-111-152-74-167-172-106-178-138-14-155-144-73-132-164-58-27-107-90-187-81-92-145-168-38-188-50-113-88-16-25-44-120-129-99-121-53-158-6-135-70-194-161-162-127-126-112-4-190-10-30-54-48-160-192"
11,127160,100,26007,153167,16,"148-33-119-40-169-187-81-196-17-157-50-175-171-16-56-168-78-25-44-125-74-19-189-121-53-158-63-122-176-59-197-96-195-146-103-34-42-5-116-105-131-11-10-177-104-147-35-149-70-6-135-161-45-72-118-46-198-191-110-142-159-20-18-108-67-163-36-140-93-117-170-143-153-183-89-73-21-27-71-58-164-7-39-165-52-55-178-3-32-14-155-144-132-64-114-186-23-141-66-37"
12,121324,100,24988,146312,17,"97-124-12-182-53-158-136-63-122-51-109-162-161-6-135-70-29-156-112-4-10-177-104-147-160-192-181-28-11-35-166-77-105-116-115-198-191-110-142-159-146-103-22-134-18-69-163-46-140-93-117-170-143-153-176-137-15-114-83-183-89-23-64-73-132-21-7-164-58-39-144-155-14-32-106-178-128-37-148-111-167-172-57-92-165-119-40-169-196-168-78-157-188-50-175-171-16-25-44-1"
13,127211,100,24428,151639,15,"12-176-80-122-79-161-45-151-72-59-118-66-141-60-46-186-83-76-183-153-143-170-93-140-36-191-139-198-197-116-105-96-5-42-181-41-193-142-199-69-108-134-20-22-146-103-195-192-160-147-104-177-10-156-29-24-123-127-70-135-6-173-158-136-182-121-99-189-19-74-125-120-44-16-88-25-129-92-57-179-91-81-187-106-178-49-102-155-144-107-27-58-164-21-132-73-62-9-15-130"
14,118735,100,23066,141801,43,"145-128-167-111-9-62-102-49-3-106-185-8-165-39-169-196-17-81-187-90-107-27-71-95-7-21-132-73-64-15-137-23-83-76-153-143-170-117-93-140-108-69-199-134-20-146-103-34-30-54-10-190-4-84-35-11-166-28-42-5-47-65-197-115-191-110-198-46-118-109-51-176-80-79-133-162-161-24-123-127-154-180-63-12-130-86-101-1-125-87-2-129-92-16-171-175-50-188-38-168"
15,124526,100,24749,149275,14,"60-141-66-176-80-63-70-6-173-133-79-137-12-130-94-189-19-101-150-75-44-25-16-88-13-31-38-98-17-196-169-91-179-82-129-57-55-52-172-167-111-128-102-49-178-3-32-138-39-165-119-40-90-107-27-71-164-7-21-9-61-64-114-186-23-76-183-143-170-68-93-140-36-108-69-20-199-159-193-41-181-160-147-104-10-190-103-146-191-139-198-46-59-149-131-156-29-162-45-118"
16,119321,100,21948,141269,17,"103-181-30-48-160-192-184-10-190-4-112-156-29-35-11-47-65-42-5-96-41-193-142-191-139-198-46-115-197-109-51-176-80-79-173-12-130-94-189-19-101-150-75-111-167-128-9-62-138-8-119-40-169-17-91-179-145-78-25-44-16-171-175-56-50-188-98-90-107-27-71-58-164-7-21-14-155-144-61-15-64-114-186-23-76-183-153-0-117-93-140-36-163-67-108-134-20-199-22-146"
17,127015,100,23807,150822,13,"192-181-103-146-195-42-5-96-41-198-46-139-110-142-199-134-69-108-36-140-93-117-170-143-153-183-76-23-186-114-64-73-132-21-164-58-71-27-107-39-165-119-40-138-32-3-178-52-55-57-169-196-17-157-113-50-188-38-168-145-92-15-33-37-148-74-125-87-2-25-88-16-44-99-121-53-158-63-122-176-66-141-60-118-59-72-151-45-161-154-6-70-127-29-156-65-116-54-30-160"
18,124376,100,23538,147914,13,"3-155-144-186-23-76-183-114-64-73-132-21-7-164-58-71-27-107-90-187-81-174-169-196-157-113-56-38-91-179-44-25-87-125-74-19-189-26-100-182-136-53-70-29-156-10-177-104-147-160-192-181-103-146-22-20-134-108-69-199-193-41-47-65-72-118-59-197-115-191-139-198-60-46-68-36-140-93-170-143-153-141-66-176-122-79-133-45-162-161-135-6-154-158-86-75-2-129-92-178"
19,123305,100,24460,147765,11,"161-156-29-127-70-6-154-180-133-79-122-12-130-99-121-86-75-74-125-87-2-44-25-82-129-92-57-55-52-179-91-185-90-107-27-39-165-8-138-33-37-144-155-14-58-164-7-21-132-73-15-64-83-23-183-76-137-176-66-141-60-46-143-170-0-93-140-36-67-108-134-20-199-163-68-191-139-198-115-96-41-193-142-22-195-146-103-34-10-177-104-147-42-5-47-65-118-59-45-162"
20,120331,100,24415,144746,19,"183-186-23-137-66-141-46-153-143-170-117-93-140-36-163-67-108-134-20-199-103-34-181-195-193-41-191-139-198-115-118-72-59-65-105-43-192-160-48-54-30-10-190-11-35-84-4-112-126-29-24-123-127-70-6-135-161-45-151-176-122-63-158-53-121-100-26-189-19-74-125-37-33-172-78-25-88-16-44-82-129-106-178-155-144-14-138-81-187-90-107-27-58-164-21-132-73-64-114-89"
21,118564,100,22712,141276,15,"84-35-11-28-166-77-105-116-59-118-60-141-66-176-80-79-63-133-45-162-24-123-127-173-6-70-180-53-189-19-101-150-75-129-82-120-44-25-16-88-179-91-55-52-178-32-138-21-7-164-58-107-27-174-187-81-196-169-106-49-102-9-62-155-144-132-73-15-186-83-76-183-153-0-117-93-140-36-163-199-146-103-22-20-134-108-67-191-139-96-5-42-181-192-160-34-48-30-54-4"
22,129904,100,25259,155163,14,"88-113-50-188-38-157-196-81-187-90-107-27-71-58-164-7-21-132-73-64-114-76-68-191-110-93-140-36-108-69-20-199-22-146-103-34-30-54-48-160-192-181-42-5-96-47-65-197-115-46-109-51-137-183-83-15-12-130-148-37-33-144-155-14-32-178-106-52-55-174-169-91-179-129-2-87-125-74-101-53-158-6-135-126-35-166-28-11-84-10-190-4-112-121-99-150-82-44-25-16"
23,121994,100,23235,145229,15,"81-169-196-17-188-50-157-168-78-25-44-33-37-12-130-94-189-19-97-1-63-176-80-79-182-136-53-158-6-135-70-194-127-123-24-149-131-166-28-84-126-29-112-4-190-10-54-30-34-103-146-22-20-134-108-69-199-193-41-142-139-198-46-110-36-140-93-117-170-143-153-51-45-162-72-59-105-116-197-109-141-137-183-89-83-23-186-64-15-144-155-21-7-164-58-71-27-107-90-187"
24,118808,100,22421,141229,14,"197-115-139-110-181-192-160-54-30-34-103-146-22-199-20-134-108-67-163-36-140-93-0-143-183-76-23-114-64-73-132-144-155-14-32-178-52-106-21-7-164-58-27-107-119-40-55-57-92-145-168-38-169-196-17-157-188-50-113-88-16-25-44-120-2-87-125-74-167-128-111-124-12-130-63-180-154-70-135-133-79-80-176-66-141-60-118-72-59-65-116-77-149-131-11-35-84-4-161-162"
25,123549,100,23675,147224,15,"123-127-70-180-53-121-99-167-55-52-185-119-40-88-16-25-44-82-129-2-87-125-74-101-150-75-86-130-12-111-128-9-61-102-49-178-3-32-138-107-27-58-164-7-21-132-73-64-114-23-76-183-153-143-170-117-93-140-36-67-108-134-20-199-163-198-46-60-118-59-45-133-122-79-173-6-162-47-77-43-42-5-96-41-193-22-146-103-34-30-54-10-190-11-35-84-112-156-29-24"
26,122546,100,22866,145412,2,"58-71-27-107-39-165-119-40-187-81-169-196-17-157-38-16-171-175-50-188-91-179-92-129-2-87-125-74-150-101-99-121-53-158-6-135-126-112-4-190-10-84-11-166-77-105-5-96-181-192-160-48-54-30-34-103-146-22-199-20-134-108-67-36-140-191-139-198-46-117-0-153-183-89-23-137-141-60-118-59-66-176-80-79-63-186-64-15-148-37-73-132-144-155-14-32-106-55-52-164"
27,119493,100,22234,141727,2,"61-64-114-186-23-183-76-137-66-109-51-176-80-12-130-124-111-128-167-74-125-87-26-100-19-189-63-79-133-45-162-149-131-47-116-42-5-96-191-110-199-69-108-134-20-22-146-103-34-30-54-11-35-24-123-127-161-70-135-173-180-53-86-75-2-92-57-78-25-44-16-88-113-50-188-168-157-17-196-81-187-174-119-40-55-52-178-3-32-14-107-27-58-164-7-21-144-155-62-9"
28,124523,100,23768,148291,2,"118-96-5-42-192-160-34-48-54-30-10-190-4-112-126-70-6-154-158-53-86-101-150-75-44-25-78-145-31-13-50-38-157-17-98-81-187-179-91-40-119-185-52-55-172-2-87-125-74-99-121-79-45-162-133-63-130-12-111-167-128-9-61-107-27-58-164-21-132-73-64-114-186-23-76-183-143-170-117-93-140-36-163-69-18-20-22-146-103-181-191-139-198-46-153-176-66-141-60-59"
29,120514,100,25619,146133,2,"15-37-152-101-150-75-44-25-16-88-113-50-188-157-81-187-169-196-17-168-78-92-57-74-148-122-63-182-136-53-158-133-162-161-6-135-70-127-123-24-77-96-139-191-142-41-5-42-43-29-156-190-10-54-30-34-103-146-199-20-134-108-67-36-140-93-170-143-183-89-23-46-198-59-118-60-141-66-176-137-186-64-73-132-21-7-164-58-39-165-119-40-52-55-178-3-32-14-155-144"
30,117661,100,22265,139926,2,"172-129-26-100-86-75-120-44-25-16-171-175-13-31-38-157-98-81-187-169-196-17-168-145-92-57-40-119-165-39-107-27-71-58-164-138-32-3-178-128-148-12-130-94-19-189-53-180-173-135-70-127-162-161-45-51-109-116-105-11-35-84-4-190-10-54-30-160-192-181-34-103-146-41-193-22-20-134-18-69-108-36-140-93-117-170-143-153-183-76-23-186-64-73-132-15-37-33-111-167"
31,120713,100,22846,143559,3,"0-109-51-45-162-133-79-122-130-12-37-33-155-144-23-76-183-114-64-73-132-21-7-164-58-71-27-107-39-165-119-40-52-55-129-92-78-145-196-169-187-81-17-157-85-56-113-88-16-25-44-82-125-74-101-150-75-86-99-121-53-180-173-6-70-127-123-149-131-105-116-104-147-160-192-181-42-5-96-41-193-195-103-146-22-199-134-108-163-36-140-93-191-139-115-198-46-60-143-170"
32,130008,100,25363,155371,2,"16-113-50-188-38-157-196-81-187-90-107-27-71-58-164-7-21-132-73-64-114-76-68-191-110-93-140-36-108-69-20-199-22-146-103-34-30-54-48-160-192-181-42-5-96-47-65-197-115-46-109-51-137-183-83-15-12-130-148-37-33-144-155-14-32-178-106-52-55-174-169-91-179-129-2-87-125-74-101-53-158-6-135-126-35-166-28-11-84-10-190-4-112-121-99-150-82-44-25-88"
33,117661,100,22265,139926,2,"172-129-26-100-86-75-120-44-25-16-171-175-13-31-38-157-98-81-187-169-196-17-168-145-92-57-40-119-165-39-107-27-71-58-164-138-32-3-178-128-148-12-130-94-19-189-53-180-173-135-70-127-162-161-45-51-109-116-105-11-35-84-4-190-10-54-30-160-192-181-34-103-146-41-193-22-20-134-18-69-108-36-140-93-117-170-143-153-183-76-23-186-64-73-132-15-37-33-111-167"
34,118982,100,23298,142280,2,"173-127-24-149-131-65-116-41-193-115-118-60-141-198-139-68-93-140-36-108-69-199-134-20-22-146-103-34-181-192-160-48-30-54-184-28-166-123-162-45-72-79-80-176-66-153-170-143-183-76-23-186-64-15-61-62-9-111-167-128-55-52-144-155-14-138-164-58-39-165-8-185-174-187-81-196-17-188-50-113-157-168-78-88-16-25-44-120-2-87-125-74-124-12-130-63-99-121-53-180"
35,121215,100,24503,145718,2,"70-150-75-16-88-25-44-2-74-152-94-130-12-176-9-62-178-106-52-55-57-92-145-168-38-113-50-188-81-187-174-40-119-138-32-102-155-144-58-164-7-21-132-73-15-186-83-76-183-143-153-170-68-198-139-191-93-140-108-69-199-134-20-22-146-103-34-30-54-10-190-4-84-35-11-166-28-77-105-42-5-96-115-59-118-60-141-66-80-79-63-182-136-53-158-6-162-161-194-135"
36,122858,100,24783,147641,1,"158-94-124-111-122-79-133-151-45-162-194-135-6-70-127-123-24-156-126-4-190-10-84-35-11-166-28-54-30-48-160-192-103-146-195-159-67-163-142-191-139-5-96-42-105-116-197-59-118-72-141-66-176-137-23-89-183-143-117-93-140-36-170-153-186-64-15-9-62-102-49-138-8-165-185-91-179-92-129-87-2-44-25-174-81-187-39-58-164-7-21-132-73-14-128-167-125-99-121-53"
37,121679,100,24864,146543,3,"20-69-108-36-140-93-68-46-66-176-137-153-170-117-143-183-76-23-83-64-15-73-132-21-7-164-58-27-107-155-144-37-33-178-40-119-3-169-196-98-17-157-50-175-171-16-56-168-78-25-44-75-86-26-100-182-136-130-12-122-79-133-45-162-161-135-70-29-126-112-4-84-35-11-190-10-54-30-34-103-146-22-96-5-42-43-77-47-65-131-149-109-51-60-198-139-191-41-193-199"
38,119697,100,27787,147484,2,"195-134-18-69-163-159-193-41-110-139-115-141-133-79-122-12-130-99-121-86-75-120-44-16-88-25-82-92-179-91-57-172-37-178-165-39-27-107-90-187-81-185-8-3-148-15-144-155-58-164-7-21-132-73-64-83-23-76-183-153-143-170-117-93-140-36-137-176-51-109-118-59-197-65-47-123-162-45-180-154-6-70-127-24-77-43-96-5-42-166-28-184-126-112-4-190-10-34-103-146"
39,120744,100,23430,144174,2,"37-55-52-39-164-58-71-27-107-187-81-174-185-165-8-138-14-155-144-73-64-114-186-23-137-76-183-153-143-170-117-93-140-36-110-139-46-198-96-5-42-199-69-108-134-22-146-103-34-30-54-10-190-4-84-35-11-166-28-77-105-116-59-118-109-51-176-162-161-127-70-6-154-180-133-79-122-12-130-99-121-86-75-44-25-78-16-171-175-50-188-157-17-196-168-2-87-125-74-33"
40,123433,100,24709,148142,1,"166-5-96-115-198-46-59-118-60-141-66-176-80-45-162-133-79-63-158-53-121-99-101-125-87-2-129-179-91-169-174-55-52-106-178-32-14-155-144-37-148-15-137-76-0-36-67-110-191-142-193-41-54-30-34-103-146-22-199-20-134-108-140-93-170-143-183-89-114-64-73-132-21-7-164-71-27-107-90-187-81-196-157-188-50-113-88-16-25-44-82-150-6-135-127-123-24-149-131-28"
41,118436,100,23728,142164,2,"65-11-35-84-4-190-10-34-103-146-22-20-134-108-69-199-110-139-115-60-141-36-140-93-117-170-143-153-183-89-83-23-186-15-9-62-102-49-14-138-39-95-21-7-164-58-27-107-8-185-91-179-92-129-78-17-196-169-187-81-98-157-38-31-13-113-88-16-25-44-1-97-19-189-94-130-12-63-53-180-6-70-173-79-80-176-66-45-161-127-123-24-72-118-96-5-42-28-166-47"
42,120675,100,23948,144623,2,"181-195-103-146-159-41-193-134-20-199-69-108-140-93-117-0-153-183-76-83-64-15-23-137-141-60-110-139-115-197-65-47-59-118-72-66-176-80-79-63-130-12-124-148-37-128-111-152-74-167-172-106-178-138-14-155-144-73-132-164-58-27-107-90-187-81-92-145-168-38-188-50-113-88-16-25-44-120-129-99-121-53-158-6-135-70-194-161-162-127-126-112-4-190-10-30-54-48-160-192"
43,122514,100,24476,146990,2,"76-51-176-122-63-189-19-97-148-37-33-144-155-3-106-52-55-57-92-78-168-196-174-40-119-21-7-164-58-71-27-107-187-81-17-157-50-13-31-25-44-75-150-26-100-53-158-180-173-6-70-127-45-162-123-24-126-112-4-190-10-84-11-131-149-47-116-5-96-42-54-30-34-103-146-22-20-134-199-108-163-36-93-117-170-143-153-46-198-139-191-72-109-66-186-15-64-83-183-89"
44,128050,100,24760,152810,2,"14-128-167-25-78-168-196-17-157-188-50-113-88-16-44-2-87-125-74-124-130-12-111-148-37-15-186-23-137-176-66-141-60-46-198-139-191-36-142-41-96-5-42-43-77-59-118-122-63-99-121-53-158-6-70-135-133-162-161-123-24-127-29-156-190-10-54-30-34-103-146-22-199-20-134-108-67-140-93-170-143-183-89-64-73-132-144-155-165-39-164-58-71-27-107-187-81-174-8-138"
45,125845,100,23281,149126,2,"42-147-104-156-29-162-45-161-194-70-6-173-158-53-136-182-133-79-122-189-19-26-100-86-75-16-88-50-188-157-17-168-78-25-44-120-82-129-55-52-106-178-138-14-169-196-81-187-90-107-27-58-164-7-21-132-73-144-155-37-33-128-167-111-148-15-64-114-83-89-183-76-137-51-109-46-153-143-170-117-93-140-36-68-139-110-142-159-69-108-18-134-20-22-195-146-103-34-96-5"
46,122514,100,24476,146990,2,"76-51-176-122-63-189-19-97-148-37-33-144-155-3-106-52-55-57-92-78-168-196-174-40-119-21-7-164-58-71-27-107-187-81-17-157-50-13-31-25-44-75-150-26-100-53-158-180-173-6-70-127-45-162-123-24-126-112-4-190-10-84-11-131-149-47-116-5-96-42-54-30-34-103-146-22-20-134-199-108-163-36-93-117-170-143-153-46-198-139-191-72-109-66-186-15-64-83-183-89"
47,111728,100,20607,132335,2,"117-93-140-36-108-69-18-134-20-22-146-103-34-30-54-10-190-28-42-5-96-116-105-77-131-149-24-123-156-29-127-70-6-154-180-100-26-75-86-53-136-182-133-161-162-45-59-118-191-139-198-46-60-141-66-176-79-122-94-124-111-128-52-55-91-179-57-129-120-44-25-16-171-175-13-31-38-157-17-196-98-81-187-169-40-119-8-138-14-155-144-64-114-186-23-89-183-153-143-170"
48,118564,100,22712,141276,2,"84-35-11-28-166-77-105-116-59-118-60-141-66-176-80-79-63-133-45-162-24-123-127-173-6-70-180-53-189-19-101-150-75-129-82-120-44-25-16-88-179-91-55-52-178-32-138-21-7-164-58-107-27-174-187-81-196-169-106-49-102-9-62-155-144-132-73-15-186-83-76-183-153-0-117-93-140-36-163-199-146-103-22-20-134-108-67-191-139-96-5-42-181-192-160-34-48-30-54-4"
49,123549,100,23675,147224,1,"123-127-70-180-53-121-99-167-55-52-185-119-40-88-16-25-44-82-129-2-87-125-74-101-150-75-86-130-12-111-128-9-61-102-49-178-3-32-138-107-27-58-164-7-21-132-73-64-114-23-76-183-153-143-170-117-93-140-36-67-108-134-20-199-163-198-46-60-118-59-45-133-122-79-173-6-162-47-77-43-42-5-96-41-193-22-146-103-34-30-54-10-190-11-35-84-112-156-29-24"
50,121570,100,24126,145696,2,"94-111-128-178-3-90-107-27-58-164-7-21-132-73-61-62-15-64-186-23-89-183-143-170-93-140-36-163-67-108-134-20-199-22-146-103-34-30-54-10-190-4-84-11-35-131-149-70-135-100-26-75-44-25-88-16-113-50-188-38-157-196-81-187-174-169-91-179-57-92-82-120-86-53-180-173-161-45-72-42-5-96-115-41-193-142-110-191-198-46-60-118-141-66-137-176-80-122-63-124"
51,125242,100,24365,149607,2,"143-73-132-21-7-164-58-27-107-90-144-155-14-138-8-119-40-187-81-169-196-17-157-168-38-188-50-113-88-16-145-92-57-129-25-44-120-75-86-26-100-121-99-189-19-172-128-62-9-33-37-148-167-111-12-130-122-79-133-45-162-161-53-158-154-6-70-127-123-24-65-47-77-96-139-110-142-41-5-42-43-29-156-190-10-54-30-34-103-146-22-20-134-163-67-46-60-109-51-170"
52,121324,100,24988,146312,3,"97-124-12-182-53-158-136-63-122-51-109-162-161-6-135-70-29-156-112-4-10-177-104-147-160-192-181-28-11-35-166-77-105-116-115-198-191-110-142-159-146-103-22-134-18-69-163-46-140-93-117-170-143-153-176-137-15-114-83-183-89-23-64-73-132-21-7-164-58-39-144-155-14-32-106-178-128-37-148-111-167-172-57-92-165-119-40-169-196-168-78-157-188-50-175-171-16-25-44-1"
53,111728,100,20607,132335,2,"117-93-140-36-108-69-18-134-20-22-146-103-34-30-54-10-190-28-42-5-96-116-105-77-131-149-24-123-156-29-127-70-6-154-180-100-26-75-86-53-136-182-133-161-162-45-59-118-191-139-198-46-60-141-66-176-79-122-94-124-111-128-52-55-91-179-57-129-120-44-25-16-171-175-13-31-38-157-17-196-98-81-187-169-40-119-8-138-14-155-144-64-114-186-23-89-183-153-143-170"
54,121188,100,23665,144853,2,"80-63-189-19-74-125-26-100-121-53-158-79-66-141-60-118-59-162-45-151-133-6-135-194-123-24-47-105-42-5-96-41-193-54-28-11-35-84-4-190-10-30-34-103-146-22-199-20-134-108-67-163-36-140-93-68-191-139-198-46-170-143-183-76-23-186-114-64-73-132-21-7-164-58-71-27-107-39-187-81-174-88-16-44-25-78-145-179-91-185-165-8-138-14-155-144-128-167-111-176"
55,121032,100,22584,143616,2,"190-28-11-35-84-112-156-29-123-194-70-135-6-63-182-136-53-158-86-1-97-74-125-172-55-119-155-144-73-132-21-7-164-58-71-27-107-90-40-52-128-167-111-124-130-12-33-37-148-64-114-186-89-183-23-137-176-80-122-151-45-162-24-149-131-47-116-42-5-96-191-139-198-46-59-72-109-51-141-153-143-170-117-93-36-163-108-199-134-20-22-146-103-181-192-160-48-54-30-10"
56,126605,100,25250,151855,2,"171-13-31-38-157-196-81-187-90-107-27-71-58-164-7-21-132-73-64-114-76-170-117-68-191-110-93-140-36-108-69-20-199-22-146-103-34-30-54-48-160-192-181-42-5-96-47-65-197-115-46-109-51-137-183-83-15-12-130-148-37-33-144-155-14-32-178-106-52-55-174-169-91-179-92-129-2-87-125-74-101-53-158-6-135-126-35-166-28-11-84-10-190-4-112-121-99-150-16-175"
57,121466,100,24022,145488,2,"124-63-122-80-176-137-66-141-118-60-46-198-191-110-142-193-41-115-96-5-42-72-45-161-173-180-53-86-120-82-92-57-179-91-169-174-187-81-196-157-38-188-50-113-88-16-25-44-75-26-100-135-70-149-131-35-11-84-4-190-10-54-30-34-103-146-22-199-20-134-108-67-163-36-140-93-170-143-183-89-23-186-64-15-62-61-73-132-21-7-164-58-27-107-90-3-178-128-111-94"
58,124712,100,25451,150163,1,"27-98-85-175-171-88-16-13-17-169-40-119-165-39-95-14-32-3-178-155-144-62-9-15-114-83-76-141-66-176-80-12-130-94-189-19-111-167-128-172-52-55-57-92-2-87-97-1-75-158-53-63-79-151-45-161-154-6-70-127-29-156-131-149-59-118-60-46-198-139-191-163-142-193-41-5-42-43-77-54-190-10-30-34-103-146-20-134-67-140-93-117-143-153-64-73-132-21-7-107"
59,118652,100,22317,140969,2,"125-148-37-33-3-106-52-55-91-179-57-129-120-44-25-16-171-175-56-13-31-38-78-168-157-17-196-169-98-81-187-40-119-165-39-107-27-58-164-21-155-144-132-73-64-15-114-83-183-143-117-93-140-36-170-153-76-137-176-66-141-60-118-59-116-105-115-139-110-199-69-108-134-20-22-195-146-103-34-181-192-160-30-54-10-190-4-84-11-35-162-45-80-79-63-136-53-189-19-74"
60,124707,100,22814,147521,2,"87-129-82-179-91-55-52-106-178-32-14-155-144-73-132-21-7-164-58-71-27-107-90-187-81-175-171-88-16-25-44-120-2-99-121-53-158-63-122-51-109-118-59-45-162-161-173-6-135-70-29-156-112-4-10-177-104-147-160-192-181-28-11-35-166-77-105-116-115-198-191-110-142-159-195-146-103-22-134-18-69-163-36-93-46-0-143-183-76-176-23-186-83-15-33-37-12-130-74-125"
61,111728,100,20607,132335,2,"117-93-140-36-108-69-18-134-20-22-146-103-34-30-54-10-190-28-42-5-96-116-105-77-131-149-24-123-156-29-127-70-6-154-180-100-26-75-86-53-136-182-133-161-162-45-59-118-191-139-198-46-60-141-66-176-79-122-94-124-111-128-52-55-91-179-57-129-120-44-25-16-171-175-13-31-38-157-17-196-98-81-187-169-40-119-8-138-14-155-144-64-114-186-23-89-183-153-143-170"
62,121466,100,24022,145488,3,"124-63-122-80-176-137-66-141-118-60-46-198-191-110-142-193-41-115-96-5-42-72-45-161-173-180-53-86-120-82-92-57-179-91-169-174-187-81-196-157-38-188-50-113-88-16-25-44-75-26-100-135-70-149-131-35-11-84-4-190-10-54-30-34-103-146-22-199-20-134-108-67-163-36-140-93-170-143-183-89-23-186-64-15-62-61-73-132-21-7-164-58-27-107-90-3-178-128-111-94"
63,115739,100,22377,138116,2,"35-47-65-42-5-96-115-197-109-51-122-79-133-45-162-24-123-127-194-135-70-173-180-182-53-86-75-26-100-94-124-111-167-128-102-49-14-138-52-55-57-129-120-44-25-92-145-16-88-113-50-188-157-38-168-17-196-169-40-119-39-107-27-71-95-7-21-132-73-62-9-64-114-186-23-76-183-153-143-170-117-46-191-110-68-93-140-36-108-69-199-134-20-22-146-103-34-30-54-11"
64,118435,100,23727,142162,2,"47-11-35-84-4-190-10-34-103-146-22-20-134-108-69-199-110-139-115-60-141-36-140-93-117-170-143-153-183-89-83-23-186-15-9-62-102-49-14-138-39-95-21-7-164-58-27-107-8-185-91-179-92-129-78-17-196-169-187-81-98-157-38-31-13-113-88-16-25-44-1-97-19-189-94-130-12-63-53-180-6-70-173-79-80-176-66-45-161-127-123-24-72-118-96-5-42-28-166-65"
65,117194,100,22127,139321,2,"100-2-129-92-179-81-187-119-40-91-57-55-52-178-3-32-49-102-33-37-9-61-138-165-39-58-164-7-21-132-73-64-114-186-23-89-183-143-170-93-140-67-134-20-22-146-103-34-30-10-190-54-11-35-84-112-156-29-127-70-6-158-53-180-173-151-45-161-123-149-131-65-105-43-42-5-96-41-193-142-163-191-139-198-46-60-118-59-141-66-176-80-79-63-94-124-87-125-74-26"
66,123549,100,23675,147224,1,"123-127-70-180-53-121-99-167-55-52-185-119-40-88-16-25-44-82-129-2-87-125-74-101-150-75-86-130-12-111-128-9-61-102-49-178-3-32-138-107-27-58-164-7-21-132-73-64-114-23-76-183-153-143-170-117-93-140-36-67-108-134-20-199-163-198-46-60-118-59-45-133-122-79-173-6-162-47-77-43-42-5-96-41-193-22-146-103-34-30-54-10-190-11-35-84-112-156-29-24"
67,122555,100,24322,146877,2,"186-114-64-73-132-21-7-164-71-27-107-90-39-165-119-40-98-169-196-17-157-38-175-171-16-44-25-91-179-57-55-52-178-3-32-14-155-144-128-172-2-87-125-111-167-33-37-12-130-80-79-63-99-121-53-158-6-70-135-194-151-45-162-77-28-54-30-184-4-112-47-65-115-198-139-191-96-5-42-103-146-22-199-20-134-108-67-68-117-143-153-60-118-59-141-66-176-76-183-23"
68,116052,100,21457,137509,2,"64-73-132-144-155-14-32-21-7-164-58-27-107-90-187-81-3-178-52-55-91-179-145-78-56-13-25-44-2-87-125-74-167-128-111-124-12-130-63-180-154-6-135-127-123-24-161-162-45-133-79-80-176-51-109-118-59-116-105-77-28-166-11-35-84-4-190-10-54-30-34-103-146-22-134-108-69-199-195-42-5-96-115-198-46-139-110-36-140-93-117-170-143-153-183-76-137-23-186-114"
69,121188,100,23665,144853,2,"80-63-189-19-74-125-26-100-121-53-158-79-66-141-60-118-59-162-45-151-133-6-135-194-123-24-47-105-42-5-96-41-193-54-28-11-35-84-4-190-10-30-34-103-146-22-199-20-134-108-67-163-36-140-93-68-191-139-198-46-170-143-183-76-23-186-114-64-73-132-21-7-164-58-71-27-107-39-187-81-174-88-16-44-25-78-145-179-91-185-165-8-138-14-155-144-128-167-111-176"
70,119913,100,23615,143528,3,"19-53-158-154-6-70-161-127-123-24-35-190-10-104-147-30-34-103-146-22-11-42-5-41-193-199-20-69-108-115-96-116-47-131-149-162-133-79-122-72-109-51-141-46-36-140-93-117-170-143-153-183-76-23-114-64-73-132-21-7-164-58-27-107-90-187-81-17-196-169-40-119-165-39-144-155-14-32-3-178-52-55-92-129-145-168-38-157-188-50-175-171-16-25-44-2-87-125-74-189"
71,118016,100,24849,142865,2,"32-14-155-144-81-187-90-107-27-58-164-7-21-132-73-64-114-186-137-23-89-183-143-170-93-140-67-134-20-22-146-103-34-30-10-190-54-11-35-84-112-156-29-131-65-105-43-42-5-96-41-193-142-163-109-51-45-162-149-24-123-127-70-6-154-158-53-86-75-150-101-99-121-133-176-80-79-63-130-12-178-55-57-74-125-87-2-44-25-16-171-175-50-188-38-168-145-92-52-3"
72,121951,100,22152,144103,3,"104-4-112-156-29-35-11-77-105-116-115-59-118-109-51-141-176-122-63-45-162-161-135-70-6-158-53-121-99-148-37-33-74-125-87-2-129-82-120-44-25-16-88-113-56-85-78-145-157-17-98-196-169-91-179-55-52-40-119-39-107-27-71-95-21-155-144-15-64-114-186-23-76-183-153-0-117-68-46-198-139-191-193-142-93-140-36-108-69-199-134-20-22-146-103-34-181-192-160-147"
73,121489,100,23358,144847,3,"162-194-29-156-70-135-6-158-53-121-99-74-78-168-17-196-169-187-81-157-188-50-113-16-88-25-44-2-87-125-148-37-15-144-155-14-32-3-178-55-52-40-119-165-39-58-164-7-21-132-73-64-186-23-76-183-153-143-170-117-93-140-36-108-69-134-20-22-146-103-34-181-192-42-160-30-54-177-190-105-116-5-96-115-41-193-142-110-191-198-46-197-59-109-51-66-176-122-63-45"
74,120117,100,23224,143341,3,"78-16-88-56-85-157-98-17-196-169-91-185-8-138-14-155-144-39-90-107-27-58-164-7-21-132-73-64-114-89-183-153-0-93-140-68-110-139-198-141-66-176-80-63-79-151-45-162-72-118-60-41-193-142-69-108-134-20-146-103-34-30-54-10-190-156-29-112-84-11-42-5-43-105-65-131-149-24-123-194-135-70-6-158-53-100-26-97-2-87-125-167-37-33-128-172-120-44-25-145"
75,124416,100,23944,148360,3,"91-88-16-25-44-150-101-97-26-100-19-189-74-125-87-167-111-128-9-61-102-49-178-3-32-138-40-119-165-39-107-27-71-58-164-7-21-132-73-64-114-186-23-76-183-153-143-170-117-93-140-36-108-69-18-134-20-22-146-103-195-181-192-160-193-41-46-60-115-96-5-42-116-65-162-45-12-130-122-79-133-173-6-147-104-177-10-156-29-70-180-158-53-136-182-75-2-82-129-179"
76,118867,100,24060,142927,1,"153-183-89-83-114-64-73-132-164-58-27-107-90-187-81-138-14-155-144-61-9-33-37-124-19-26-120-82-57-55-52-178-106-88-16-25-44-75-86-100-189-130-12-63-180-53-158-6-70-127-123-24-173-162-45-133-79-80-176-141-51-109-118-59-197-65-105-43-28-166-11-35-84-4-10-177-104-147-160-192-103-146-22-181-42-5-96-46-198-139-110-199-20-69-108-36-140-93-117-0"
77,118982,100,23298,142280,3,"173-127-24-149-131-65-116-41-193-115-118-60-141-198-139-68-93-140-36-108-69-199-134-20-22-146-103-34-181-192-160-48-30-54-184-28-166-123-162-45-72-79-80-176-66-153-170-143-183-76-23-186-64-15-61-62-9-111-167-128-55-52-144-155-14-138-164-58-39-165-8-185-174-187-81-196-17-188-50-113-157-168-78-88-16-25-44-120-2-87-125-74-124-12-130-63-99-121-53-180"
78,122942,100,23680,146622,1,"116-41-193-142-199-134-18-163-36-93-191-139-198-46-0-153-183-89-83-114-64-73-132-32-3-178-138-164-58-27-107-119-40-169-98-196-17-56-175-171-16-13-31-38-168-91-179-52-55-57-129-78-25-44-120-74-152-97-1-150-75-86-158-53-121-99-130-12-124-172-128-167-111-33-37-15-23-137-141-60-118-66-176-80-122-63-133-6-135-70-123-24-156-29-127-194-162-45-59-105"
79,121879,100,24298,146177,2,"29-135-6-154-180-53-1-82-129-179-91-39-58-164-7-21-132-73-144-155-14-32-178-106-52-55-165-119-40-169-196-98-17-168-78-38-31-13-88-16-25-44-2-87-125-74-97-182-136-79-133-162-45-80-176-148-33-64-114-83-137-76-183-153-143-170-117-163-67-108-134-20-199-22-146-103-34-30-54-177-190-160-192-181-191-139-68-198-115-60-141-66-118-59-116-105-77-11-35-156"
80,121489,100,23358,144847,3,"45-63-122-176-66-51-109-59-197-46-198-191-110-142-193-41-115-96-5-116-105-190-177-54-30-160-42-192-181-34-103-146-22-20-134-69-108-36-140-93-117-170-143-153-183-76-23-186-64-73-132-21-7-164-58-39-165-119-40-52-55-178-3-32-14-155-144-15-37-148-125-87-2-44-25-88-16-113-50-188-157-81-187-169-196-17-168-78-74-99-121-53-158-6-135-70-156-29-194-162"
81,122064,100,23498,145562,1,"139-36-140-93-117-170-143-153-183-89-23-186-15-64-73-132-21-7-164-58-39-144-155-14-32-3-178-172-57-165-119-40-169-196-98-17-157-13-56-175-171-88-16-78-145-92-25-44-125-74-130-12-37-148-137-66-141-176-122-79-99-121-53-158-180-173-194-45-133-151-72-118-59-197-149-131-29-156-112-84-190-10-35-11-28-54-30-48-160-192-181-103-146-22-20-134-108-69-199-191"
82,117313,100,22589,139902,1,"79-133-45-162-65-105-43-42-5-96-41-193-115-46-141-66-176-137-23-15-132-73-64-114-83-89-183-143-170-68-93-140-36-163-67-108-134-20-199-22-146-103-34-30-54-10-190-11-35-84-4-126-29-127-70-6-154-180-53-136-182-100-26-74-125-87-2-178-57-92-120-44-25-16-88-171-175-13-31-38-168-145-17-196-169-40-119-165-107-27-71-58-164-39-3-62-9-12-130-122"
83,118919,100,24033,142952,3,"198-46-170-143-59-118-60-141-66-176-12-76-183-23-114-64-73-132-144-155-14-138-185-40-119-21-7-164-58-71-27-107-90-169-196-17-157-38-188-50-175-171-16-25-44-78-145-179-91-52-55-172-128-167-111-74-125-87-2-1-86-97-130-80-79-63-180-154-70-135-194-133-45-162-149-131-166-28-126-112-4-190-10-30-54-48-160-192-181-34-103-199-69-108-134-20-22-146-191-139"
84,122555,100,24322,146877,2,"23-183-76-176-66-141-59-118-60-153-143-117-68-67-108-134-20-199-22-146-103-42-5-96-191-139-198-115-65-47-112-4-184-30-54-28-77-162-45-151-194-135-70-6-158-53-121-99-63-79-80-130-12-37-33-167-111-125-87-2-172-128-144-155-14-32-3-178-52-55-57-179-91-25-44-16-171-175-38-157-17-196-169-98-40-119-165-39-90-107-27-71-164-7-21-132-73-64-114-186"
85,119893,100,23716,143609,2,"129-172-128-167-111-75-26-100-121-99-19-189-63-122-80-66-141-60-118-59-133-45-162-161-53-158-154-6-70-127-123-24-65-47-77-96-142-41-5-42-43-29-156-190-10-54-30-34-103-146-195-22-199-20-134-108-67-163-36-140-93-191-139-115-198-46-170-143-183-89-23-137-186-114-64-61-9-102-49-3-106-21-7-164-39-165-119-40-169-187-81-196-17-168-78-88-16-25-44-82"
86,121167,100,22761,143928,2,"119-58-164-7-21-32-14-155-144-132-73-15-64-114-83-89-183-153-0-93-140-68-110-139-198-59-118-60-141-66-176-80-63-79-149-131-77-43-42-5-96-41-193-142-69-108-134-20-146-103-34-30-54-10-190-84-11-35-112-126-29-161-162-173-180-53-189-19-111-37-33-128-167-87-125-74-26-100-86-75-2-44-25-16-88-188-157-98-17-196-169-168-78-92-57-55-52-178-106-40"
87,121794,100,23411,145205,2,"163-142-193-41-96-5-42-43-131-149-24-123-194-135-6-158-53-121-99-152-74-124-12-130-63-79-133-162-45-151-80-176-66-59-118-60-141-137-76-183-83-114-64-148-37-128-167-111-172-106-178-138-14-155-144-73-132-164-58-27-107-90-187-81-129-92-145-168-38-188-50-113-88-16-25-44-120-70-29-156-112-84-190-10-11-35-105-65-191-139-198-46-153-143-170-117-93-140-36-67"
88,121077,100,24083,145160,1,"136-130-12-124-111-148-37-128-167-172-92-82-74-152-97-26-100-150-75-120-44-25-13-175-113-31-157-17-196-81-187-174-169-91-179-55-52-106-178-32-155-144-14-90-107-27-58-164-7-21-132-73-64-114-15-83-137-76-183-68-191-110-93-140-36-108-69-199-20-22-146-103-181-192-160-30-54-127-70-6-154-180-45-161-123-149-131-65-105-43-42-5-96-197-115-46-109-51-151-182"
89,120744,100,23430,144174,2,"37-55-52-39-164-58-71-27-107-187-81-174-185-165-8-138-14-155-144-73-64-114-186-23-137-76-183-153-143-170-117-93-140-36-110-139-46-198-96-5-42-199-69-108-134-22-146-103-34-30-54-10-190-4-84-35-11-166-28-77-105-116-59-118-109-51-176-162-161-127-70-6-154-180-133-79-122-12-130-99-121-86-75-44-25-78-16-171-175-50-188-157-17-196-168-2-87-125-74-33"
90,127015,100,23807,150822,2,"192-181-103-146-195-42-5-96-41-198-46-139-110-142-199-134-69-108-36-140-93-117-170-143-153-183-76-23-186-114-64-73-132-21-164-58-71-27-107-39-165-119-40-138-32-3-178-52-55-57-169-196-17-157-113-50-188-38-168-145-92-15-33-37-148-74-125-87-2-25-88-16-44-99-121-53-158-63-122-176-66-141-60-118-59-72-151-45-161-154-6-70-127-29-156-65-116-54-30-160"
91,114974,100,22356,137330,2,"74-124-12-130-63-79-133-80-176-66-45-162-59-65-105-43-42-5-96-41-193-115-46-60-118-141-137-23-186-9-61-111-167-128-178-3-57-92-78-16-88-171-175-31-85-188-81-187-90-107-27-58-164-7-21-132-73-64-114-89-183-143-170-68-93-140-36-163-67-108-134-20-199-22-146-103-34-30-54-10-190-11-35-84-4-112-126-29-24-123-127-194-135-6-154-180-53-121-99-152"
92,117242,100,21414,138656,1,"144-37-148-111-124-12-130-63-79-133-151-80-176-66-60-46-191-139-198-59-118-141-137-23-15-64-83-76-183-153-0-117-93-140-36-108-69-134-20-22-146-103-181-192-160-48-30-10-190-156-29-112-84-35-11-42-5-96-43-77-131-149-24-123-194-135-6-158-53-121-99-101-150-75-74-125-87-2-120-44-25-16-171-175-13-31-38-168-78-91-179-57-55-52-106-3-172-167-128-155"
93,117194,100,22127,139321,2,"26-74-125-87-124-94-63-79-80-176-66-141-59-118-60-46-198-139-191-163-142-193-41-96-5-42-43-105-65-131-149-123-161-45-151-173-180-53-158-6-70-127-29-156-112-84-35-11-54-190-10-30-34-103-146-22-20-134-67-140-93-170-143-183-89-23-186-114-64-73-132-21-7-164-58-39-165-138-61-9-37-33-102-49-32-3-178-52-55-57-91-40-119-187-81-179-92-129-2-100"
94,122858,100,24783,147641,2,"158-94-124-111-122-79-133-151-45-162-194-135-6-70-127-123-24-156-126-4-190-10-84-35-11-166-28-54-30-48-160-192-103-146-195-159-67-163-142-191-139-5-96-42-105-116-197-59-118-72-141-66-176-137-23-89-183-143-117-93-140-36-170-153-186-64-15-9-62-102-49-138-8-165-185-91-179-92-129-87-2-44-25-174-81-187-39-58-164-7-21-132-73-14-128-167-125-99-121-53"
95,124416,100,23944,148360,1,"91-88-16-25-44-150-101-97-26-100-19-189-74-125-87-167-111-128-9-61-102-49-178-3-32-138-40-119-165-39-107-27-71-58-164-7-21-132-73-64-114-186-23-76-183-153-143-170-117-93-140-36-108-69-18-134-20-22-146-103-195-181-192-160-193-41-46-60-115-96-5-42-116-65-162-45-12-130-122-79-133-173-6-147-104-177-10-156-29-70-180-158-53-136-182-75-2-82-129-179"
96,117092,100,22775,139867,3,"133-79-122-45-162-24-123-127-194-70-135-6-158-53-136-182-189-19-26-100-86-75-16-88-78-25-44-120-82-129-55-52-178-3-32-14-155-144-81-187-90-107-27-58-164-7-21-132-73-64-114-186-23-76-183-153-143-170-117-93-140-36-60-141-66-176-118-191-110-199-69-108-134-20-22-146-103-195-181-192-160-30-54-10-190-4-84-35-11-166-28-65-105-43-42-5-96-115-59-151"
97,116052,100,21457,137509,2,"64-73-132-144-155-14-32-21-7-164-58-27-107-90-187-81-3-178-52-55-91-179-145-78-56-13-25-44-2-87-125-74-167-128-111-124-12-130-63-180-154-6-135-127-123-24-161-162-45-133-79-80-176-51-109-118-59-116-105-77-28-166-11-35-84-4-190-10-54-30-34-103-146-22-134-108-69-199-195-42-5-96-115-198-46-139-110-36-140-93-117-170-143-153-183-76-137-23-186-114"
98,121215,100,24503,145718,1,"70-150-75-16-88-25-44-2-74-152-94-130-12-176-9-62-178-106-52-55-57-92-145-168-38-113-50-188-81-187-174-40-119-138-32-102-155-144-58-164-7-21-132-73-15-186-83-76-183-143-153-170-68-198-139-191-93-140-108-69-199-134-20-22-146-103-34-30-54-10-190-4-84-35-11-166-28-77-105-42-5-96-115-59-118-60-141-66-80-79-63-182-136-53-158-6-162-161-194-135"
99,123433,100,24709,148142,2,"166-5-96-115-198-46-59-118-60-141-66-176-80-45-162-133-79-63-158-53-121-99-101-125-87-2-129-179-91-169-174-55-52-106-178-32-14-155-144-37-148-15-137-76-0-36-67-110-191-142-193-41-54-30-34-103-146-22-199-20-134-108-140-93-170-143-183-89-114-64-73-132-21-7-164-71-27-107-90-187-81-196-157-188-50-113-88-16-25-44-82-150-6-135-127-123-24-149-131-28"
100,119002,100,23824,142826,2,"57-178-3-32-14-155-144-62-9-12-130-63-133-79-80-176-74-125-87-2-150-86-99-121-53-158-154-6-70-127-123-24-149-162-45-51-109-163-142-193-41-96-5-42-43-105-65-131-29-156-112-84-35-11-54-190-10-30-34-103-146-20-134-67-140-93-170-143-183-89-23-137-186-15-73-132-21-7-164-58-95-27-107-39-165-119-40-169-17-98-188-50-175-171-16-25-44-168-145-92"
101,119002,100,23824,142826,2,"92-145-168-44-25-16-171-175-50-188-98-17-169-40-119-165-39-107-27-95-58-164-7-21-132-73-15-186-137-23-89-183-143-170-93-140-67-134-20-146-103-34-30-10-190-54-11-35-84-112-156-29-131-65-105-43-42-5-96-41-193-142-163-109-51-45-162-149-24-123-127-70-6-154-158-53-121-99-86-150-2-87-125-74-176-80-79-133-63-130-12-9-62-144-155-14-32-3-178-57"
102,115703,100,22698,138401,1,"141-60-46-198-191-110-142-193-41-115-96-5-42-105-116-59-118-176-80-79-63-12-130-94-189-19-97-1-120-44-16-88-25-82-179-91-57-55-52-106-178-155-144-14-138-81-187-90-107-27-58-164-132-73-64-114-186-23-89-183-153-143-170-117-93-140-36-163-67-108-134-20-199-22-146-103-34-30-54-10-190-4-84-35-11-166-28-77-24-45-162-123-127-70-6-53-180-173-133-66"
103,117400,100,22676,140076,2,"122-130-12-9-62-3-39-164-58-71-27-107-165-119-40-169-196-17-145-168-38-31-13-175-171-88-16-25-44-120-92-57-178-2-87-125-74-26-100-182-136-53-180-154-6-70-127-29-126-4-84-35-11-190-10-54-30-34-103-146-22-199-20-134-108-67-163-36-140-93-68-170-143-183-89-23-83-114-64-73-132-15-137-176-66-141-46-115-193-41-96-5-42-43-105-65-162-45-133-79"
104,118934,100,23082,142016,2,"4-127-123-24-59-118-60-141-66-176-80-79-63-133-45-162-173-6-70-180-53-189-19-101-150-75-129-82-120-44-25-16-88-179-91-55-52-178-106-169-196-81-187-174-107-27-58-164-7-21-138-32-49-102-9-62-155-144-132-73-15-186-83-76-183-153-0-117-93-140-36-163-199-181-34-103-146-22-20-134-108-67-191-139-96-5-116-105-77-42-192-160-48-30-54-28-166-11-35-84"
105,117313,100,22589,139902,2,"79-133-45-162-65-105-43-42-5-96-41-193-115-46-141-66-176-137-23-15-132-73-64-114-83-89-183-143-170-68-93-140-36-163-67-108-134-20-199-22-146-103-34-30-54-10-190-11-35-84-4-126-29-127-70-6-154-180-53-136-182-100-26-74-125-87-2-178-57-92-120-44-25-16-88-171-175-13-31-38-168-145-17-196-169-40-119-165-107-27-71-58-164-39-3-62-9-12-130-122"
106,121679,100,24864,146543,1,"20-69-108-36-140-93-68-46-66-176-137-153-170-117-143-183-76-23-83-64-15-73-132-21-7-164-58-27-107-155-144-37-33-178-40-119-3-169-196-98-17-157-50-175-171-16-56-168-78-25-44-75-86-26-100-182-136-130-12-122-79-133-45-162-161-135-70-29-126-112-4-84-35-11-190-10-54-30-34-103-146-22-96-5-42-43-77-47-65-131-149-109-51-60-198-139-191-41-193-199"
107,116182,100,25194,141376,3,"135-127-162-45-133-80-79-63-136-182-1-44-25-16-88-113-56-85-78-185-165-39-90-107-27-58-164-7-21-155-144-132-73-64-114-76-153-170-117-68-191-110-93-140-36-108-69-20-199-22-146-103-181-192-160-30-54-123-24-149-131-65-105-43-42-5-96-197-115-46-109-51-176-137-183-83-15-33-37-148-94-124-111-167-128-178-106-8-169-196-98-17-157-145-92-129-97-53-158-6"
108,121167,100,22761,143928,1,"119-58-164-7-21-32-14-155-144-132-73-15-64-114-83-89-183-153-0-93-140-68-110-139-198-59-118-60-141-66-176-80-63-79-149-131-77-43-42-5-96-41-193-142-69-108-134-20-146-103-34-30-54-10-190-84-11-35-112-126-29-161-162-173-180-53-189-19-111-37-33-128-167-87-125-74-26-100-86-75-2-44-25-16-88-188-157-98-17-196-169-168-78-92-57-55-52-178-106-40"
109,118867,100,24060,142927,3,"153-183-89-83-114-64-73-132-164-58-27-107-90-187-81-138-14-155-144-61-9-33-37-124-19-26-120-82-57-55-52-178-106-88-16-25-44-75-86-100-189-130-12-63-180-53-158-6-70-127-123-24-173-162-45-133-79-80-176-141-51-109-118-59-197-65-105-43-28-166-11-35-84-4-10-177-104-147-160-192-103-146-22-181-42-5-96-46-198-139-110-199-20-69-108-36-140-93-117-0"
110,122674,100,22430,145104,2,"108-36-140-93-117-170-143-153-183-89-23-137-186-114-64-148-37-12-130-124-111-167-128-155-144-73-132-21-7-164-58-71-27-107-90-119-40-52-55-172-169-196-17-98-188-50-113-157-168-78-25-88-16-44-2-87-125-74-101-150-75-86-136-182-63-79-80-176-66-141-161-162-72-118-59-197-116-105-42-5-96-41-193-54-28-166-11-35-84-4-190-10-30-34-103-146-22-20-199-69"
111,124712,100,25451,150163,2,"27-98-85-175-171-88-16-13-17-169-40-119-165-39-95-14-32-3-178-155-144-62-9-15-114-83-76-141-66-176-80-12-130-94-189-19-111-167-128-172-52-55-57-92-2-87-97-1-75-158-53-63-79-151-45-161-154-6-70-127-29-156-131-149-59-118-60-46-198-139-191-163-142-193-41-5-42-43-77-54-190-10-30-34-103-146-20-134-67-140-93-117-143-153-64-73-132-21-7-107"
112,121466,100,24022,145488,2,"124-63-122-80-176-137-66-141-118-60-46-198-191-110-142-193-41-115-96-5-42-72-45-161-173-180-53-86-120-82-92-57-179-91-169-174-187-81-196-157-38-188-50-113-88-16-25-44-75-26-100-135-70-149-131-35-11-84-4-190-10-54-30-34-103-146-22-199-20-134-108-67-163-36-140-93-170-143-183-89-23-186-64-15-62-61-73-132-21-7-164-58-27-107-90-3-178-128-111-94"
113,120514,100,25619,146133,1,"15-37-152-101-150-75-44-25-16-88-113-50-188-157-81-187-169-196-17-168-78-92-57-74-148-122-63-182-136-53-158-133-162-161-6-135-70-127-123-24-77-96-139-191-142-41-5-42-43-29-156-190-10-54-30-34-103-146-199-20-134-108-67-36-140-93-170-143-183-89-23-46-198-59-118-60-141-66-176-137-186-64-73-132-21-7-164-58-39-165-119-40-52-55-178-3-32-14-155-144"
114,116052,100,21457,137509,1,"64-73-132-144-155-14-32-21-7-164-58-27-107-90-187-81-3-178-52-55-91-179-145-78-56-13-25-44-2-87-125-74-167-128-111-124-12-130-63-180-154-6-135-127-123-24-161-162-45-133-79-80-176-51-109-118-59-116-105-77-28-166-11-35-84-4-190-10-54-30-34-103-146-22-134-108-69-199-195-42-5-96-115-198-46-139-110-36-140-93-117-170-143-153-183-76-137-23-186-114"
115,124256,100,25263,149519,2,"184-10-190-4-112-126-70-120-44-25-16-88-113-50-188-157-38-168-145-92-129-119-40-169-196-17-81-187-90-107-27-58-164-132-73-64-114-183-76-23-144-155-14-138-178-106-172-167-128-33-37-148-111-124-94-122-79-133-74-152-99-121-53-158-6-135-161-162-72-105-65-109-51-141-0-143-93-140-36-163-67-108-134-20-199-22-146-103-34-191-139-68-198-115-96-5-42-43-166-28"
116,118016,100,24849,142865,2,"32-14-155-144-81-187-90-107-27-58-164-7-21-132-73-64-114-186-137-23-89-183-143-170-93-140-67-134-20-22-146-103-34-30-10-190-54-11-35-84-112-156-29-131-65-105-43-42-5-96-41-193-142-163-109-51-45-162-149-24-123-127-70-6-154-158-53-86-75-150-101-99-121-133-176-80-79-63-130-12-178-55-57-74-125-87-2-44-25-16-171-175-50-188-38-168-145-92-52-3"
117,122711,100,24070,146781,3,"73-64-114-183-143-93-140-67-134-20-146-103-34-30-10-190-54-11-35-84-112-156-29-127-70-6-158-53-180-173-133-45-162-123-24-149-131-65-105-43-42-5-96-41-193-142-163-191-139-198-46-170-89-186-23-137-60-118-59-141-66-176-33-148-12-130-122-79-189-19-100-26-97-150-75-44-25-78-168-56-50-17-196-81-187-107-27-58-164-7-21-52-55-178-3-32-14-155-144-132"
118,119938,100,22478,142416,1,"62-12-130-122-79-133-176-66-141-72-59-118-60-198-139-191-46-76-114-64-83-89-183-153-0-117-93-140-36-108-69-18-134-20-22-146-103-181-192-160-42-5-96-65-47-166-35-11-28-48-54-30-10-190-84-4-112-126-162-45-161-135-6-154-180-53-136-182-100-26-74-125-87-2-120-44-25-16-88-78-145-98-81-187-91-179-55-52-185-165-39-95-107-27-71-7-21-132-73-9"
119,124179,100,25105,149284,3,"8-52-125-74-189-63-79-133-80-176-66-141-60-118-59-45-162-123-24-65-47-77-166-35-11-28-42-5-96-41-142-191-139-198-46-117-93-140-36-108-69-134-20-199-147-104-177-10-4-112-156-29-127-135-6-154-158-53-19-55-185-169-196-17-145-78-120-44-25-16-171-175-50-188-107-27-58-164-7-21-132-73-64-83-183-153-0-76-137-114-15-37-33-144-155-14-138-95-39-165"
120,117119,100,23509,140628,1,"95-21-132-73-62-9-15-186-23-89-183-143-170-93-140-67-134-20-146-103-34-30-10-190-54-11-35-84-112-156-29-127-70-6-158-53-180-173-151-45-161-123-149-131-65-105-43-42-5-96-41-193-142-163-191-139-198-46-60-118-59-141-66-176-80-79-63-106-169-196-17-168-38-31-13-175-171-88-16-78-25-44-100-26-74-125-87-2-129-92-178-40-119-165-39-107-27-71-58-164"
121,124678,100,23512,148190,2,"167-111-124-94-99-121-53-158-6-135-70-127-123-24-29-156-10-177-104-147-160-192-103-146-22-20-134-108-69-199-181-42-5-96-105-116-197-198-139-191-36-140-93-117-170-143-153-46-60-141-118-59-72-151-45-161-79-122-176-66-137-76-183-89-83-186-64-15-144-155-21-7-164-58-71-27-107-39-187-81-174-25-44-2-87-74-125-129-92-57-55-52-179-91-185-165-8-138-14-128"
122,121032,100,22584,143616,2,"190-28-11-35-84-112-156-29-123-194-70-135-6-63-182-136-53-158-86-1-97-74-125-172-55-119-155-144-73-132-21-7-164-58-71-27-107-90-40-52-128-167-111-124-130-12-33-37-148-64-114-186-89-183-23-137-176-80-122-151-45-162-24-149-131-47-116-42-5-96-191-139-198-46-59-72-109-51-141-153-143-170-117-93-36-163-108-199-134-20-22-146-103-181-192-160-48-54-30-10"
123,124931,100,24503,149434,1,"68-141-66-72-118-59-65-47-77-192-160-48-30-10-190-84-11-35-112-126-29-127-123-24-151-173-180-158-53-121-99-189-133-79-122-12-124-74-125-44-16-88-50-188-157-98-17-196-169-168-78-25-2-87-167-111-148-37-128-55-52-185-40-119-58-164-7-21-138-14-155-144-132-73-64-15-186-23-89-183-176-60-46-198-139-191-41-193-181-103-146-22-199-20-134-108-67-36-140-93"
124,121188,100,23665,144853,2,"176-111-167-128-144-155-14-138-8-165-185-91-179-145-78-25-44-16-88-174-81-187-39-107-27-71-58-164-7-21-132-73-64-114-186-23-76-183-143-170-46-198-139-191-68-93-140-36-163-67-108-134-20-199-22-146-103-34-30-10-190-4-84-35-11-28-54-193-41-96-5-42-105-47-24-123-194-135-6-133-151-45-162-59-118-60-141-66-79-158-53-121-100-26-125-74-19-189-63-80"
125,128121,100,25071,153192,3,"48-181-193-103-146-22-199-20-134-108-67-163-36-140-93-117-170-143-153-183-51-65-47-43-77-131-149-24-4-112-126-127-123-162-45-133-79-122-173-154-158-53-121-99-189-19-130-12-74-125-87-2-44-16-88-25-113-50-188-157-17-196-169-38-168-145-92-57-55-52-148-37-33-15-73-164-58-39-165-119-40-138-178-3-32-132-64-186-23-76-109-60-46-198-139-191-41-192-30-54"
126,125470,100,24440,149910,2,"18-134-22-146-103-96-5-42-181-192-160-147-104-177-10-156-29-123-24-47-65-197-118-72-45-161-127-70-135-6-158-136-182-74-125-130-12-137-186-61-62-128-167-111-172-178-106-52-55-57-179-91-38-25-120-44-16-171-175-13-31-157-17-196-169-98-40-119-90-107-27-71-58-164-138-14-155-144-83-23-76-183-143-170-153-79-80-176-66-141-60-46-198-139-191-68-93-140-163-69"
127,121489,100,23358,144847,4,"162-194-29-156-70-135-6-158-53-121-99-74-78-168-17-196-169-187-81-157-188-50-113-16-88-25-44-2-87-125-148-37-15-144-155-14-32-3-178-55-52-40-119-165-39-58-164-7-21-132-73-64-186-23-76-183-153-143-170-117-93-140-36-108-69-134-20-22-146-103-34-181-192-42-160-30-54-177-190-105-116-5-96-115-41-193-142-110-191-198-46-197-59-109-51-66-176-122-63-45"
128,116052,100,21457,137509,3,"64-73-132-144-155-14-32-21-7-164-58-27-107-90-187-81-3-178-52-55-91-179-145-78-56-13-25-44-2-87-125-74-167-128-111-124-12-130-63-180-154-6-135-127-123-24-161-162-45-133-79-80-176-51-109-118-59-116-105-77-28-166-11-35-84-4-190-10-54-30-34-103-146-22-134-108-69-199-195-42-5-96-115-198-46-139-110-36-140-93-117-170-143-153-183-76-137-23-186-114"
129,121951,100,22152,144103,2,"104-4-112-156-29-35-11-77-105-116-115-59-118-109-51-141-176-122-63-45-162-161-135-70-6-158-53-121-99-148-37-33-74-125-87-2-129-82-120-44-25-16-88-113-56-85-78-145-157-17-98-196-169-91-179-55-52-40-119-39-107-27-71-95-21-155-144-15-64-114-186-23-76-183-153-0-117-68-46-198-139-191-193-142-93-140-36-108-69-199-134-20-22-146-103-34-181-192-160-147"
130,121077,100,24083,145160,3,"182-151-51-109-46-115-197-96-5-42-43-105-65-131-149-123-161-45-180-154-6-70-127-54-30-160-192-181-103-146-22-20-199-69-108-36-140-93-110-191-68-183-76-137-83-15-114-64-73-132-21-7-164-58-27-107-90-14-144-155-32-178-106-52-55-179-91-169-174-187-81-196-17-157-31-113-175-13-25-44-120-75-150-100-26-97-152-74-82-92-172-167-128-37-148-111-124-12-130-136"
131,130895,100,24315,155210,2,"63-80-176-137-83-183-76-141-51-109-197-198-46-93-140-36-139-191-199-69-108-134-20-22-103-195-181-192-160-54-30-10-190-156-29-47-65-72-162-161-127-70-6-154-158-53-121-99-86-101-150-75-44-25-31-13-50-157-17-196-81-187-90-27-107-174-169-91-179-52-55-57-2-87-125-74-172-167-128-178-3-32-49-102-138-58-164-7-21-132-73-64-114-61-9-111-124-12-130-122"
132,121489,100,23358,144847,2,"45-63-122-176-66-51-109-59-197-46-198-191-110-142-193-41-115-96-5-116-105-190-177-54-30-160-42-192-181-34-103-146-22-20-134-69-108-36-140-93-117-170-143-153-183-76-23-186-64-73-132-21-7-164-58-39-165-119-40-52-55-178-3-32-14-155-144-15-37-148-125-87-2-44-25-88-16-113-50-188-157-81-187-169-196-17-168-78-74-99-121-53-158-6-135-70-156-29-194-162"
133,114108,100,23000,137108,4,"109-176-80-122-79-133-136-182-94-152-26-100-86-75-44-82-129-57-55-52-106-178-138-14-155-144-73-132-21-7-164-58-71-27-107-90-187-81-188-50-56-175-88-16-168-78-25-2-74-130-12-186-83-23-76-183-153-143-170-117-93-140-36-108-69-18-134-20-22-193-41-195-146-103-34-181-192-160-30-54-10-190-4-84-35-11-28-166-47-65-127-70-6-154-180-161-162-45-137-51"
134,118435,100,23727,142162,2,"47-11-35-84-4-190-10-34-103-146-22-20-134-108-69-199-110-139-115-60-141-36-140-93-117-170-143-153-183-89-83-23-186-15-9-62-102-49-14-138-39-95-21-7-164-58-27-107-8-185-91-179-92-129-78-17-196-169-187-81-98-157-38-31-13-113-88-16-25-44-1-97-19-189-94-130-12-63-53-180-6-70-173-79-80-176-66-45-161-127-123-24-72-118-96-5-42-28-166-65"
135,125242,100,24365,149607,2,"143-73-132-21-7-164-58-27-107-90-144-155-14-138-8-119-40-187-81-169-196-17-157-168-38-188-50-113-88-16-145-92-57-129-25-44-120-75-86-26-100-121-99-189-19-172-128-62-9-33-37-148-167-111-12-130-122-79-133-45-162-161-53-158-154-6-70-127-123-24-65-47-77-96-139-110-142-41-5-42-43-29-156-190-10-54-30-34-103-146-22-20-134-163-67-46-60-109-51-170"
136,123482,100,24287,147769,3,"43-149-131-11-35-29-126-112-84-190-10-54-30-34-103-146-22-20-134-199-69-108-36-140-93-68-117-0-153-183-64-73-132-32-3-178-138-164-58-119-40-169-98-196-17-13-31-38-91-179-52-55-57-25-44-120-152-1-150-86-158-135-6-154-53-121-99-63-133-162-45-79-130-12-172-128-167-111-33-37-15-114-83-23-137-80-176-66-141-60-118-59-198-139-191-115-96-5-42-77"
137,114987,100,22369,137356,2,"152-124-12-130-63-79-133-80-176-66-45-162-59-65-105-43-42-5-96-41-193-115-46-60-118-141-137-23-186-9-61-111-167-128-178-3-57-92-78-16-88-171-175-31-85-188-81-187-90-107-27-58-164-7-21-132-73-64-114-89-183-143-170-68-93-140-36-163-67-108-134-20-199-22-146-103-34-30-54-10-190-11-35-84-4-112-126-29-24-123-127-194-135-6-154-180-53-121-99-74"
138,119321,100,21948,141269,2,"103-181-30-48-160-192-184-10-190-4-112-156-29-35-11-47-65-42-5-96-41-193-142-191-139-198-46-115-197-109-51-176-80-79-173-12-130-94-189-19-101-150-75-111-167-128-9-62-138-8-119-40-169-17-91-179-145-78-25-44-16-171-175-56-50-188-98-90-107-27-71-58-164-7-21-14-155-144-61-15-64-114-186-23-76-183-153-0-117-93-140-36-163-67-108-134-20-199-22-146"
139,126508,100,25021,151529,3,"86-120-44-25-82-57-179-91-16-171-175-50-188-17-196-169-185-107-27-71-58-164-39-8-138-32-3-178-52-55-125-74-1-101-182-136-6-135-161-162-63-122-176-66-141-130-12-37-33-9-49-102-61-132-73-15-186-83-76-183-153-143-170-93-140-36-68-60-198-139-191-115-197-59-118-72-65-47-41-193-199-69-108-134-20-22-146-103-181-192-160-147-104-177-10-156-29-70-158-53"
140,121681,100,21949,143630,2,"137-148-37-15-64-73-132-144-155-14-32-178-55-52-106-21-7-164-58-27-107-90-187-81-98-157-38-31-13-88-16-91-179-92-129-2-87-125-74-150-101-99-121-53-158-180-173-127-29-156-131-149-162-45-133-63-79-80-176-66-141-60-118-59-46-198-191-110-142-193-41-115-96-5-42-190-177-54-30-34-103-146-22-199-20-134-108-67-163-36-140-93-117-170-143-153-183-76-83-23"
141,125228,100,23174,148402,2,"174-8-32-3-178-52-55-92-145-168-38-188-50-175-171-16-25-44-2-87-125-129-61-62-37-148-12-130-94-182-136-122-79-133-151-176-66-141-60-46-191-139-198-118-72-173-154-70-127-24-149-131-77-105-96-5-42-11-35-84-112-29-156-190-10-54-30-34-103-146-199-20-134-108-67-36-140-93-170-143-183-89-23-186-114-64-73-132-144-155-14-165-39-164-58-71-27-107-187-81"
142,119493,100,22234,141727,2,"61-64-114-186-23-183-76-137-66-109-51-176-80-12-130-124-111-128-167-74-125-87-26-100-19-189-63-79-133-45-162-149-131-47-116-42-5-96-191-110-199-69-108-134-20-22-146-103-34-30-54-11-35-24-123-127-161-70-135-173-180-53-86-75-2-92-57-78-25-44-16-88-113-50-188-168-157-17-196-81-187-174-119-40-55-52-178-3-32-14-107-27-58-164-7-21-144-155-62-9"
143,122946,100,24112,147058,2,"2-44-88-16-113-50-188-157-81-187-39-165-119-40-169-196-17-168-78-25-99-121-53-180-173-127-156-29-194-63-79-80-176-66-141-60-46-198-191-110-142-193-41-115-96-5-42-118-59-162-161-149-131-166-28-190-177-54-30-34-103-146-22-20-18-69-36-140-93-117-170-143-153-183-76-83-23-137-15-64-73-132-21-7-164-58-144-155-14-32-3-178-52-55-33-37-148-74-125-87"
144,119321,100,21948,141269,2,"103-181-30-48-160-192-184-10-190-4-112-156-29-35-11-47-65-42-5-96-41-193-142-191-139-198-46-115-197-109-51-176-80-79-173-12-130-94-189-19-101-150-75-111-167-128-9-62-138-8-119-40-169-17-91-179-145-78-25-44-16-171-175-56-50-188-98-90-107-27-71-58-164-7-21-14-155-144-61-15-64-114-186-23-76-183-153-0-117-93-140-36-163-67-108-134-20-199-22-146"
145,122730,100,24682,147412,2,"193-131-149-156-29-127-135-6-158-53-136-182-1-82-44-25-16-88-113-56-85-78-185-165-39-90-107-27-58-164-7-21-155-144-132-73-64-114-186-89-183-117-93-108-134-20-199-163-67-36-140-153-76-137-15-33-37-148-111-167-128-178-106-8-174-187-81-169-196-98-17-157-145-92-57-129-97-19-189-124-12-130-63-122-194-161-162-45-176-66-51-109-118-59-115-46-198-139-191-41"
146,122946,100,24112,147058,2,"2-44-88-16-113-50-188-157-81-187-39-165-119-40-169-196-17-168-78-25-99-121-53-180-173-127-156-29-194-63-79-80-176-66-141-60-46-198-191-110-142-193-41-115-96-5-42-118-59-162-161-149-131-166-28-190-177-54-30-34-103-146-22-20-18-69-36-140-93-117-170-143-153-183-76-83-23-137-15-64-73-132-21-7-164-58-144-155-14-32-3-178-52-55-33-37-148-74-125-87"
147,119002,100,23824,142826,2,"57-178-3-32-14-155-144-62-9-12-130-63-133-79-80-176-74-125-87-2-150-86-99-121-53-158-154-6-70-127-123-24-149-162-45-51-109-163-142-193-41-96-5-42-43-105-65-131-29-156-112-84-35-11-54-190-10-30-34-103-146-20-134-67-140-93-170-143-183-89-23-137-186-15-73-132-21-7-164-58-95-27-107-39-165-119-40-169-17-98-188-50-175-171-16-25-44-168-145-92"
148,121794,100,23411,145205,1,"163-142-193-41-96-5-42-43-131-149-24-123-194-135-6-158-53-121-99-152-74-124-12-130-63-79-133-162-45-151-80-176-66-59-118-60-141-137-76-183-83-114-64-148-37-128-167-111-172-106-178-138-14-155-144-73-132-164-58-27-107-90-187-81-129-92-145-168-38-188-50-113-88-16-25-44-120-70-29-156-112-84-190-10-11-35-105-65-191-139-198-46-153-143-170-117-93-140-36-67"
149,121489,100,23358,144847,3,"45-63-122-176-66-51-109-59-197-46-198-191-110-142-193-41-115-96-5-116-105-190-177-54-30-160-42-192-181-34-103-146-22-20-134-69-108-36-140-93-117-170-143-153-183-76-23-186-64-73-132-21-7-164-58-39-165-119-40-52-55-178-3-32-14-155-144-15-37-148-125-87-2-44-25-88-16-113-50-188-157-81-187-169-196-17-168-78-74-99-121-53-158-6-135-70-156-29-194-162"
150,117661,100,22265,139926,1,"172-129-26-100-86-75-120-44-25-16-171-175-13-31-38-157-98-81-187-169-196-17-168-145-92-57-40-119-165-39-107-27-71-58-164-138-32-3-178-128-148-12-130-94-19-189-53-180-173-135-70-127-162-161-45-51-109-116-105-11-35-84-4-190-10-54-30-160-192-181-34-103-146-41-193-22-20-134-18-69-108-36-140-93-117-170-143-153-183-76-23-186-64-73-132-15-37-33-111-167"
151,119893,100,23716,143609,2,"82-44-25-16-88-78-168-17-196-81-187-169-40-119-165-39-164-7-21-106-3-49-102-9-61-64-114-186-137-23-89-183-143-170-46-198-115-139-191-93-140-36-163-67-108-134-20-199-22-195-146-103-34-30-54-10-190-156-29-43-42-5-41-142-96-77-47-65-24-123-127-70-6-154-158-53-161-162-45-133-59-118-60-141-66-80-122-63-189-19-99-121-100-26-75-111-167-128-172-129"
152,114545,100,23376,137921,2,"154-86-101-1-74-125-87-2-129-92-145-78-25-44-16-88-171-113-56-188-38-157-17-196-169-98-81-187-119-165-90-107-27-71-58-164-7-21-132-73-106-178-62-9-64-89-183-143-170-93-140-67-108-134-20-199-22-146-103-34-30-54-10-190-4-84-35-11-28-166-127-123-24-65-105-43-42-5-96-41-193-163-36-72-162-45-109-51-66-176-137-23-186-15-12-130-80-79-63-180"
153,122045,100,23764,145809,2,"112-35-11-28-166-77-105-116-59-118-66-141-60-115-198-68-139-191-181-192-160-54-30-34-103-146-22-199-20-134-108-67-163-117-170-143-153-183-76-137-83-114-64-33-148-176-80-45-162-133-79-136-182-97-74-125-87-82-129-179-91-39-58-164-7-21-132-73-144-155-14-32-178-106-52-55-165-119-40-169-196-98-17-168-78-38-31-13-88-16-25-44-2-1-53-180-154-6-135-126"
154,123890,100,24893,148783,1,"13-168-145-82-2-1-100-53-158-180-70-135-161-149-72-118-59-197-115-198-139-191-68-93-140-36-108-69-199-134-20-22-146-103-34-10-190-4-112-126-104-147-160-192-181-116-131-45-173-63-79-80-176-66-141-137-153-170-143-183-76-23-83-64-15-148-12-130-124-111-167-128-33-37-138-14-155-144-73-132-21-7-164-58-27-107-119-40-185-52-55-57-92-87-125-74-26-44-25-56"
155,122957,100,23314,146271,2,"44-179-91-57-55-52-106-138-14-144-155-178-172-128-33-37-111-167-12-124-125-87-2-150-86-121-99-122-176-66-141-60-118-59-151-45-161-63-53-158-154-6-70-127-123-24-149-131-11-35-29-156-112-84-190-10-54-30-34-103-146-20-134-108-69-142-193-41-96-5-42-43-105-65-198-139-110-68-140-93-0-153-183-89-23-186-114-64-73-132-21-7-164-58-187-81-98-50-113-25"
156,119680,100,23473,143153,2,"134-163-67-110-191-140-93-117-170-143-153-183-89-23-137-186-114-64-73-132-21-7-164-58-39-55-52-106-178-32-14-155-144-61-62-33-37-74-152-121-150-75-120-25-78-168-17-196-169-40-119-165-187-81-157-188-50-113-88-16-44-57-129-1-99-63-79-80-176-66-141-161-162-72-118-59-197-116-105-96-5-42-181-192-160-54-28-166-11-35-84-4-190-10-30-34-195-22-199-18"
157,117242,100,21414,138656,1,"155-128-167-172-3-106-52-55-57-179-91-78-168-38-31-13-175-171-16-25-44-120-2-87-125-74-75-150-101-99-121-53-158-6-135-194-123-24-149-131-77-43-96-5-42-11-35-84-112-29-156-190-10-30-48-160-192-181-103-146-22-20-134-69-108-36-140-93-117-0-153-183-76-83-64-15-23-137-141-118-59-198-139-191-46-60-66-176-80-151-133-79-63-130-12-124-111-148-37-144"
158,125845,100,23281,149126,2,"5-96-34-103-146-195-22-20-134-18-108-69-159-142-110-139-68-36-140-93-117-170-143-153-46-109-51-137-76-183-89-83-114-64-15-148-111-167-128-33-37-155-144-73-132-21-7-164-58-27-107-90-187-81-196-169-14-138-178-106-52-55-129-82-120-44-25-78-168-17-157-188-50-88-16-75-86-100-26-19-189-122-79-133-182-136-53-158-173-6-70-194-161-45-162-29-156-104-147-42"
159,123465,100,22693,146158,3,"113-25-44-129-2-87-125-74-124-130-12-128-167-111-148-37-33-15-186-89-183-137-141-66-176-80-133-79-63-99-121-53-180-173-194-45-162-161-127-29-156-35-11-104-147-160-192-181-28-77-47-65-59-118-60-198-139-191-41-193-159-195-103-146-20-199-69-108-36-140-93-117-0-153-76-114-64-73-132-21-7-164-58-27-107-90-39-144-155-14-138-8-185-91-179-52-55-57-92-56"
160,118982,100,23298,142280,2,"173-127-24-149-131-65-116-41-193-115-118-60-141-198-139-68-93-140-36-108-69-199-134-20-22-146-103-34-181-192-160-48-30-54-184-28-166-123-162-45-72-79-80-176-66-153-170-143-183-76-23-186-64-15-61-62-9-111-167-128-55-52-144-155-14-138-164-58-39-165-8-185-174-187-81-196-17-188-50-113-157-168-78-88-16-25-44-120-2-87-125-74-124-12-130-63-99-121-53-180"
161,122514,100,24476,146990,2,"76-51-176-122-63-189-19-97-148-37-33-144-155-3-106-52-55-57-92-78-168-196-174-40-119-21-7-164-58-71-27-107-187-81-17-157-50-13-31-25-44-75-150-26-100-53-158-180-173-6-70-127-45-162-123-24-126-112-4-190-10-84-11-131-149-47-116-5-96-42-54-30-34-103-146-22-20-134-199-108-163-36-93-117-170-143-153-46-198-139-191-72-109-66-186-15-64-83-183-89"
162,123433,100,24709,148142,2,"166-5-96-115-198-46-59-118-60-141-66-176-80-45-162-133-79-63-158-53-121-99-101-125-87-2-129-179-91-169-174-55-52-106-178-32-14-155-144-37-148-15-137-76-0-36-67-110-191-142-193-41-54-30-34-103-146-22-199-20-134-108-140-93-170-143-183-89-114-64-73-132-21-7-164-71-27-107-90-187-81-196-157-188-50-113-88-16-25-44-82-150-6-135-127-123-24-149-131-28"
163,124523,100,23768,148291,2,"118-96-5-42-192-160-34-48-54-30-10-190-4-112-126-70-6-154-158-53-86-101-150-75-44-25-78-145-31-13-50-38-157-17-98-81-187-179-91-40-119-185-52-55-172-2-87-125-74-99-121-79-45-162-133-63-130-12-111-167-128-9-61-107-27-58-164-21-132-73-64-114-186-23-76-183-143-170-117-93-140-36-163-69-18-20-22-146-103-181-191-139-198-46-153-176-66-141-60-59"
164,124376,100,23538,147914,1,"3-155-144-186-23-76-183-114-64-73-132-21-7-164-58-71-27-107-90-187-81-174-169-196-157-113-56-38-91-179-44-25-87-125-74-19-189-26-100-182-136-53-70-29-156-10-177-104-147-160-192-181-103-146-22-20-134-108-69-199-193-41-47-65-72-118-59-197-115-191-139-198-60-46-68-36-140-93-170-143-153-141-66-176-122-79-133-45-162-161-135-6-154-158-86-75-2-129-92-178"
165,119321,100,21948,141269,2,"146-22-199-20-134-108-67-163-36-140-93-117-0-153-183-76-23-186-114-64-15-61-144-155-14-21-7-164-58-71-27-107-90-98-188-50-56-175-171-16-44-25-78-145-179-91-17-169-40-119-8-138-62-9-128-167-111-75-150-101-19-189-94-130-12-173-79-80-176-51-109-197-115-46-198-139-191-142-193-41-96-5-42-65-47-11-35-29-156-112-4-190-10-184-192-160-48-30-181-103"
166,118735,100,23066,141801,2,"145-128-167-111-9-62-102-49-3-106-185-8-165-39-169-196-17-81-187-90-107-27-71-95-7-21-132-73-64-15-137-23-83-76-153-143-170-117-93-140-108-69-199-134-20-146-103-34-30-54-10-190-4-84-35-11-166-28-42-5-47-65-197-115-191-110-198-46-118-109-51-176-80-79-133-162-161-24-123-127-154-180-63-12-130-86-101-1-125-87-2-129-92-16-171-175-50-188-38-168"
167,122365,100,23982,146347,1,"67-142-193-41-96-5-42-43-131-149-24-123-194-135-6-158-53-121-99-152-74-124-12-130-63-79-133-162-45-151-80-176-66-59-118-60-141-137-76-183-83-114-64-148-37-128-167-111-172-106-178-138-14-155-144-73-132-164-58-27-107-90-187-81-129-92-145-168-38-188-50-113-88-16-25-44-120-70-29-156-112-84-190-10-11-35-105-65-198-46-153-143-170-117-93-140-36-139-191-163"
168,121951,100,22152,144103,2,"147-160-192-181-34-103-146-22-20-134-199-69-108-36-140-93-142-193-191-139-198-46-68-117-0-153-183-76-23-186-114-64-15-144-155-21-95-71-27-107-39-119-40-52-55-179-91-169-196-98-17-157-145-78-85-56-113-88-16-25-44-120-82-129-2-87-125-74-33-37-148-99-121-53-158-6-70-135-161-162-45-63-122-176-141-51-109-118-59-115-116-105-77-11-35-29-156-112-4-104"
169,122060,100,23301,145361,2,"187-169-196-17-188-50-157-168-78-25-44-33-37-12-130-94-189-19-97-1-63-176-80-79-182-136-53-158-6-135-70-194-127-123-24-149-131-166-28-84-126-29-112-4-190-10-54-30-34-103-146-22-20-134-108-69-199-193-41-142-139-198-46-110-36-140-93-117-170-143-153-51-45-162-72-59-105-116-197-109-141-137-183-89-83-23-186-64-15-144-155-21-7-164-58-71-27-107-90-81"
170,122858,100,24783,147641,2,"158-94-124-111-122-79-133-151-45-162-194-135-6-70-127-123-24-156-126-4-190-10-84-35-11-166-28-54-30-48-160-192-103-146-195-159-67-163-142-191-139-5-96-42-105-116-197-59-118-72-141-66-176-137-23-89-183-143-117-93-140-36-170-153-186-64-15-9-62-102-49-138-8-165-185-91-179-92-129-87-2-44-25-174-81-187-39-58-164-7-21-132-73-14-128-167-125-99-121-53"
171,114079,100,22971,137050,3,"51-176-80-122-79-133-136-182-94-152-26-100-86-75-44-82-129-57-55-52-106-178-138-14-155-144-73-132-21-7-164-58-71-27-107-90-187-81-188-50-56-175-88-16-168-78-25-2-74-130-12-186-83-23-76-183-153-143-170-117-93-140-36-108-69-18-134-20-22-193-41-195-146-103-34-181-192-160-30-54-10-190-4-84-35-11-28-166-47-65-127-70-6-154-180-161-162-45-137-109"
172,125327,100,25951,151278,3,"85-25-44-75-150-101-70-127-123-24-29-156-10-177-104-147-160-192-103-146-22-20-134-108-69-199-181-42-5-96-105-116-197-198-139-191-36-140-93-170-143-153-137-64-73-21-90-107-27-58-164-7-132-144-155-14-32-3-178-52-55-33-37-15-114-83-183-76-176-80-63-79-66-141-46-60-118-59-72-151-45-161-135-6-158-53-121-99-152-74-2-120-82-78-145-179-91-187-81-188"
173,115703,100,22698,138401,2,"141-60-46-198-191-110-142-193-41-115-96-5-42-105-116-59-118-176-80-79-63-12-130-94-189-19-97-1-120-44-16-88-25-82-179-91-57-55-52-106-178-155-144-14-138-81-187-90-107-27-58-164-132-73-64-114-186-23-89-183-153-143-170-117-93-140-36-163-67-108-134-20-199-22-146-103-34-30-54-10-190-4-84-35-11-166-28-77-24-45-162-123-127-70-6-53-180-173-133-66"
174,122104,100,25322,147426,2,"194-161-162-42-5-96-41-142-191-139-198-46-93-140-36-108-69-199-134-20-22-146-103-34-30-54-10-190-84-35-11-43-77-131-149-112-126-29-59-118-60-141-66-80-122-136-182-97-129-92-124-12-111-167-128-106-3-49-102-23-76-0-117-153-183-114-64-73-144-155-132-21-7-164-58-27-107-90-39-165-8-169-196-98-17-157-145-78-85-56-88-16-25-44-1-53-180-154-6-135"
175,124931,100,24503,149434,2,"68-141-66-72-118-59-65-47-77-192-160-48-30-10-190-84-11-35-112-126-29-127-123-24-151-173-180-158-53-121-99-189-133-79-122-12-124-74-125-44-16-88-50-188-157-98-17-196-169-168-78-25-2-87-167-111-148-37-128-55-52-185-40-119-58-164-7-21-138-14-155-144-132-73-64-15-186-23-89-183-176-60-46-198-139-191-41-193-181-103-146-22-199-20-134-108-67-36-140-93"
176,118753,100,23084,141837,3,"168-38-188-50-175-171-16-128-167-111-9-62-102-49-3-106-185-8-165-39-169-196-17-81-187-90-107-27-71-95-7-21-132-73-64-15-137-23-83-76-153-143-170-117-93-140-108-69-199-134-20-146-103-34-30-54-10-190-4-84-35-11-166-28-42-5-47-65-197-115-191-110-198-46-118-109-51-176-80-79-133-162-161-24-123-127-154-180-63-12-130-86-101-1-125-87-2-129-92-145"
177,124678,100,23512,148190,2,"167-111-124-94-99-121-53-158-6-135-70-127-123-24-29-156-10-177-104-147-160-192-103-146-22-20-134-108-69-199-181-42-5-96-105-116-197-198-139-191-36-140-93-117-170-143-153-46-60-141-118-59-72-151-45-161-79-122-176-66-137-76-183-89-83-186-64-15-144-155-21-7-164-58-71-27-107-39-187-81-174-25-44-2-87-74-125-129-92-57-55-52-179-91-185-165-8-138-14-128"
178,117242,100,21414,138656,1,"155-128-167-172-3-106-52-55-57-179-91-78-168-38-31-13-175-171-16-25-44-120-2-87-125-74-75-150-101-99-121-53-158-6-135-194-123-24-149-131-77-43-96-5-42-11-35-84-112-29-156-190-10-30-48-160-192-181-103-146-22-20-134-69-108-36-140-93-117-0-153-183-76-83-64-15-23-137-141-118-59-198-139-191-46-60-66-176-80-151-133-79-63-130-12-124-111-148-37-144"
179,130895,100,24315,155210,3,"63-80-176-137-83-183-76-141-51-109-197-198-46-93-140-36-139-191-199-69-108-134-20-22-103-195-181-192-160-54-30-10-190-156-29-47-65-72-162-161-127-70-6-154-158-53-121-99-86-101-150-75-44-25-31-13-50-157-17-196-81-187-90-27-107-174-169-91-179-52-55-57-2-87-125-74-172-167-128-178-3-32-49-102-138-58-164-7-21-132-73-64-114-61-9-111-124-12-130-122"
180,124712,100,25451,150163,2,"27-98-85-175-171-88-16-13-17-169-40-119-165-39-95-14-32-3-178-155-144-62-9-15-114-83-76-141-66-176-80-12-130-94-189-19-111-167-128-172-52-55-57-92-2-87-97-1-75-158-53-63-79-151-45-161-154-6-70-127-29-156-131-149-59-118-60-46-198-139-191-163-142-193-41-5-42-43-77-54-190-10-30-34-103-146-20-134-67-140-93-117-143-153-64-73-132-21-7-107"
181,119697,100,27787,147484,2,"195-134-18-69-163-159-193-41-110-139-115-141-133-79-122-12-130-99-121-86-75-120-44-16-88-25-82-92-179-91-57-172-37-178-165-39-27-107-90-187-81-185-8-3-148-15-144-155-58-164-7-21-132-73-64-83-23-76-183-153-143-170-117-93-140-36-137-176-51-109-118-59-197-65-47-123-162-45-180-154-6-70-127-24-77-43-96-5-42-166-28-184-126-112-4-190-10-34-103-146"
182,125141,100,23766,148907,1,"142-199-20-134-108-67-163-36-140-93-117-170-143-153-65-105-43-28-166-162-161-194-135-6-158-53-121-99-152-74-124-12-130-63-79-80-176-59-118-141-66-137-76-183-23-83-64-15-148-37-128-167-111-172-106-178-138-14-155-144-73-132-164-58-27-107-90-187-81-196-17-129-92-145-168-38-157-188-50-113-88-16-25-44-120-70-127-126-112-4-10-177-104-147-184-42-5-96-41-193"
183,123482,100,24287,147769,1,"43-149-131-11-35-29-126-112-84-190-10-54-30-34-103-146-22-20-134-199-69-108-36-140-93-68-117-0-153-183-64-73-132-32-3-178-138-164-58-119-40-169-98-196-17-13-31-38-91-179-52-55-57-25-44-120-152-1-150-86-158-135-6-154-53-121-99-63-133-162-45-79-130-12-172-128-167-111-33-37-15-114-83-23-137-80-176-66-141-60-118-59-198-139-191-115-96-5-42-77"
184,120256,100,23958,144214,1,"189-74-125-87-2-44-25-16-171-175-50-188-157-38-168-145-129-92-55-52-178-3-32-14-155-144-39-165-119-40-169-196-17-81-187-90-107-27-58-164-7-21-132-73-64-114-23-76-183-153-143-170-117-93-140-36-46-141-51-109-72-122-79-133-162-6-70-127-123-24-35-190-10-104-147-30-34-103-146-22-11-42-5-41-193-199-20-69-108-115-96-116-47-131-149-161-154-158-53-19"
185,125234,100,25858,151092,3,"188-81-187-91-179-145-78-82-120-2-74-152-99-121-53-158-6-135-161-45-151-72-59-118-60-46-141-66-79-63-80-176-76-183-83-114-15-37-33-55-52-178-3-32-14-155-144-132-90-107-27-58-164-7-21-73-64-137-153-143-170-93-140-36-191-139-198-197-116-105-96-5-42-181-199-69-108-134-20-22-146-103-192-160-147-104-177-10-156-29-24-123-127-70-101-150-75-44-25-85"
186,123292,100,24568,147860,2,"28-5-96-115-198-46-59-118-60-141-66-176-80-45-162-133-79-63-158-53-121-99-101-125-87-2-129-179-91-169-174-55-52-106-178-32-14-155-144-37-148-15-137-76-0-36-67-110-191-142-193-41-54-30-34-103-146-22-199-20-134-108-140-93-170-143-183-89-114-64-73-132-21-7-164-71-27-107-90-187-81-196-157-188-50-113-88-16-25-44-82-150-6-135-127-123-24-149-131-166"
187,119680,100,23473,143153,2,"134-163-67-110-191-140-93-117-170-143-153-183-89-23-137-186-114-64-73-132-21-7-164-58-39-55-52-106-178-32-14-155-144-61-62-33-37-74-152-121-150-75-120-25-78-168-17-196-169-40-119-165-187-81-157-188-50-113-88-16-44-57-129-1-99-63-79-80-176-66-141-161-162-72-118-59-197-116-105-96-5-42-181-192-160-54-28-166-11-35-84-4-190-10-30-34-195-22-199-18"
188,118632,100,23539,142171,2,"101-92-44-25-16-171-175-50-188-98-17-169-168-145-57-55-52-106-3-40-119-107-27-58-164-7-21-132-73-49-102-62-9-15-64-83-183-89-23-186-12-130-122-80-66-141-59-118-60-46-198-139-191-170-117-93-140-36-108-69-199-134-20-22-146-103-181-193-41-96-5-42-43-65-47-77-192-160-30-54-10-190-156-29-127-70-6-135-24-123-161-162-45-133-63-182-136-53-158-150"
189,124678,100,23512,148190,2,"167-111-124-94-99-121-53-158-6-135-70-127-123-24-29-156-10-177-104-147-160-192-103-146-22-20-134-108-69-199-181-42-5-96-105-116-197-198-139-191-36-140-93-117-170-143-153-46-60-141-118-59-72-151-45-161-79-122-176-66-137-76-183-89-83-186-64-15-144-155-21-7-164-58-71-27-107-39-187-81-174-25-44-2-87-74-125-129-92-57-55-52-179-91-185-165-8-138-14-128"
190,121681,100,21949,143630,2,"137-148-37-15-64-73-132-144-155-14-32-178-55-52-106-21-7-164-58-27-107-90-187-81-98-157-38-31-13-88-16-91-179-92-129-2-87-125-74-150-101-99-121-53-158-180-173-127-29-156-131-149-162-45-133-63-79-80-176-66-141-60-118-59-46-198-191-110-142-193-41-115-96-5-42-190-177-54-30-34-103-146-22-199-20-134-108-67-163-36-140-93-117-170-143-153-183-76-83-23"
191,116052,100,21457,137509,3,"114-186-23-137-76-183-153-143-170-117-93-140-36-110-139-46-198-115-96-5-42-195-199-69-108-134-22-146-103-34-30-54-10-190-4-84-35-11-166-28-77-105-116-59-118-109-51-176-80-79-133-45-162-161-24-123-127-135-6-154-180-63-130-12-124-111-128-167-74-125-87-2-44-25-13-56-78-145-179-91-55-52-178-3-81-187-90-107-27-58-164-7-21-32-14-155-144-132-73-64"
192,127818,100,23264,151082,2,"177-10-34-103-146-22-199-20-134-108-67-36-140-93-117-170-143-153-183-76-23-186-15-64-73-132-138-21-7-164-58-71-27-107-90-187-81-98-157-50-113-38-25-44-168-145-92-57-55-52-178-3-32-128-2-87-125-74-124-130-12-167-111-37-148-137-141-60-66-176-122-63-99-121-53-158-6-70-135-127-156-29-194-45-162-59-118-115-46-198-191-110-142-193-41-96-5-42-147-104"
193,122104,100,25322,147426,4,"194-161-162-42-5-96-41-142-191-139-198-46-93-140-36-108-69-199-134-20-22-146-103-34-30-54-10-190-84-35-11-43-77-131-149-112-126-29-59-118-60-141-66-80-122-136-182-97-129-92-124-12-111-167-128-106-3-49-102-23-76-0-117-153-183-114-64-73-144-155-132-21-7-164-58-27-107-90-39-165-8-169-196-98-17-157-145-78-85-56-88-16-25-44-1-53-180-154-6-135"
194,126605,100,25250,151855,2,"171-13-31-38-157-196-81-187-90-107-27-71-58-164-7-21-132-73-64-114-76-170-117-68-191-110-93-140-36-108-69-20-199-22-146-103-34-30-54-48-160-192-181-42-5-96-47-65-197-115-46-109-51-137-183-83-15-12-130-148-37-33-144-155-14-32-178-106-52-55-174-169-91-179-92-129-2-87-125-74-101-53-158-6-135-126-35-166-28-11-84-10-190-4-112-121-99-150-16-175"
195,124494,100,24204,148698,2,"149-45-63-180-154-135-70-194-29-156-112-84-35-11-28-190-10-54-30-34-103-146-22-20-134-108-69-199-193-41-105-116-197-59-118-115-198-139-191-68-36-140-93-60-141-66-176-137-76-183-83-114-64-73-132-61-9-102-111-167-128-49-14-138-21-7-164-58-71-27-107-39-165-179-91-40-119-169-196-98-17-38-31-13-113-88-16-44-25-78-168-92-129-125-74-19-189-122-162-131"
196,118564,100,22712,141276,2,"84-35-11-28-166-77-105-116-59-118-60-141-66-176-80-79-63-133-45-162-24-123-127-173-6-70-180-53-189-19-101-150-75-129-82-120-44-25-16-88-179-91-55-52-178-32-138-21-7-164-58-107-27-174-187-81-196-169-106-49-102-9-62-155-144-132-73-15-186-83-76-183-153-0-117-93-140-36-163-199-146-103-22-20-134-108-67-191-139-96-5-42-181-192-160-34-48-30-54-4"
197,122942,100,23680,146622,2,"116-41-193-142-199-134-18-163-36-93-191-139-198-46-0-153-183-89-83-114-64-73-132-32-3-178-138-164-58-27-107-119-40-169-98-196-17-56-175-171-16-13-31-38-168-91-179-52-55-57-129-78-25-44-120-74-152-97-1-150-75-86-158-53-121-99-130-12-124-172-128-167-111-33-37-15-23-137-141-60-118-66-176-80-122-63-133-6-135-70-123-24-156-29-127-194-162-45-59-105"
198,121188,100,23665,144853,2,"176-111-167-128-144-155-14-138-8-165-185-91-179-145-78-25-44-16-88-174-81-187-39-107-27-71-58-164-7-21-132-73-64-114-186-23-76-183-143-170-46-198-139-191-68-93-140-36-163-67-108-134-20-199-22-146-103-34-30-10-190-4-84-35-11-28-54-193-41-96-5-42-105-47-24-123-194-135-6-133-151-45-162-59-118-60-141-66-79-158-53-121-100-26-125-74-19-189-63-80"
199,120621,100,24699,145320,2,"52-92-145-168-38-188-50-113-88-16-25-44-120-129-75-150-100-26-97-152-74-94-80-79-63-182-136-53-158-70-156-29-127-194-162-45-72-118-197-65-47-96-5-42-147-104-177-10-34-103-146-22-199-20-134-108-67-36-140-93-142-193-41-139-110-68-170-143-46-60-66-176-124-111-167-128-155-144-23-76-183-114-64-73-132-14-138-165-39-21-7-164-58-71-27-107-90-119-40-55"
200,122487,100,22242,144729,3,"169-40-119-165-39-58-164-7-21-92-57-55-52-106-178-32-14-155-144-132-73-64-114-186-89-183-76-153-0-117-93-140-36-108-69-20-199-159-191-139-60-118-59-65-47-77-28-181-195-146-103-192-160-147-104-11-35-156-29-127-161-162-194-173-180-53-121-99-63-79-133-80-176-66-141-137-15-33-37-148-111-167-128-12-130-124-74-125-87-2-44-25-145-168-171-175-56-85-17-196"
