SolutionID,TotalCost,NumNodes,TotalDistance,ObjectiveFunction,TotalRunningTime,Cycle
1,72539,100,25230,97769,34,"31-196-81-90-27-164-7-21-40-119-165-185-106-178-14-49-102-144-62-9-148-52-55-57-92-179-145-78-129-152-1-97-124-94-180-63-79-133-162-151-51-80-176-137-23-186-89-183-143-117-93-140-68-0-46-118-59-115-139-41-193-159-108-18-22-146-181-34-160-54-30-177-10-190-184-42-43-116-65-131-149-123-127-70-135-154-53-100-26-86-101-75-2-120-44-25-16-171-175-113"
2,72485,100,25176,97661,21,"0-51-176-80-79-63-180-133-151-162-59-118-115-46-68-139-41-193-159-108-18-22-146-181-34-160-54-30-177-10-190-184-42-43-116-65-131-149-123-127-70-135-154-53-86-100-26-97-101-1-75-2-120-44-25-16-171-175-113-31-78-145-179-92-129-57-55-52-119-40-196-81-90-27-164-7-21-165-185-106-178-14-49-102-144-62-9-148-124-152-94-137-23-186-89-183-143-117-93-140"
3,72143,100,24834,96977,21,"9-148-102-49-178-106-52-55-57-92-129-152-1-97-124-94-180-63-79-133-162-151-51-80-176-137-23-186-89-183-143-117-93-140-68-0-46-118-59-115-139-41-193-159-108-18-22-146-181-34-160-54-30-177-10-190-184-42-43-116-65-131-149-123-127-70-135-154-53-100-26-86-101-75-2-120-44-25-16-171-175-113-31-78-145-179-185-119-40-196-81-90-27-164-7-21-165-14-144-62"
4,73340,100,25106,98446,18,"168-145-179-196-81-40-119-90-27-164-7-21-165-185-106-178-14-49-102-144-62-9-148-52-55-57-92-129-152-1-97-124-94-180-63-79-133-162-151-51-80-176-137-23-186-89-183-143-117-93-140-68-0-46-118-59-115-139-41-193-159-108-18-22-146-181-34-160-54-30-177-10-184-42-43-116-65-131-149-123-127-70-135-154-53-100-26-86-101-75-2-120-44-25-16-171-175-113-31-78"
5,72814,100,24496,97310,19,"125-94-124-148-9-62-144-102-49-14-178-106-185-165-21-7-164-27-90-81-196-40-119-52-55-57-129-92-179-145-78-31-113-175-171-16-25-44-120-2-75-101-86-53-154-135-70-127-123-149-131-65-116-43-42-184-10-177-30-54-160-34-181-146-22-18-108-159-193-41-139-115-59-118-46-0-68-140-93-117-143-183-89-186-23-137-176-80-51-151-162-133-79-63-180-100-26-97-1-152"
6,73094,100,25220,98314,18,"77-43-184-190-10-177-30-54-160-34-146-22-18-108-159-181-42-5-193-41-139-115-116-59-118-46-0-68-140-93-117-143-183-89-186-23-137-176-51-151-162-133-79-80-94-63-100-26-97-1-152-124-148-9-62-144-102-49-14-178-106-185-165-21-7-164-27-90-81-196-40-119-52-55-57-129-92-179-145-78-31-113-175-171-16-25-44-120-2-75-101-86-53-180-154-135-70-127-123-65"
7,73908,100,25895,99803,14,"187-196-78-31-113-175-171-16-25-44-120-2-75-101-86-26-100-53-154-135-70-127-123-149-131-65-116-43-42-184-10-177-30-54-160-34-181-146-22-18-108-159-193-41-139-115-59-118-46-0-68-140-93-117-143-183-89-186-23-137-176-80-51-151-162-133-79-63-180-94-124-97-1-152-129-92-57-145-179-40-119-185-14-49-102-148-9-62-144-178-106-52-55-165-21-7-164-27-90-81"
8,71806,100,24175,95981,14,"68-46-0-117-143-183-89-186-23-137-176-80-79-94-63-100-26-97-1-152-124-148-9-62-144-102-49-14-178-106-185-165-21-7-164-27-90-81-196-40-119-52-55-57-129-92-179-145-78-31-56-113-175-171-16-25-44-120-2-75-101-86-53-180-154-135-70-127-123-162-133-151-51-118-59-149-131-65-116-43-184-190-10-177-30-54-160-34-146-22-18-108-159-181-42-5-115-193-41-139"
9,72620,100,25311,97931,17,"162-123-127-133-151-51-118-59-149-131-65-116-43-184-190-10-177-30-54-160-34-146-22-18-108-159-181-42-115-41-193-139-68-46-0-140-93-117-143-183-89-186-23-137-176-80-79-94-63-100-26-97-1-152-124-148-9-62-144-102-49-14-178-106-185-165-21-7-164-27-90-81-196-40-119-52-55-57-129-92-179-145-78-31-113-175-171-16-25-44-120-2-75-101-86-53-180-154-70-135"
10,72143,100,24834,96977,16,"106-52-55-57-92-129-152-1-97-124-94-180-63-79-133-162-151-51-80-176-137-23-186-89-183-143-117-93-140-68-0-46-118-59-115-139-41-193-159-108-18-22-146-181-34-160-54-30-177-10-190-184-42-43-116-65-131-149-123-127-70-135-154-53-100-26-86-101-75-2-120-44-25-16-171-175-113-31-78-145-179-185-119-40-196-81-90-27-164-7-21-165-14-144-62-9-148-102-49-178"
11,72810,100,24746,97556,34,"60-115-139-193-41-159-108-18-22-146-181-34-160-54-30-177-10-184-42-43-116-65-131-149-59-118-51-151-133-162-123-127-70-135-154-180-53-86-101-75-2-120-44-25-16-171-175-113-31-78-145-179-92-129-57-55-52-119-40-196-81-90-27-164-7-21-165-185-106-178-14-49-102-144-62-9-148-124-152-1-97-26-100-63-94-79-80-176-137-23-186-89-183-143-117-93-140-68-0-46"
12,71698,100,24389,96087,22,"139-115-46-0-68-140-93-117-143-183-89-186-23-137-176-80-79-94-63-100-26-97-1-152-124-148-9-62-144-102-49-14-178-106-185-165-21-7-164-27-90-81-196-40-119-52-55-57-129-92-179-145-78-31-113-175-171-16-25-44-120-2-75-101-86-53-180-154-135-70-127-123-162-133-151-51-118-59-149-131-65-116-43-42-184-190-10-177-30-54-160-34-181-146-22-18-108-159-41-193"
13,72149,100,24840,96989,20,"177-54-30-34-160-43-116-65-131-149-59-118-51-151-133-162-123-127-70-135-154-180-53-86-101-75-2-120-44-25-16-171-175-113-31-78-145-179-92-129-57-55-52-119-40-196-81-90-27-164-7-21-165-185-106-178-14-49-102-144-62-9-148-124-152-1-97-26-100-63-94-79-80-176-137-23-186-89-183-143-117-93-140-68-0-46-115-139-193-41-108-18-22-146-159-181-42-184-190-10"
14,72932,100,25623,98555,17,"148-186-23-89-183-143-117-93-140-0-137-63-79-80-176-51-133-151-162-59-118-115-46-68-139-41-193-159-108-18-22-146-181-34-160-54-30-177-10-190-184-42-43-116-65-131-149-123-127-70-135-154-180-53-100-26-86-75-44-25-16-171-175-113-31-78-145-179-57-92-129-120-2-101-1-97-152-94-124-102-49-178-106-52-55-185-119-40-196-81-90-27-164-7-21-165-14-144-62-9"
15,72143,100,24834,96977,13,"27-164-7-21-165-14-144-62-9-148-102-49-178-106-52-55-57-92-129-152-1-97-124-94-180-63-79-133-162-151-51-80-176-137-23-186-89-183-143-117-93-140-68-0-46-118-59-115-139-41-193-159-108-18-22-146-181-34-160-54-30-177-10-190-184-42-43-116-65-131-149-123-127-70-135-154-53-100-26-86-101-75-2-120-44-25-16-171-175-113-31-78-145-179-185-119-40-196-81-90"
16,72887,100,24667,97554,14,"87-94-124-148-9-62-144-102-49-14-178-106-185-165-21-7-164-27-90-81-196-40-119-52-55-57-129-92-179-145-78-31-113-175-171-16-25-44-120-2-75-101-86-53-154-135-70-127-123-149-131-65-116-43-42-184-10-177-30-54-160-34-181-146-22-18-108-159-193-41-139-115-59-118-46-0-68-140-93-117-143-183-89-186-23-137-176-80-51-151-162-133-79-63-180-100-26-97-1-152"
17,72143,100,24834,96977,14,"178-49-102-148-9-62-144-14-165-21-7-164-27-90-81-196-40-119-185-179-145-78-31-113-175-171-16-25-44-120-2-75-101-86-26-100-53-154-135-70-127-123-149-131-65-116-43-42-184-190-10-177-30-54-160-34-181-146-22-18-108-159-193-41-139-115-59-118-46-0-68-140-93-117-143-183-89-186-23-137-176-80-51-151-162-133-79-63-180-94-124-97-1-152-129-92-57-55-52-106"
18,72320,100,24369,96689,18,"191-193-41-159-108-18-22-146-181-34-160-54-30-177-10-184-42-43-116-65-131-149-59-118-51-151-133-162-123-127-70-135-154-180-53-86-101-75-2-120-44-25-16-171-175-113-31-78-145-179-92-129-57-55-52-119-40-196-81-90-27-164-7-21-165-185-106-178-14-49-102-144-62-9-148-124-152-1-97-26-100-63-94-79-80-176-137-23-186-89-183-143-117-93-140-68-0-46-115-139"
19,72330,100,25021,97351,16,"145-179-196-81-40-119-90-27-164-7-21-165-185-106-178-14-49-102-144-62-9-148-52-55-57-92-129-152-1-97-124-94-180-63-79-133-162-151-51-80-176-137-23-186-89-183-143-117-93-140-68-0-46-118-59-115-139-41-193-159-108-18-22-146-181-34-160-54-30-177-10-190-184-42-43-116-65-131-149-123-127-70-135-154-53-100-26-86-101-75-2-120-44-25-16-171-175-113-31-78"
20,71743,100,24434,96177,12,"101-75-2-120-44-25-16-171-175-113-31-78-145-179-92-129-57-55-52-119-40-196-81-90-27-164-7-21-165-185-106-178-14-49-102-144-62-9-148-124-94-152-1-97-26-100-180-63-79-133-162-151-51-80-176-137-23-186-89-183-143-117-93-140-68-0-46-118-59-115-139-41-193-159-108-18-22-146-181-34-160-54-30-177-10-190-184-42-43-116-65-131-149-123-127-70-135-154-53-86"
21,71698,100,24389,96087,18,"193-139-115-46-0-68-140-93-117-143-183-89-186-23-137-176-80-79-94-63-100-26-97-1-152-124-148-9-62-144-102-49-14-178-106-185-165-21-7-164-27-90-81-196-40-119-52-55-57-129-92-179-145-78-31-113-175-171-16-25-44-120-2-75-101-86-53-180-154-135-70-127-123-162-133-151-51-118-59-149-131-65-116-43-42-184-190-10-177-30-54-160-34-181-146-22-18-108-159-41"
22,72827,100,25060,97887,19,"8-165-21-7-164-27-90-81-196-40-119-185-179-145-78-31-113-175-171-16-25-44-120-2-75-101-86-26-100-53-154-135-70-127-123-149-131-65-116-43-42-184-10-177-30-54-160-34-181-146-22-18-108-159-193-41-139-115-59-118-46-0-68-140-93-117-143-183-89-186-23-137-176-80-51-151-162-133-79-63-180-94-124-97-1-152-129-92-57-55-52-106-178-144-62-9-148-102-49-14"
23,72311,100,25002,97313,15,"63-94-137-23-186-89-183-143-117-93-140-0-51-176-80-79-133-151-162-59-118-115-46-68-139-41-193-159-108-18-22-146-181-34-160-54-30-177-10-190-184-42-43-116-65-131-149-123-127-70-135-180-154-53-86-101-75-2-120-44-25-16-171-175-113-31-78-145-179-92-129-57-55-52-119-40-196-81-90-27-164-7-21-165-185-106-178-14-49-102-144-62-9-148-124-152-1-97-26-100"
24,72365,100,25056,97421,2,"119-196-81-90-27-164-7-21-165-14-49-102-148-9-62-144-178-106-52-55-57-92-129-152-1-97-124-94-180-63-79-133-162-151-51-80-176-137-23-186-89-183-143-117-93-140-68-0-46-118-59-115-139-41-193-159-108-18-22-146-181-34-160-54-30-177-10-190-184-42-43-116-65-131-149-123-127-70-135-154-53-100-26-86-101-75-2-120-44-25-16-171-175-113-31-78-145-179-185-40"
25,73041,100,25480,98521,2,"122-137-23-186-89-183-143-117-93-140-0-51-176-80-79-63-94-100-26-97-1-152-124-148-9-62-144-102-49-14-178-106-185-165-21-7-164-27-90-81-196-40-119-52-55-57-129-92-179-145-78-31-113-175-171-16-25-44-120-2-75-101-86-53-154-135-70-127-123-149-131-65-116-43-42-184-10-177-30-54-160-34-181-146-22-18-108-159-193-41-139-68-46-115-118-59-162-151-133-180"
26,72263,100,24954,97217,2,"184-43-65-131-149-123-127-70-135-154-180-53-86-101-75-2-120-44-25-16-171-175-113-31-78-145-179-92-129-57-55-52-119-40-196-81-90-27-164-7-21-165-185-106-178-14-49-102-144-62-9-148-124-152-1-97-26-100-63-94-80-79-133-162-151-51-176-137-23-186-89-183-143-117-93-140-68-0-46-118-59-116-42-115-139-41-193-159-108-18-22-146-181-34-160-54-30-177-10-190"
27,72394,100,24828,97222,2,"47-43-42-184-10-177-30-54-160-34-181-146-22-18-108-159-193-41-139-115-116-59-118-46-0-68-140-93-117-143-183-89-186-23-137-176-51-151-162-133-79-80-94-63-100-26-97-1-152-124-148-9-62-144-102-49-14-178-106-185-165-21-7-164-27-90-81-196-40-119-52-55-57-129-92-179-145-78-31-113-175-171-16-25-44-120-2-75-101-86-53-180-154-135-70-127-123-149-131-65"
28,72149,100,24840,96989,2,"177-54-30-34-160-43-116-65-131-149-59-118-51-151-133-162-123-127-70-135-154-180-53-86-101-75-2-120-44-25-16-171-175-113-31-78-145-179-92-129-57-55-52-119-40-196-81-90-27-164-7-21-165-185-106-178-14-49-102-144-62-9-148-124-152-1-97-26-100-63-94-79-80-176-137-23-186-89-183-143-117-93-140-68-0-46-115-139-193-41-108-18-22-146-159-181-42-184-190-10"
29,73598,100,25418,99016,2,"173-133-151-162-59-118-115-46-68-139-41-193-159-108-18-22-146-181-34-160-54-30-177-10-184-42-43-116-65-131-149-123-127-70-135-154-53-86-101-75-2-120-44-25-16-171-175-113-31-78-145-179-92-129-57-55-52-119-40-196-81-90-27-164-7-21-165-185-106-178-14-49-102-144-62-9-148-124-152-1-97-26-100-63-94-137-23-186-89-183-143-117-93-140-0-51-176-80-79-180"
30,73316,100,25439,98755,2,"156-127-123-162-151-133-135-70-154-180-53-86-101-75-2-120-44-25-16-171-175-113-31-78-145-92-129-57-55-52-119-40-196-81-90-27-164-7-21-165-185-106-178-14-49-102-144-62-9-148-124-152-1-97-26-100-63-94-79-80-176-137-89-183-143-117-93-140-0-46-68-139-193-41-159-108-18-22-146-34-160-181-42-115-118-51-59-116-65-149-131-43-184-54-30-177-10-84-4-112"
31,72386,100,24753,97139,2,"198-46-0-68-140-93-117-143-183-89-186-23-137-176-80-79-94-63-100-26-97-1-152-124-148-9-62-144-102-49-14-178-106-185-165-21-7-164-27-90-81-196-40-119-52-55-57-129-92-179-145-78-31-113-175-171-16-25-44-120-2-75-101-86-53-180-154-135-70-127-123-162-133-151-51-118-59-149-131-65-116-43-184-10-177-30-54-160-34-146-22-18-108-159-181-42-115-41-193-139"
32,71623,100,24314,95937,2,"43-116-65-131-149-59-118-51-151-133-162-123-127-70-135-154-180-53-86-101-75-2-120-44-25-16-171-175-113-31-78-145-179-92-129-57-55-52-119-40-196-81-90-27-164-7-21-165-185-106-178-14-49-102-144-62-9-148-124-152-1-97-26-100-63-94-79-80-176-137-23-186-89-183-143-117-93-140-68-0-46-115-139-41-193-159-108-18-22-146-181-34-160-54-30-177-10-190-184-42"
33,72502,100,24817,97319,2,"199-139-115-46-0-68-140-93-117-143-183-89-186-23-137-176-80-79-94-63-100-26-97-1-152-124-148-9-62-144-102-49-14-178-106-185-165-21-7-164-27-90-81-196-40-119-52-55-57-129-92-179-145-78-31-113-175-171-16-25-44-120-2-75-101-86-53-180-154-135-70-127-123-162-133-151-51-118-59-149-131-65-116-43-42-184-10-177-30-54-160-34-146-181-193-41-159-22-18-108"
34,72966,100,24693,97659,3,"99-180-63-79-133-162-151-51-80-176-137-23-186-89-183-143-117-93-140-68-0-46-118-59-115-139-41-193-159-108-18-22-146-181-34-160-54-30-177-10-184-42-43-116-65-131-149-123-127-70-135-154-53-86-75-2-120-44-25-16-171-175-113-31-78-145-179-92-129-57-55-52-119-40-196-81-90-27-164-7-21-165-185-106-178-14-49-102-144-62-9-148-124-94-100-26-101-1-97-152"
35,72311,100,25002,97313,1,"63-94-137-23-186-89-183-143-117-93-140-0-51-176-80-79-133-151-162-59-118-115-46-68-139-41-193-159-108-18-22-146-181-34-160-54-30-177-10-190-184-42-43-116-65-131-149-123-127-70-135-180-154-53-86-101-75-2-120-44-25-16-171-175-113-31-78-145-179-92-129-57-55-52-119-40-196-81-90-27-164-7-21-165-185-106-178-14-49-102-144-62-9-148-124-152-1-97-26-100"
36,73071,100,25108,98179,2,"32-165-21-7-164-27-90-81-196-40-119-185-179-145-78-31-113-175-171-16-25-44-120-2-75-101-86-26-100-53-154-135-70-127-123-149-131-65-116-43-42-184-10-177-30-54-160-34-181-146-22-18-108-159-193-41-139-115-59-118-46-0-68-140-93-117-143-183-89-186-23-137-176-80-51-151-162-133-79-63-180-94-124-97-1-152-129-92-57-55-52-106-178-144-62-9-148-102-49-14"
37,72143,100,24834,96977,2,"62-144-14-165-21-7-164-27-90-81-196-40-119-185-179-145-78-31-113-175-171-16-25-44-120-2-75-101-86-26-100-53-154-135-70-127-123-149-131-65-116-43-42-184-190-10-177-30-54-160-34-181-146-22-18-108-159-193-41-139-115-59-118-46-0-68-140-93-117-143-183-89-186-23-137-176-80-51-151-162-133-79-63-180-94-124-97-1-152-129-92-57-55-52-106-178-49-102-148-9"
38,73071,100,25108,98179,2,"32-165-21-7-164-27-90-81-196-40-119-185-179-145-78-31-113-175-171-16-25-44-120-2-75-101-86-26-100-53-154-135-70-127-123-149-131-65-116-43-42-184-10-177-30-54-160-34-181-146-22-18-108-159-193-41-139-115-59-118-46-0-68-140-93-117-143-183-89-186-23-137-176-80-51-151-162-133-79-63-180-94-124-97-1-152-129-92-57-55-52-106-178-144-62-9-148-102-49-14"
39,72064,100,24755,96819,2,"46-0-140-93-117-143-183-89-186-23-137-176-80-79-94-63-100-26-97-1-152-124-148-9-62-144-102-49-14-178-106-185-165-21-7-164-27-90-81-196-40-119-52-55-57-129-92-179-145-78-31-113-175-171-16-25-44-120-2-75-101-86-53-180-154-135-70-127-123-162-133-151-51-118-59-149-131-65-116-43-184-190-10-177-30-54-160-34-146-22-18-108-159-181-42-115-41-193-139-68"
40,72394,100,24828,97222,2,"47-43-42-184-10-177-30-54-160-34-181-146-22-18-108-159-193-41-139-115-116-59-118-46-0-68-140-93-117-143-183-89-186-23-137-176-51-151-162-133-79-80-94-63-100-26-97-1-152-124-148-9-62-144-102-49-14-178-106-185-165-21-7-164-27-90-81-196-40-119-52-55-57-129-92-179-145-78-31-113-175-171-16-25-44-120-2-75-101-86-53-180-154-135-70-127-123-149-131-65"
41,72402,100,24685,97087,2,"12-63-79-133-151-51-80-176-137-23-186-89-183-143-117-93-140-68-0-46-118-59-115-139-41-193-159-108-18-22-146-181-34-160-54-30-177-10-190-184-42-43-116-65-131-149-162-123-127-70-135-154-180-53-86-100-26-97-101-1-75-2-120-44-25-16-171-175-113-31-78-145-179-92-129-57-55-52-119-40-196-81-90-27-164-7-21-165-185-106-178-14-49-102-144-62-9-148-152-94"
42,72389,100,25080,97469,2,"151-162-127-123-149-131-65-116-59-51-118-115-42-43-184-190-10-177-30-54-160-34-181-146-22-18-108-159-41-193-139-68-46-0-140-93-117-143-183-89-186-23-137-176-80-79-94-63-100-26-97-1-152-124-148-9-62-144-102-49-14-178-106-185-165-21-7-164-27-90-81-196-40-119-52-55-57-129-92-179-145-78-31-113-175-171-16-25-44-120-2-75-101-86-53-180-154-70-135-133"
43,71462,100,24153,95615,2,"159-22-18-108-140-93-68-139-115-46-0-117-143-183-89-186-23-137-176-80-79-94-63-100-26-97-1-152-124-148-9-62-144-102-49-14-178-106-185-165-21-7-164-27-90-81-196-40-119-52-55-57-129-92-179-145-78-31-113-175-171-16-25-44-120-2-75-101-86-53-180-154-135-70-127-123-162-133-151-51-118-59-149-131-65-116-43-42-184-190-10-177-30-54-160-34-146-181-41-193"
44,72320,100,24369,96689,2,"191-193-41-159-108-18-22-146-181-34-160-54-30-177-10-184-42-43-116-65-131-149-59-118-51-151-133-162-123-127-70-135-154-180-53-86-101-75-2-120-44-25-16-171-175-113-31-78-145-179-92-129-57-55-52-119-40-196-81-90-27-164-7-21-165-185-106-178-14-49-102-144-62-9-148-124-152-1-97-26-100-63-94-79-80-176-137-23-186-89-183-143-117-93-140-68-0-46-115-139"
45,72263,100,24954,97217,2,"184-43-65-131-149-123-127-70-135-154-180-53-86-101-75-2-120-44-25-16-171-175-113-31-78-145-179-92-129-57-55-52-119-40-196-81-90-27-164-7-21-165-185-106-178-14-49-102-144-62-9-148-124-152-1-97-26-100-63-94-80-79-133-162-151-51-176-137-23-186-89-183-143-117-93-140-68-0-46-118-59-116-42-115-139-41-193-159-108-18-22-146-181-34-160-54-30-177-10-190"
46,72828,100,25519,98347,2,"131-43-184-190-10-177-30-54-160-34-146-22-18-108-159-181-42-193-41-139-115-116-65-59-118-46-0-68-140-93-117-143-183-89-186-23-137-176-51-151-162-133-79-80-94-63-180-53-86-101-152-124-148-9-62-144-102-49-14-178-106-185-165-21-7-164-27-90-81-196-40-119-52-55-57-129-92-179-145-78-31-113-175-171-16-25-44-120-2-75-1-97-26-100-154-135-70-127-123-149"
47,71623,100,24314,95937,2,"42-43-116-65-131-149-59-118-51-151-133-162-123-127-70-135-154-180-53-86-101-75-2-120-44-25-16-171-175-113-31-78-145-179-92-129-57-55-52-119-40-196-81-90-27-164-7-21-165-185-106-178-14-49-102-144-62-9-148-124-152-1-97-26-100-63-94-79-80-176-137-23-186-89-183-143-117-93-140-68-0-46-115-139-41-193-159-108-18-22-146-181-34-160-54-30-177-10-190-184"
48,72143,100,24834,96977,3,"27-164-7-21-165-14-144-62-9-148-102-49-178-106-52-55-57-92-129-152-1-97-124-94-180-63-79-133-162-151-51-80-176-137-23-186-89-183-143-117-93-140-68-0-46-118-59-115-139-41-193-159-108-18-22-146-181-34-160-54-30-177-10-190-184-42-43-116-65-131-149-123-127-70-135-154-53-100-26-86-101-75-2-120-44-25-16-171-175-113-31-78-145-179-185-119-40-196-81-90"
49,72912,100,23834,96746,3,"107-27-165-14-144-62-9-148-102-49-178-106-52-55-57-92-129-152-1-97-124-94-180-63-79-133-162-151-51-80-176-137-23-186-89-183-143-117-93-140-68-0-46-118-59-115-139-41-193-159-108-18-22-146-181-34-160-54-30-177-10-190-184-42-5-43-116-65-131-149-123-127-70-135-154-53-100-26-86-101-75-2-120-44-25-16-171-175-113-56-31-78-145-179-185-119-40-196-81-90"
50,72149,100,24840,96989,1,"10-190-184-42-181-159-146-22-18-108-41-193-139-115-46-0-68-140-93-117-143-183-89-186-23-137-176-80-79-94-63-100-26-97-1-152-124-148-9-62-144-102-49-14-178-106-185-165-21-7-164-27-90-81-196-40-119-52-55-57-129-92-179-145-78-31-113-175-171-16-25-44-120-2-75-101-86-53-180-154-135-70-127-123-162-133-151-51-118-59-149-131-65-116-43-160-34-30-54-177"
51,72502,100,25164,97666,2,"167-148-9-62-102-144-14-49-178-106-165-21-7-164-27-90-81-196-40-119-185-52-55-57-152-2-129-92-179-145-78-31-113-175-171-16-25-44-120-75-101-86-53-154-135-70-127-123-149-131-65-116-43-42-184-10-177-30-54-160-34-181-146-22-18-108-159-193-41-139-115-59-118-46-0-68-140-93-117-143-183-89-186-23-137-176-80-51-151-162-133-79-63-180-100-26-97-1-94-124"
52,72780,100,25511,98291,1,"15-137-124-94-152-97-1-101-75-86-26-100-53-154-135-70-127-123-149-131-65-116-43-42-184-10-177-30-54-160-34-181-146-22-18-108-159-193-41-139-68-46-115-118-59-162-151-133-180-63-79-80-176-51-0-140-93-117-143-183-89-23-186-144-14-165-21-7-164-27-90-81-196-40-119-185-179-145-78-31-113-175-171-16-25-44-120-2-129-92-57-55-52-106-178-49-102-62-9-148"
53,73071,100,25108,98179,2,"32-165-21-7-164-27-90-81-196-40-119-185-179-145-78-31-113-175-171-16-25-44-120-2-75-101-86-26-100-53-154-135-70-127-123-149-131-65-116-43-42-184-10-177-30-54-160-34-181-146-22-18-108-159-193-41-139-115-59-118-46-0-68-140-93-117-143-183-89-186-23-137-176-80-51-151-162-133-79-63-180-94-124-97-1-152-129-92-57-55-52-106-178-144-62-9-148-102-49-14"
54,71373,100,24064,95437,2,"93-68-139-115-46-0-117-143-183-89-186-23-137-176-80-79-94-63-100-26-97-1-152-124-148-9-62-144-102-49-14-178-106-185-165-21-7-164-27-90-81-196-40-119-52-55-57-129-92-179-145-78-31-113-175-171-16-25-44-120-2-75-101-86-53-180-154-135-70-127-123-162-133-151-51-118-59-149-131-65-116-43-42-184-190-10-177-30-54-160-34-181-146-22-159-41-193-18-108-140"
55,72477,100,24410,96887,4,"192-181-146-22-18-108-159-193-41-139-115-46-0-68-140-93-117-143-183-89-186-23-137-176-80-79-94-63-100-26-97-1-152-124-148-9-62-144-102-49-14-178-106-185-165-21-7-164-27-90-81-196-40-119-52-55-57-129-92-179-145-78-31-113-175-171-16-25-44-120-2-75-101-86-53-180-154-135-70-127-123-162-133-151-51-118-59-149-131-65-116-43-42-184-10-177-30-54-160-34"
56,71957,100,24338,96295,2,"71-164-7-21-14-144-62-9-148-102-49-178-106-52-55-57-92-129-152-1-97-124-94-180-63-79-133-162-151-51-80-176-137-23-186-89-183-143-117-93-140-68-0-46-118-59-115-139-41-193-159-108-18-22-146-181-34-160-54-30-177-10-190-184-42-43-116-65-131-149-123-127-70-135-154-53-100-26-86-101-75-2-120-44-25-16-171-175-113-31-78-145-179-196-81-185-40-119-165-90"
57,72485,100,25176,97661,2,"89-186-23-137-94-152-124-148-9-62-144-102-49-14-178-106-185-165-21-7-164-27-90-81-196-40-119-52-55-57-129-92-179-145-78-31-113-175-171-16-25-44-120-2-75-1-101-97-26-100-86-53-154-135-70-127-123-149-131-65-116-43-42-184-190-10-177-30-54-160-34-181-146-22-18-108-159-193-41-139-68-46-115-118-59-162-151-133-180-63-79-80-176-51-0-140-93-117-143-183"
58,72611,100,25302,97913,2,"127-70-135-154-100-26-97-1-75-2-120-44-25-16-171-175-113-31-78-145-179-92-129-57-55-52-119-40-196-81-90-27-164-7-21-165-185-106-178-14-49-102-144-62-9-148-124-152-101-86-53-180-63-94-137-23-186-89-183-143-117-93-140-0-51-176-80-79-133-151-162-59-118-115-46-68-139-41-193-159-108-18-22-146-181-34-160-54-30-177-10-190-184-42-43-116-65-131-149-123"
59,72143,100,24834,96977,2,"144-14-165-21-7-164-27-90-81-196-40-119-185-179-145-78-31-113-175-171-16-25-44-120-2-75-101-86-26-100-53-154-135-70-127-123-149-131-65-116-43-42-184-190-10-177-30-54-160-34-181-146-22-18-108-159-193-41-139-115-59-118-46-0-68-140-93-117-143-183-89-186-23-137-176-80-51-151-162-133-79-63-180-94-124-97-1-152-129-92-57-55-52-106-178-49-102-148-9-62"
60,72485,100,25176,97661,2,"183-143-117-93-140-0-51-176-80-79-63-180-133-151-162-59-118-115-46-68-139-41-193-159-108-18-22-146-181-34-160-54-30-177-10-190-184-42-43-116-65-131-149-123-127-70-135-154-53-86-100-26-97-101-1-75-2-120-44-25-16-171-175-113-31-78-145-179-92-129-57-55-52-119-40-196-81-90-27-164-7-21-165-185-106-178-14-49-102-144-62-9-148-124-152-94-137-23-186-89"
61,72442,100,24795,97237,2,"37-102-49-178-106-52-55-57-92-129-152-1-97-124-94-180-63-79-133-162-151-51-80-176-137-23-186-89-183-143-117-93-140-68-0-46-118-59-115-139-41-193-159-108-18-22-146-181-34-160-54-30-177-10-184-42-43-116-65-131-149-123-127-70-135-154-53-100-26-86-101-75-2-120-44-25-16-171-175-113-31-78-145-179-185-119-40-196-81-90-27-164-7-21-165-14-144-62-9-148"
62,72146,100,24837,96983,2,"94-152-124-148-9-62-144-102-49-14-178-106-185-165-21-7-164-27-90-81-196-40-119-52-55-57-129-92-179-145-78-31-113-175-171-16-25-44-120-2-75-1-101-97-26-100-86-53-154-135-70-127-123-149-131-65-116-43-42-184-190-10-177-30-54-160-34-181-146-22-18-108-159-193-41-139-115-59-118-46-0-68-140-93-117-143-183-89-186-23-137-176-80-51-151-162-133-79-180-63"
63,71907,100,24032,95939,3,"36-108-18-193-41-159-22-146-181-34-160-54-30-177-10-184-42-43-116-65-131-149-59-118-51-151-133-162-123-127-70-135-154-180-53-86-101-75-2-120-44-25-16-171-175-113-31-78-145-179-92-129-57-55-52-119-40-196-81-90-27-164-7-21-165-185-106-178-14-49-102-144-62-9-148-124-152-1-97-26-100-63-94-79-80-176-137-23-186-89-183-143-117-0-46-115-139-68-93-140"
64,72611,100,24577,97188,2,"130-63-79-133-151-51-80-176-137-23-186-89-183-143-117-93-140-68-0-46-118-59-115-139-41-193-159-108-18-22-146-181-34-160-54-30-177-10-190-184-42-43-116-65-131-149-162-123-127-70-135-154-180-53-86-100-26-97-101-1-75-2-120-44-25-16-171-175-113-31-78-145-179-92-129-57-55-52-119-40-196-81-90-27-164-7-21-165-185-106-178-14-49-102-144-62-9-148-152-94"
65,72358,100,25049,97407,2,"40-196-81-90-27-164-7-21-165-14-49-102-148-9-62-144-178-106-52-55-57-92-129-152-1-97-124-94-180-63-79-133-162-151-51-80-176-137-23-186-89-183-143-117-93-140-68-0-46-118-59-115-139-41-193-159-108-18-22-146-181-34-160-54-30-177-10-190-184-42-43-116-65-131-149-123-127-70-135-154-53-100-26-86-101-75-2-120-44-25-16-171-175-113-31-78-145-179-185-119"
66,73061,100,25752,98813,2,"81-90-27-164-7-21-40-119-165-14-49-102-148-9-62-144-178-106-52-55-185-179-145-57-92-129-152-1-97-124-94-180-63-79-133-162-151-51-80-176-137-23-186-89-183-143-117-93-140-68-0-46-118-59-115-139-41-193-159-108-18-22-146-181-34-160-54-30-177-10-190-184-42-43-116-65-131-149-123-127-70-135-154-53-100-26-86-101-75-2-120-44-25-16-171-175-113-31-78-196"
67,72179,100,24870,97049,2,"129-92-57-55-52-148-9-62-144-102-49-14-178-106-185-165-21-7-164-27-90-119-40-81-196-179-145-78-31-113-175-171-16-25-44-120-75-101-86-26-100-53-154-135-70-127-123-149-131-65-116-43-42-184-190-10-177-30-54-160-34-181-146-22-18-108-159-193-41-139-115-59-118-46-0-68-140-93-117-143-183-89-186-23-137-176-80-51-151-162-133-79-63-180-94-124-97-1-152-2"
68,71373,100,24064,95437,2,"140-108-18-193-41-159-22-146-181-34-160-54-30-177-10-190-184-42-43-116-65-131-149-59-118-51-151-133-162-123-127-70-135-154-180-53-86-101-75-2-120-44-25-16-171-175-113-31-78-145-179-92-129-57-55-52-119-40-196-81-90-27-164-7-21-165-185-106-178-14-49-102-144-62-9-148-124-152-1-97-26-100-63-94-79-80-176-137-23-186-89-183-143-117-0-46-115-139-68-93"
69,71373,100,24064,95437,1,"93-68-139-115-46-0-117-143-183-89-186-23-137-176-80-79-94-63-100-26-97-1-152-124-148-9-62-144-102-49-14-178-106-185-165-21-7-164-27-90-81-196-40-119-52-55-57-129-92-179-145-78-31-113-175-171-16-25-44-120-2-75-101-86-53-180-154-135-70-127-123-162-133-151-51-118-59-149-131-65-116-43-42-184-190-10-177-30-54-160-34-181-146-22-159-41-193-18-108-140"
70,72485,100,25176,97661,2,"23-137-94-152-124-148-9-62-144-102-49-14-178-106-185-165-21-7-164-27-90-81-196-40-119-52-55-57-129-92-179-145-78-31-113-175-171-16-25-44-120-2-75-1-101-97-26-100-86-53-154-135-70-127-123-149-131-65-116-43-42-184-190-10-177-30-54-160-34-181-146-22-18-108-159-193-41-139-68-46-115-118-59-162-151-133-180-63-79-80-176-51-0-140-93-117-143-183-89-186"
71,72828,100,25519,98347,2,"131-43-184-190-10-177-30-54-160-34-146-22-18-108-159-181-42-193-41-139-115-116-65-59-118-46-0-68-140-93-117-143-183-89-186-23-137-176-51-151-162-133-79-80-94-63-180-53-86-101-152-124-148-9-62-144-102-49-14-178-106-185-165-21-7-164-27-90-81-196-40-119-52-55-57-129-92-179-145-78-31-113-175-171-16-25-44-120-2-75-1-97-26-100-154-135-70-127-123-149"
72,73962,100,26244,100206,3,"194-162-133-151-51-118-59-65-116-43-115-46-68-139-41-193-42-181-159-108-18-22-146-34-160-54-30-177-10-184-131-149-123-127-70-135-154-53-86-101-75-2-120-44-25-16-171-175-113-31-78-145-179-92-129-57-55-52-119-40-196-81-90-27-164-7-21-165-185-106-178-14-49-102-144-62-9-148-124-152-1-97-26-100-63-94-137-23-186-89-183-143-117-93-140-0-176-80-79-180"
73,71623,100,24314,95937,3,"42-43-116-65-131-149-59-118-51-151-133-162-123-127-70-135-154-180-53-86-101-75-2-120-44-25-16-171-175-113-31-78-145-179-92-129-57-55-52-119-40-196-81-90-27-164-7-21-165-185-106-178-14-49-102-144-62-9-148-124-152-1-97-26-100-63-94-79-80-176-137-23-186-89-183-143-117-93-140-68-0-46-115-139-41-193-159-108-18-22-146-181-34-160-54-30-177-10-190-184"
74,72494,100,25185,97679,2,"7-21-144-62-9-148-102-49-178-106-52-55-57-92-129-152-1-97-124-94-180-63-79-133-162-151-51-80-176-137-23-186-89-183-143-117-93-140-68-0-46-118-59-115-139-41-193-159-108-18-22-146-181-34-160-54-30-177-10-190-184-42-43-116-65-131-149-123-127-70-135-154-53-100-26-86-101-75-2-120-44-25-16-171-175-113-31-78-145-179-196-81-185-40-119-165-14-90-27-164"
75,71961,100,24652,96613,1,"1-101-94-124-148-9-62-144-102-49-14-178-106-185-165-21-7-164-27-90-81-196-40-119-52-55-57-129-92-179-145-78-31-113-175-171-16-25-44-120-2-75-86-53-154-135-70-127-123-149-131-65-116-43-42-184-190-10-177-30-54-160-34-181-146-22-18-108-159-193-41-139-115-59-118-46-0-68-140-93-117-143-183-89-186-23-137-176-80-51-151-162-133-79-63-180-100-26-97-152"
76,71892,100,24583,96475,2,"116-43-42-184-190-10-177-30-54-160-34-181-146-22-18-108-159-193-41-139-115-59-118-46-0-68-140-93-117-143-183-89-186-23-137-176-51-151-162-133-79-80-94-63-100-26-97-1-152-124-148-9-62-144-102-49-14-178-106-185-165-21-7-164-27-90-81-196-40-119-52-55-57-129-92-179-145-78-31-113-175-171-16-25-44-120-2-75-101-86-53-180-154-135-70-127-123-149-131-65"
77,73893,100,26010,99903,2,"126-127-70-135-154-100-26-97-1-75-2-120-44-25-16-171-175-113-31-78-145-92-129-57-55-52-119-40-196-81-90-27-164-7-21-165-185-106-178-14-49-102-144-62-9-148-124-152-101-86-53-180-63-94-137-89-183-143-117-93-140-0-51-176-80-79-133-151-162-59-118-115-46-68-139-41-193-159-108-18-22-146-181-34-160-54-30-177-10-184-42-43-116-65-131-149-123-84-4-112"
78,72358,100,25049,97407,2,"40-196-81-90-27-164-7-21-165-14-49-102-148-9-62-144-178-106-52-55-57-92-129-152-1-97-124-94-180-63-79-133-162-151-51-80-176-137-23-186-89-183-143-117-93-140-68-0-46-118-59-115-139-41-193-159-108-18-22-146-181-34-160-54-30-177-10-190-184-42-43-116-65-131-149-123-127-70-135-154-53-100-26-86-101-75-2-120-44-25-16-171-175-113-31-78-145-179-185-119"
79,72402,100,24685,97087,2,"12-63-79-133-151-51-80-176-137-23-186-89-183-143-117-93-140-68-0-46-118-59-115-139-41-193-159-108-18-22-146-181-34-160-54-30-177-10-190-184-42-43-116-65-131-149-162-123-127-70-135-154-180-53-86-100-26-97-101-1-75-2-120-44-25-16-171-175-113-31-78-145-179-92-129-57-55-52-119-40-196-81-90-27-164-7-21-165-185-106-178-14-49-102-144-62-9-148-152-94"
80,73970,100,25693,99663,2,"83-23-186-144-14-165-21-7-164-27-90-81-196-40-119-185-179-145-78-31-113-175-171-16-25-44-120-2-75-101-86-26-100-53-154-135-70-127-123-149-131-65-116-43-42-184-10-177-30-54-160-34-181-146-22-18-108-159-193-41-139-68-46-115-118-59-162-151-133-51-176-80-79-63-180-94-124-97-1-152-129-92-57-55-52-106-178-49-102-62-9-148-137-0-140-93-117-143-183-89"
81,72986,100,24953,97939,2,"104-54-30-160-34-181-146-22-18-108-159-193-41-139-115-42-43-116-59-118-46-0-68-140-93-117-143-183-89-186-23-137-176-51-151-162-133-79-80-94-63-100-26-97-1-152-124-148-9-62-144-102-49-14-178-106-185-165-21-7-164-27-90-81-196-40-119-52-55-57-129-92-179-145-78-31-113-175-171-16-25-44-120-2-75-101-86-53-180-154-135-70-127-123-149-131-65-184-10-177"
82,72986,100,24953,97939,2,"104-54-30-160-34-181-146-22-18-108-159-193-41-139-115-42-43-116-59-118-46-0-68-140-93-117-143-183-89-186-23-137-176-51-151-162-133-79-80-94-63-100-26-97-1-152-124-148-9-62-144-102-49-14-178-106-185-165-21-7-164-27-90-81-196-40-119-52-55-57-129-92-179-145-78-31-113-175-171-16-25-44-120-2-75-101-86-53-180-154-135-70-127-123-149-131-65-184-10-177"
83,73061,100,25752,98813,2,"81-90-27-164-7-21-40-119-165-14-49-102-148-9-62-144-178-106-52-55-185-179-145-57-92-129-152-1-97-124-94-180-63-79-133-162-151-51-80-176-137-23-186-89-183-143-117-93-140-68-0-46-118-59-115-139-41-193-159-108-18-22-146-181-34-160-54-30-177-10-190-184-42-43-116-65-131-149-123-127-70-135-154-53-100-26-86-101-75-2-120-44-25-16-171-175-113-31-78-196"
84,72506,100,25197,97703,2,"179-92-129-152-1-97-124-94-180-63-79-133-162-151-51-80-176-137-23-186-89-183-143-117-93-140-68-0-46-118-59-115-139-41-193-159-108-18-22-146-181-34-160-54-30-177-10-190-184-42-43-116-65-131-149-123-127-70-135-154-53-100-26-86-101-75-2-120-44-25-16-171-175-113-31-78-145-196-81-40-119-90-27-164-7-21-165-185-106-178-49-102-148-9-62-144-14-52-55-57"
85,71462,100,24153,95615,2,"22-18-108-140-93-68-139-115-46-0-117-143-183-89-186-23-137-176-80-79-94-63-100-26-97-1-152-124-148-9-62-144-102-49-14-178-106-185-165-21-7-164-27-90-81-196-40-119-52-55-57-129-92-179-145-78-31-113-175-171-16-25-44-120-2-75-101-86-53-180-154-135-70-127-123-162-133-151-51-118-59-149-131-65-116-43-42-184-190-10-177-30-54-160-34-146-181-41-193-159"
86,73298,100,26157,99455,2,"4-84-123-149-131-65-116-43-42-184-10-177-30-54-160-34-181-146-22-18-108-159-193-41-139-68-46-115-118-59-162-151-133-79-80-176-51-0-140-93-117-143-183-89-137-94-63-180-53-86-101-152-124-148-9-62-144-102-49-14-178-106-185-165-21-7-164-27-90-81-196-40-119-52-55-57-129-92-179-145-78-31-113-175-171-16-25-44-120-2-75-1-97-26-100-154-135-70-127-112"
87,72431,100,25374,97805,2,"84-112-131-65-149-123-127-70-135-154-180-53-86-101-75-2-120-44-25-16-171-175-113-31-78-145-179-92-129-57-55-52-119-40-196-81-90-27-164-7-21-165-185-106-178-14-49-102-144-62-9-148-124-152-1-97-26-100-63-94-80-79-133-162-151-51-176-137-23-89-183-143-117-93-140-68-0-46-118-59-116-43-42-115-139-41-193-159-108-18-22-146-181-34-160-54-30-177-10-184"
88,72299,100,24990,97289,2,"53-86-101-152-124-148-9-62-144-102-49-14-178-106-185-165-21-7-164-27-90-81-196-40-119-52-55-57-129-92-179-145-78-31-113-175-171-16-25-44-120-2-75-1-97-26-100-154-135-70-127-123-149-131-65-116-43-42-184-190-10-177-30-54-160-34-181-146-22-18-108-159-193-41-139-115-59-118-46-0-68-140-93-117-143-183-89-186-23-137-176-51-151-162-133-79-80-94-63-180"
89,73071,100,25108,98179,3,"32-165-21-7-164-27-90-81-196-40-119-185-179-145-78-31-113-175-171-16-25-44-120-2-75-101-86-26-100-53-154-135-70-127-123-149-131-65-116-43-42-184-10-177-30-54-160-34-181-146-22-18-108-159-193-41-139-115-59-118-46-0-68-140-93-117-143-183-89-186-23-137-176-80-51-151-162-133-79-63-180-94-124-97-1-152-129-92-57-55-52-106-178-144-62-9-148-102-49-14"
90,73552,100,25308,98860,1,"88-25-44-120-2-75-101-86-26-100-53-154-135-70-127-123-149-131-65-116-43-42-184-10-177-30-54-160-34-181-146-22-18-108-159-193-41-139-115-59-118-46-0-68-140-93-117-143-183-89-186-23-137-176-80-51-151-162-133-79-63-180-94-124-97-1-152-129-78-145-179-92-57-55-52-148-9-62-144-102-49-14-178-106-185-165-119-40-21-7-164-27-90-81-196-31-113-175-171-16"
91,72255,100,24946,97201,3,"30-34-160-181-146-22-18-108-159-193-41-139-115-42-43-116-59-118-46-0-68-140-93-117-143-183-89-186-23-137-176-51-151-162-133-79-80-94-63-100-26-97-1-152-124-148-9-62-144-102-49-14-178-106-185-165-21-7-164-27-90-81-196-40-119-52-55-57-129-92-179-145-78-31-113-175-171-16-25-44-120-2-75-101-86-53-180-154-135-70-127-123-149-131-65-184-190-10-177-54"
92,72365,100,25056,97421,1,"119-196-81-90-27-164-7-21-165-14-49-102-148-9-62-144-178-106-52-55-57-92-129-152-1-97-124-94-180-63-79-133-162-151-51-80-176-137-23-186-89-183-143-117-93-140-68-0-46-118-59-115-139-41-193-159-108-18-22-146-181-34-160-54-30-177-10-190-184-42-43-116-65-131-149-123-127-70-135-154-53-100-26-86-101-75-2-120-44-25-16-171-175-113-31-78-145-179-185-40"
93,72299,100,24990,97289,2,"135-70-127-123-149-131-65-116-43-42-184-190-10-177-30-54-160-34-181-146-22-18-108-159-193-41-139-115-59-118-46-0-68-140-93-117-143-183-89-186-23-137-176-51-151-162-133-79-80-94-63-180-53-86-101-152-124-148-9-62-144-102-49-14-178-106-185-165-21-7-164-27-90-81-196-40-119-52-55-57-129-92-179-145-78-31-113-175-171-16-25-44-120-2-75-1-97-26-100-154"
94,72614,100,24952,97566,3,"72-51-118-46-0-68-140-93-117-143-183-89-186-23-137-176-80-79-94-63-100-26-97-1-152-124-148-9-62-144-102-49-14-178-106-185-165-21-7-164-27-90-81-196-40-119-52-55-57-129-92-179-145-78-31-113-175-171-16-25-44-120-2-75-101-86-53-180-154-135-70-127-123-162-133-151-149-131-65-116-43-42-184-10-177-30-54-160-34-181-146-22-18-108-159-193-41-139-115-59"
95,72228,100,24795,97023,2,"138-165-21-7-164-27-90-81-196-40-119-185-179-145-78-31-113-175-171-16-25-44-120-2-75-101-86-26-100-53-154-135-70-127-123-149-131-65-116-43-42-184-10-177-30-54-160-34-181-146-22-18-108-159-193-41-139-115-59-118-46-0-68-140-93-117-143-183-89-186-23-137-176-80-51-151-162-133-79-63-180-94-124-97-1-152-129-92-57-55-52-106-178-49-102-148-9-62-144-14"
96,72485,100,25176,97661,1,"23-137-94-152-124-148-9-62-144-102-49-14-178-106-185-165-21-7-164-27-90-81-196-40-119-52-55-57-129-92-179-145-78-31-113-175-171-16-25-44-120-2-75-1-101-97-26-100-86-53-154-135-70-127-123-149-131-65-116-43-42-184-190-10-177-30-54-160-34-181-146-22-18-108-159-193-41-139-68-46-115-118-59-162-151-133-180-63-79-80-176-51-0-140-93-117-143-183-89-186"
97,72189,100,24880,97069,2,"51-133-151-162-59-115-139-41-193-159-108-18-22-146-181-34-160-54-30-177-10-190-184-42-43-116-65-131-149-123-127-70-135-154-180-53-86-101-75-2-120-44-25-16-171-175-113-31-78-145-179-92-129-57-55-52-119-40-196-81-90-27-164-7-21-165-185-106-178-14-49-102-144-62-9-148-124-152-1-97-26-100-63-94-79-80-176-137-23-186-89-183-143-117-93-140-68-0-46-118"
98,72685,100,25081,97766,3,"189-152-97-1-101-2-124-148-9-62-144-102-49-14-178-106-185-165-21-7-164-27-90-81-196-40-119-52-55-57-129-92-179-145-78-31-113-175-171-16-25-44-120-75-86-26-100-53-154-135-70-127-123-149-131-65-116-43-42-184-10-177-30-54-160-34-181-146-22-18-108-159-193-41-139-115-59-118-46-0-68-140-93-117-143-183-89-186-23-137-176-80-51-151-162-133-79-180-63-94"
99,73061,100,25752,98813,2,"81-90-27-164-7-21-40-119-165-14-49-102-148-9-62-144-178-106-52-55-185-179-145-57-92-129-152-1-97-124-94-180-63-79-133-162-151-51-80-176-137-23-186-89-183-143-117-93-140-68-0-46-118-59-115-139-41-193-159-108-18-22-146-181-34-160-54-30-177-10-190-184-42-43-116-65-131-149-123-127-70-135-154-53-100-26-86-101-75-2-120-44-25-16-171-175-113-31-78-196"
100,72539,100,25230,97769,2,"31-196-81-90-27-164-7-21-40-119-165-185-106-178-14-49-102-144-62-9-148-52-55-57-92-179-145-78-129-152-1-97-124-94-180-63-79-133-162-151-51-80-176-137-23-186-89-183-143-117-93-140-68-0-46-118-59-115-139-41-193-159-108-18-22-146-181-34-160-54-30-177-10-190-184-42-43-116-65-131-149-123-127-70-135-154-53-100-26-86-101-75-2-120-44-25-16-171-175-113"
101,71983,100,24572,96555,2,"69-139-115-46-0-68-140-93-117-143-183-89-186-23-137-176-80-79-94-63-100-26-97-1-152-124-148-9-62-144-102-49-14-178-106-185-165-21-7-164-27-90-81-196-40-119-52-55-57-129-92-179-145-78-31-113-175-171-16-25-44-120-2-75-101-86-53-180-154-135-70-127-123-162-133-151-51-118-59-149-131-65-116-43-42-184-10-177-30-54-160-34-146-181-41-193-159-22-18-108"
102,72884,100,25156,98040,2,"170-117-93-140-0-51-176-80-79-63-180-133-151-162-59-118-115-46-68-139-41-193-159-108-18-22-146-181-34-160-54-30-177-10-184-42-43-116-65-131-149-123-127-70-135-154-53-86-100-26-97-101-1-75-2-120-44-25-16-171-175-113-31-78-145-179-92-129-57-55-52-119-40-196-81-90-27-164-7-21-165-185-106-178-14-49-102-144-62-9-148-124-152-94-137-23-186-89-183-143"
103,72143,100,24834,96977,2,"14-144-62-9-148-102-49-178-106-52-55-57-92-129-152-1-97-124-94-180-63-79-133-162-151-51-80-176-137-23-186-89-183-143-117-93-140-68-0-46-118-59-115-139-41-193-159-108-18-22-146-181-34-160-54-30-177-10-190-184-42-43-116-65-131-149-123-127-70-135-154-53-100-26-86-101-75-2-120-44-25-16-171-175-113-31-78-145-179-185-119-40-196-81-90-27-164-7-21-165"
104,71623,100,24314,95937,3,"42-43-116-65-131-149-59-118-51-151-133-162-123-127-70-135-154-180-53-86-101-75-2-120-44-25-16-171-175-113-31-78-145-179-92-129-57-55-52-119-40-196-81-90-27-164-7-21-165-185-106-178-14-49-102-144-62-9-148-124-152-1-97-26-100-63-94-79-80-176-137-23-186-89-183-143-117-93-140-68-0-46-115-139-41-193-159-108-18-22-146-181-34-160-54-30-177-10-190-184"
105,72539,100,25230,97769,3,"16-25-44-120-2-75-101-86-26-100-53-154-135-70-127-123-149-131-65-116-43-42-184-190-10-177-30-54-160-34-181-146-22-18-108-159-193-41-139-115-59-118-46-0-68-140-93-117-143-183-89-186-23-137-176-80-51-151-162-133-79-63-180-94-124-97-1-152-129-78-145-179-92-57-55-52-148-9-62-144-102-49-14-178-106-185-165-119-40-21-7-164-27-90-81-196-31-113-175-171"
106,72143,100,24834,96977,1,"49-102-148-9-62-144-14-165-21-7-164-27-90-81-196-40-119-185-179-145-78-31-113-175-171-16-25-44-120-2-75-101-86-26-100-53-154-135-70-127-123-149-131-65-116-43-42-184-190-10-177-30-54-160-34-181-146-22-18-108-159-193-41-139-115-59-118-46-0-68-140-93-117-143-183-89-186-23-137-176-80-51-151-162-133-79-63-180-94-124-97-1-152-129-92-57-55-52-106-178"
107,72278,100,24914,97192,3,"48-54-30-177-10-184-43-65-131-149-123-127-70-135-154-180-53-86-101-75-2-120-44-25-16-171-175-113-31-78-145-179-92-129-57-55-52-119-40-196-81-90-27-164-7-21-165-185-106-178-14-49-102-144-62-9-148-124-152-1-97-26-100-63-94-80-79-133-162-151-51-176-137-23-186-89-183-143-117-93-140-68-0-46-118-59-116-42-115-139-41-193-159-108-18-22-146-181-34-160"
108,72389,100,25080,97469,2,"151-162-127-123-149-131-65-116-59-51-118-115-42-43-184-190-10-177-30-54-160-34-181-146-22-18-108-159-41-193-139-68-46-0-140-93-117-143-183-89-186-23-137-176-80-79-94-63-100-26-97-1-152-124-148-9-62-144-102-49-14-178-106-185-165-21-7-164-27-90-81-196-40-119-52-55-57-129-92-179-145-78-31-113-175-171-16-25-44-120-2-75-101-86-53-180-154-70-135-133"
109,72179,100,24870,97049,3,"129-92-57-55-52-148-9-62-144-102-49-14-178-106-185-165-21-7-164-27-90-119-40-81-196-179-145-78-31-113-175-171-16-25-44-120-75-101-86-26-100-53-154-135-70-127-123-149-131-65-116-43-42-184-190-10-177-30-54-160-34-181-146-22-18-108-159-193-41-139-115-59-118-46-0-68-140-93-117-143-183-89-186-23-137-176-80-51-151-162-133-79-63-180-94-124-97-1-152-2"
110,73384,100,25214,98598,1,"132-14-165-21-7-164-27-90-81-196-40-119-185-179-145-78-31-113-175-171-16-25-44-120-2-75-101-86-26-100-53-154-135-70-127-123-149-131-65-116-43-42-184-10-177-30-54-160-34-181-146-22-18-108-159-193-41-139-115-59-118-46-0-68-140-93-117-143-183-89-186-23-137-176-80-51-151-162-133-79-63-180-94-124-97-1-152-129-92-57-55-52-106-178-49-102-148-9-62-144"
111,73409,100,25192,98601,2,"13-31-196-81-90-27-164-7-21-40-119-165-185-106-178-14-49-102-144-62-9-148-52-55-57-92-179-145-78-129-152-1-97-124-94-180-63-79-133-162-151-51-80-176-137-23-186-89-183-143-117-93-140-68-0-46-118-59-115-139-41-193-159-108-18-22-146-181-34-160-54-30-177-10-184-42-43-116-65-131-149-123-127-70-135-154-53-100-26-86-101-75-2-120-44-25-16-171-175-113"
112,71623,100,24314,95937,2,"34-181-146-22-18-108-159-193-41-139-115-46-0-68-140-93-117-143-183-89-186-23-137-176-80-79-94-63-100-26-97-1-152-124-148-9-62-144-102-49-14-178-106-185-165-21-7-164-27-90-81-196-40-119-52-55-57-129-92-179-145-78-31-113-175-171-16-25-44-120-2-75-101-86-53-180-154-135-70-127-123-162-133-151-51-118-59-149-131-65-116-43-42-184-190-10-177-30-54-160"
113,72311,100,25002,97313,2,"63-94-137-23-186-89-183-143-117-93-140-0-51-176-80-79-133-151-162-59-118-115-46-68-139-41-193-159-108-18-22-146-181-34-160-54-30-177-10-190-184-42-43-116-65-131-149-123-127-70-135-180-154-53-86-101-75-2-120-44-25-16-171-175-113-31-78-145-179-92-129-57-55-52-119-40-196-81-90-27-164-7-21-165-185-106-178-14-49-102-144-62-9-148-124-152-1-97-26-100"
114,73215,100,24842,98057,2,"61-144-14-165-21-7-164-27-90-81-196-40-119-185-179-145-78-31-113-175-171-16-25-44-120-2-75-101-86-26-100-53-154-135-70-127-123-149-131-65-116-43-42-184-10-177-30-54-160-34-181-146-22-18-108-159-193-41-139-115-59-118-46-0-68-140-93-117-143-183-89-186-23-137-176-80-51-151-162-133-79-63-180-94-124-97-1-152-129-92-57-55-52-106-178-49-102-148-9-62"
115,72968,100,25303,98271,2,"153-0-140-93-117-143-183-89-186-23-137-94-152-124-148-9-62-144-102-49-14-178-106-185-165-21-7-164-27-90-81-196-40-119-52-55-57-129-92-179-145-78-31-113-175-171-16-25-44-120-2-75-1-101-97-26-100-86-53-154-135-70-127-123-149-131-65-116-43-42-184-10-177-30-54-160-34-181-146-22-18-108-159-193-41-139-68-46-115-118-59-162-151-133-180-63-79-80-176-51"
116,73552,100,25308,98860,1,"88-25-44-120-2-75-101-86-26-100-53-154-135-70-127-123-149-131-65-116-43-42-184-10-177-30-54-160-34-181-146-22-18-108-159-193-41-139-115-59-118-46-0-68-140-93-117-143-183-89-186-23-137-176-80-51-151-162-133-79-63-180-94-124-97-1-152-129-78-145-179-92-57-55-52-148-9-62-144-102-49-14-178-106-185-165-119-40-21-7-164-27-90-81-196-31-113-175-171-16"
117,72887,100,24667,97554,4,"87-94-124-148-9-62-144-102-49-14-178-106-185-165-21-7-164-27-90-81-196-40-119-52-55-57-129-92-179-145-78-31-113-175-171-16-25-44-120-2-75-101-86-53-154-135-70-127-123-149-131-65-116-43-42-184-10-177-30-54-160-34-181-146-22-18-108-159-193-41-139-115-59-118-46-0-68-140-93-117-143-183-89-186-23-137-176-80-51-151-162-133-79-63-180-100-26-97-1-152"
118,73061,100,25752,98813,3,"81-90-27-164-7-21-40-119-165-14-49-102-148-9-62-144-178-106-52-55-185-179-145-57-92-129-152-1-97-124-94-180-63-79-133-162-151-51-80-176-137-23-186-89-183-143-117-93-140-68-0-46-118-59-115-139-41-193-159-108-18-22-146-181-34-160-54-30-177-10-190-184-42-43-116-65-131-149-123-127-70-135-154-53-100-26-86-101-75-2-120-44-25-16-171-175-113-31-78-196"
119,73294,100,25270,98564,3,"11-65-131-149-123-127-70-135-154-180-53-86-101-75-2-120-44-25-16-171-175-113-31-78-145-92-129-57-55-52-119-40-196-81-90-27-164-7-21-165-185-106-178-14-49-102-144-62-9-148-124-152-1-97-26-100-63-94-80-79-133-162-151-51-176-137-89-183-143-117-93-140-68-0-46-118-59-116-43-42-115-139-41-193-159-108-18-22-146-181-160-34-30-54-177-10-4-112-35-184"
120,72539,100,25230,97769,3,"175-113-31-196-81-90-27-164-7-21-40-119-165-185-106-178-14-49-102-144-62-9-148-52-55-57-92-179-145-78-129-152-1-97-124-94-180-63-79-133-162-151-51-80-176-137-23-186-89-183-143-117-93-140-68-0-46-118-59-115-139-41-193-159-108-18-22-146-181-34-160-54-30-177-10-190-184-42-43-116-65-131-149-123-127-70-135-154-53-100-26-86-101-75-2-120-44-25-16-171"
121,73475,100,25279,98754,2,"64-144-14-165-21-7-164-27-90-81-196-40-119-185-145-78-31-113-175-171-16-25-44-120-2-129-92-57-55-52-106-178-49-102-62-9-148-137-124-94-152-97-1-101-75-86-26-100-53-154-135-70-127-123-149-131-65-116-43-42-184-10-177-30-54-160-34-181-146-22-18-108-159-193-41-139-68-46-115-118-59-162-151-133-180-63-79-80-176-51-0-140-93-117-143-183-89-23-186-114"
122,72057,100,24748,96805,3,"100-86-75-2-120-44-25-16-171-175-113-31-78-145-179-92-129-57-55-52-119-40-196-81-90-27-164-7-21-165-185-106-178-14-49-102-144-62-9-148-124-94-101-1-152-97-26-180-63-79-133-162-151-51-80-176-137-23-186-89-183-143-117-93-140-68-0-46-118-59-115-139-41-193-159-108-18-22-146-181-34-160-54-30-177-10-190-184-42-43-116-65-131-149-123-127-70-135-154-53"
123,72330,100,25021,97351,3,"57-55-52-148-9-62-144-102-49-14-178-106-185-165-21-7-164-27-90-119-40-81-196-179-145-78-31-113-175-171-16-25-44-120-2-75-101-86-26-100-53-154-135-70-127-123-149-131-65-116-43-42-184-190-10-177-30-54-160-34-181-146-22-18-108-159-193-41-139-115-59-118-46-0-68-140-93-117-143-183-89-186-23-137-176-80-51-151-162-133-79-63-180-94-124-97-1-152-129-92"
124,72801,100,25492,98293,4,"79-180-133-162-151-59-118-115-46-68-139-41-193-159-108-18-22-146-181-34-160-54-30-177-10-190-184-42-43-116-65-131-149-123-127-70-135-154-53-86-101-75-2-120-44-25-16-171-175-113-31-78-145-179-92-129-57-55-52-119-40-196-81-90-27-164-7-21-165-185-106-178-14-49-102-144-62-9-148-124-152-1-97-26-100-94-63-137-23-186-89-183-143-117-93-140-0-51-176-80"
125,72485,100,25176,97661,3,"117-93-140-0-51-176-80-79-63-180-133-151-162-59-118-115-46-68-139-41-193-159-108-18-22-146-181-34-160-54-30-177-10-190-184-42-43-116-65-131-149-123-127-70-135-154-53-86-100-26-97-101-1-75-2-120-44-25-16-171-175-113-31-78-145-179-92-129-57-55-52-119-40-196-81-90-27-164-7-21-165-185-106-178-14-49-102-144-62-9-148-124-152-94-137-23-186-89-183-143"
126,73908,100,25895,99803,3,"187-196-78-31-113-175-171-16-25-44-120-2-75-101-86-26-100-53-154-135-70-127-123-149-131-65-116-43-42-184-10-177-30-54-160-34-181-146-22-18-108-159-193-41-139-115-59-118-46-0-68-140-93-117-143-183-89-186-23-137-176-80-51-151-162-133-79-63-180-94-124-97-1-152-129-92-57-145-179-40-119-185-14-49-102-148-9-62-144-178-106-52-55-165-21-7-164-27-90-81"
127,72330,100,25021,97351,3,"196-81-40-119-90-27-164-7-21-165-185-106-178-14-49-102-144-62-9-148-52-55-57-92-129-152-1-97-124-94-180-63-79-133-162-151-51-80-176-137-23-186-89-183-143-117-93-140-68-0-46-118-59-115-139-41-193-159-108-18-22-146-181-34-160-54-30-177-10-190-184-42-43-116-65-131-149-123-127-70-135-154-53-100-26-86-101-75-2-120-44-25-16-171-175-113-31-78-145-179"
128,72502,100,25164,97666,2,"167-148-9-62-102-144-14-49-178-106-165-21-7-164-27-90-81-196-40-119-185-52-55-57-152-2-129-92-179-145-78-31-113-175-171-16-25-44-120-75-101-86-53-154-135-70-127-123-149-131-65-116-43-42-184-10-177-30-54-160-34-181-146-22-18-108-159-193-41-139-115-59-118-46-0-68-140-93-117-143-183-89-186-23-137-176-80-51-151-162-133-79-63-180-100-26-97-1-94-124"
129,72485,100,25176,97661,1,"117-93-140-0-51-176-80-79-63-180-133-151-162-59-118-115-46-68-139-41-193-159-108-18-22-146-181-34-160-54-30-177-10-190-184-42-43-116-65-131-149-123-127-70-135-154-53-86-100-26-97-101-1-75-2-120-44-25-16-171-175-113-31-78-145-179-92-129-57-55-52-119-40-196-81-90-27-164-7-21-165-185-106-178-14-49-102-144-62-9-148-124-152-94-137-23-186-89-183-143"
130,72502,100,24817,97319,2,"199-139-115-46-0-68-140-93-117-143-183-89-186-23-137-176-80-79-94-63-100-26-97-1-152-124-148-9-62-144-102-49-14-178-106-185-165-21-7-164-27-90-81-196-40-119-52-55-57-129-92-179-145-78-31-113-175-171-16-25-44-120-2-75-101-86-53-180-154-135-70-127-123-162-133-151-51-118-59-149-131-65-116-43-42-184-10-177-30-54-160-34-146-181-193-41-159-22-18-108"
131,71462,100,24153,95615,2,"22-18-108-140-93-68-139-115-46-0-117-143-183-89-186-23-137-176-80-79-94-63-100-26-97-1-152-124-148-9-62-144-102-49-14-178-106-185-165-21-7-164-27-90-81-196-40-119-52-55-57-129-92-179-145-78-31-113-175-171-16-25-44-120-2-75-101-86-53-180-154-135-70-127-123-162-133-151-51-118-59-149-131-65-116-43-42-184-190-10-177-30-54-160-34-146-181-41-193-159"
132,71623,100,24314,95937,1,"160-54-30-177-10-190-184-42-43-116-65-131-149-59-118-51-151-133-162-123-127-70-135-154-180-53-86-101-75-2-120-44-25-16-171-175-113-31-78-145-179-92-129-57-55-52-119-40-196-81-90-27-164-7-21-165-185-106-178-14-49-102-144-62-9-148-124-152-1-97-26-100-63-94-79-80-176-137-23-186-89-183-143-117-93-140-68-0-46-115-139-41-193-159-108-18-22-146-181-34"
133,72143,100,24834,96977,2,"27-164-7-21-165-14-144-62-9-148-102-49-178-106-52-55-57-92-129-152-1-97-124-94-180-63-79-133-162-151-51-80-176-137-23-186-89-183-143-117-93-140-68-0-46-118-59-115-139-41-193-159-108-18-22-146-181-34-160-54-30-177-10-190-184-42-43-116-65-131-149-123-127-70-135-154-53-100-26-86-101-75-2-120-44-25-16-171-175-113-31-78-145-179-185-119-40-196-81-90"
134,72299,100,24990,97289,2,"154-100-26-97-1-75-2-120-44-25-16-171-175-113-31-78-145-179-92-129-57-55-52-119-40-196-81-90-27-164-7-21-165-185-106-178-14-49-102-144-62-9-148-124-152-101-86-53-180-63-94-80-79-133-162-151-51-176-137-23-186-89-183-143-117-93-140-68-0-46-118-59-115-139-41-193-159-108-18-22-146-181-34-160-54-30-177-10-190-184-42-43-116-65-131-149-123-127-70-135"
135,73241,100,26055,99296,1,"35-4-112-127-70-135-154-100-26-97-1-75-2-120-44-25-16-171-175-113-31-78-145-179-92-129-57-55-52-119-40-196-81-90-27-164-7-21-165-185-106-178-14-49-102-144-62-9-148-124-152-101-86-53-180-63-94-137-89-183-143-117-93-140-0-176-80-79-133-151-51-118-59-162-123-149-131-65-116-43-42-115-46-68-139-41-193-159-108-18-22-146-181-160-34-30-54-177-10-184"
136,72887,100,24667,97554,2,"87-94-124-148-9-62-144-102-49-14-178-106-185-165-21-7-164-27-90-81-196-40-119-52-55-57-129-92-179-145-78-31-113-175-171-16-25-44-120-2-75-101-86-53-154-135-70-127-123-149-131-65-116-43-42-184-10-177-30-54-160-34-181-146-22-18-108-159-193-41-139-115-59-118-46-0-68-140-93-117-143-183-89-186-23-137-176-80-51-151-162-133-79-63-180-100-26-97-1-152"
137,71743,100,24434,96177,2,"152-94-124-148-9-62-144-102-49-14-178-106-185-165-21-7-164-27-90-81-196-40-119-52-55-57-129-92-179-145-78-31-113-175-171-16-25-44-120-2-75-101-86-53-154-135-70-127-123-149-131-65-116-43-42-184-190-10-177-30-54-160-34-181-146-22-18-108-159-193-41-139-115-59-118-46-0-68-140-93-117-143-183-89-186-23-137-176-80-51-151-162-133-79-63-180-100-26-97-1"
138,71991,100,24682,96673,2,"55-57-92-129-152-1-97-124-94-180-63-79-133-162-151-51-80-176-137-23-186-89-183-143-117-93-140-68-0-46-118-59-115-139-41-193-159-108-18-22-146-181-34-160-54-30-177-10-190-184-42-43-116-65-131-149-123-127-70-135-154-53-100-26-86-101-75-2-120-44-25-16-171-175-113-31-78-145-179-196-81-90-27-164-7-21-165-119-40-185-106-178-14-49-102-144-62-9-148-52"
139,72320,100,24369,96689,2,"191-193-41-159-108-18-22-146-181-34-160-54-30-177-10-184-42-43-116-65-131-149-59-118-51-151-133-162-123-127-70-135-154-180-53-86-101-75-2-120-44-25-16-171-175-113-31-78-145-179-92-129-57-55-52-119-40-196-81-90-27-164-7-21-165-185-106-178-14-49-102-144-62-9-148-124-152-1-97-26-100-63-94-79-80-176-137-23-186-89-183-143-117-93-140-68-0-46-115-139"
140,72808,100,25324,98132,2,"157-196-81-90-27-164-7-21-40-119-165-185-106-178-14-49-102-144-62-9-148-52-55-57-92-179-145-129-152-1-97-124-94-180-63-79-133-162-151-51-80-176-137-23-186-89-183-143-117-93-140-68-0-46-118-59-115-139-41-193-159-108-18-22-146-181-34-160-54-30-177-10-184-42-43-116-65-131-149-123-127-70-135-154-53-100-26-86-101-75-2-120-44-25-78-16-171-175-113-31"
141,72502,100,25164,97666,1,"167-148-9-62-102-144-14-49-178-106-165-21-7-164-27-90-81-196-40-119-185-52-55-57-152-2-129-92-179-145-78-31-113-175-171-16-25-44-120-75-101-86-53-154-135-70-127-123-149-131-65-116-43-42-184-10-177-30-54-160-34-181-146-22-18-108-159-193-41-139-115-59-118-46-0-68-140-93-117-143-183-89-186-23-137-176-80-51-151-162-133-79-63-180-100-26-97-1-94-124"
142,72485,100,25176,97661,2,"89-186-23-137-94-152-124-148-9-62-144-102-49-14-178-106-185-165-21-7-164-27-90-81-196-40-119-52-55-57-129-92-179-145-78-31-113-175-171-16-25-44-120-2-75-1-101-97-26-100-86-53-154-135-70-127-123-149-131-65-116-43-42-184-190-10-177-30-54-160-34-181-146-22-18-108-159-193-41-139-68-46-115-118-59-162-151-133-180-63-79-80-176-51-0-140-93-117-143-183"
143,73701,100,25330,99031,2,"188-31-196-81-90-27-164-7-21-40-119-165-185-106-178-14-49-102-144-62-9-148-52-55-57-92-179-145-78-129-152-1-97-124-94-180-63-79-133-162-151-51-80-176-137-23-186-89-183-143-117-93-140-68-0-46-118-59-115-139-41-193-159-108-18-22-146-181-34-160-54-30-177-10-184-42-43-116-65-131-149-123-127-70-135-154-53-100-26-86-101-75-2-120-44-25-16-171-175-113"
144,72503,100,25059,97562,1,"39-21-7-164-27-90-81-196-40-119-185-179-145-78-31-113-175-171-16-25-44-120-2-75-101-86-26-100-53-154-135-70-127-123-149-131-65-116-43-42-184-10-177-30-54-160-34-181-146-22-18-108-159-193-41-139-115-59-118-46-0-68-140-93-117-143-183-89-186-23-137-176-80-51-151-162-133-79-63-180-94-124-97-1-152-129-92-57-55-52-106-178-144-62-9-148-102-49-14-165"
145,72959,100,25208,98167,2,"29-112-4-84-131-149-65-116-43-42-184-10-177-30-54-160-34-181-146-22-18-108-159-41-193-139-115-59-118-46-0-68-140-93-117-143-183-89-137-176-51-151-162-133-79-80-94-63-100-26-97-1-152-124-148-9-62-144-102-49-14-178-106-185-165-21-7-164-27-90-81-196-40-119-52-55-57-129-92-145-78-31-113-175-171-16-25-44-120-2-75-101-86-53-180-154-135-70-127-123"
146,72968,100,25303,98271,2,"153-0-140-93-117-143-183-89-186-23-137-94-152-124-148-9-62-144-102-49-14-178-106-185-165-21-7-164-27-90-81-196-40-119-52-55-57-129-92-179-145-78-31-113-175-171-16-25-44-120-2-75-1-101-97-26-100-86-53-154-135-70-127-123-149-131-65-116-43-42-184-10-177-30-54-160-34-181-146-22-18-108-159-193-41-139-68-46-115-118-59-162-151-133-180-63-79-80-176-51"
147,73384,100,25214,98598,2,"132-14-165-21-7-164-27-90-81-196-40-119-185-179-145-78-31-113-175-171-16-25-44-120-2-75-101-86-26-100-53-154-135-70-127-123-149-131-65-116-43-42-184-10-177-30-54-160-34-181-146-22-18-108-159-193-41-139-115-59-118-46-0-68-140-93-117-143-183-89-186-23-137-176-80-51-151-162-133-79-63-180-94-124-97-1-152-129-92-57-55-52-106-178-49-102-148-9-62-144"
148,71964,100,24290,96254,1,"105-43-42-184-190-10-177-30-54-160-34-181-146-22-18-108-159-193-41-139-115-46-0-68-140-93-117-143-183-89-186-23-137-176-80-79-94-63-100-26-97-1-152-124-148-9-62-144-102-49-14-178-106-185-165-21-7-164-27-90-81-196-40-119-52-55-57-129-92-179-145-78-31-113-175-171-16-25-44-120-2-75-101-86-53-180-154-135-70-127-123-162-133-151-51-118-59-149-65-116"
149,72494,100,25185,97679,1,"164-27-90-14-165-119-40-185-81-196-179-145-78-31-113-175-171-16-25-44-120-2-75-101-86-26-100-53-154-135-70-127-123-149-131-65-116-43-42-184-190-10-177-30-54-160-34-181-146-22-18-108-159-193-41-139-115-59-118-46-0-68-140-93-117-143-183-89-186-23-137-176-80-51-151-162-133-79-63-180-94-124-97-1-152-129-92-57-55-52-106-178-49-102-148-9-62-144-21-7"
150,73368,100,25490,98858,4,"19-94-124-186-23-89-183-143-117-93-140-0-137-176-80-79-63-180-133-151-162-51-59-118-115-46-68-139-41-193-159-108-18-22-146-181-34-160-54-30-177-10-184-42-43-116-65-131-149-123-127-70-135-154-53-100-26-86-75-120-44-25-16-171-175-113-31-78-145-179-92-129-57-55-52-119-40-196-81-90-27-164-7-21-165-185-106-178-14-49-102-144-62-9-148-2-101-1-97-152"
151,72503,100,25059,97562,1,"39-21-7-164-27-90-81-196-40-119-185-179-145-78-31-113-175-171-16-25-44-120-2-75-101-86-26-100-53-154-135-70-127-123-149-131-65-116-43-42-184-10-177-30-54-160-34-181-146-22-18-108-159-193-41-139-115-59-118-46-0-68-140-93-117-143-183-89-186-23-137-176-80-51-151-162-133-79-63-180-94-124-97-1-152-129-92-57-55-52-106-178-144-62-9-148-102-49-14-165"
152,73241,100,26055,99296,2,"35-4-112-127-70-135-154-100-26-97-1-75-2-120-44-25-16-171-175-113-31-78-145-179-92-129-57-55-52-119-40-196-81-90-27-164-7-21-165-185-106-178-14-49-102-144-62-9-148-124-152-101-86-53-180-63-94-137-89-183-143-117-93-140-0-176-80-79-133-151-51-118-59-162-123-149-131-65-116-43-42-115-46-68-139-41-193-159-108-18-22-146-181-160-34-30-54-177-10-184"
153,71623,100,24314,95937,2,"181-146-22-18-108-159-193-41-139-115-46-0-68-140-93-117-143-183-89-186-23-137-176-80-79-94-63-100-26-97-1-152-124-148-9-62-144-102-49-14-178-106-185-165-21-7-164-27-90-81-196-40-119-52-55-57-129-92-179-145-78-31-113-175-171-16-25-44-120-2-75-101-86-53-180-154-135-70-127-123-162-133-151-51-118-59-149-131-65-116-43-42-184-190-10-177-30-54-160-34"
154,72263,100,24954,97217,3,"184-43-65-131-149-123-127-70-135-154-180-53-86-101-75-2-120-44-25-16-171-175-113-31-78-145-179-92-129-57-55-52-119-40-196-81-90-27-164-7-21-165-185-106-178-14-49-102-144-62-9-148-124-152-1-97-26-100-63-94-80-79-133-162-151-51-176-137-23-186-89-183-143-117-93-140-68-0-46-118-59-116-42-115-139-41-193-159-108-18-22-146-181-34-160-54-30-177-10-190"
155,72358,100,25049,97407,2,"40-196-81-90-27-164-7-21-165-14-49-102-148-9-62-144-178-106-52-55-57-92-129-152-1-97-124-94-180-63-79-133-162-151-51-80-176-137-23-186-89-183-143-117-93-140-68-0-46-118-59-115-139-41-193-159-108-18-22-146-181-34-160-54-30-177-10-190-184-42-43-116-65-131-149-123-127-70-135-154-53-100-26-86-101-75-2-120-44-25-16-171-175-113-31-78-145-179-185-119"
156,72441,100,25132,97573,2,"52-55-148-9-62-144-102-49-14-178-106-165-21-7-164-27-90-81-196-40-119-185-179-145-78-31-113-175-171-16-25-44-120-2-75-101-86-26-100-53-154-135-70-127-123-149-131-65-116-43-42-184-190-10-177-30-54-160-34-181-146-22-18-108-159-193-41-139-115-59-118-46-0-68-140-93-117-143-183-89-186-23-137-176-80-51-151-162-133-79-63-180-94-124-97-1-152-129-92-57"
157,73701,100,25330,99031,1,"188-31-196-81-90-27-164-7-21-40-119-165-185-106-178-14-49-102-144-62-9-148-52-55-57-92-179-145-78-129-152-1-97-124-94-180-63-79-133-162-151-51-80-176-137-23-186-89-183-143-117-93-140-68-0-46-118-59-115-139-41-193-159-108-18-22-146-181-34-160-54-30-177-10-184-42-43-116-65-131-149-123-127-70-135-154-53-100-26-86-101-75-2-120-44-25-16-171-175-113"
158,73316,100,25439,98755,2,"156-127-123-162-151-133-135-70-154-180-53-86-101-75-2-120-44-25-16-171-175-113-31-78-145-92-129-57-55-52-119-40-196-81-90-27-164-7-21-165-185-106-178-14-49-102-144-62-9-148-124-152-1-97-26-100-63-94-79-80-176-137-89-183-143-117-93-140-0-46-68-139-193-41-159-108-18-22-146-34-160-181-42-115-118-51-59-116-65-149-131-43-184-54-30-177-10-84-4-112"
159,72765,100,24456,97221,1,"147-177-10-184-43-42-41-193-116-65-131-149-59-118-51-151-133-162-123-127-70-135-154-180-53-86-101-75-2-120-44-25-16-171-175-113-31-78-145-179-92-129-57-55-52-119-40-196-81-90-27-164-7-21-165-185-106-178-14-49-102-144-62-9-148-124-152-1-97-26-100-63-94-79-80-176-137-23-186-89-183-143-117-0-46-115-139-68-93-140-108-18-159-22-146-181-34-160-30-54"
160,71892,100,24583,96475,2,"116-43-42-184-190-10-177-30-54-160-34-181-146-22-18-108-159-193-41-139-115-59-118-46-0-68-140-93-117-143-183-89-186-23-137-176-51-151-162-133-79-80-94-63-100-26-97-1-152-124-148-9-62-144-102-49-14-178-106-185-165-21-7-164-27-90-81-196-40-119-52-55-57-129-92-179-145-78-31-113-175-171-16-25-44-120-2-75-101-86-53-180-154-135-70-127-123-149-131-65"
161,72441,100,25132,97573,1,"52-55-148-9-62-144-102-49-14-178-106-165-21-7-164-27-90-81-196-40-119-185-179-145-78-31-113-175-171-16-25-44-120-2-75-101-86-26-100-53-154-135-70-127-123-149-131-65-116-43-42-184-190-10-177-30-54-160-34-181-146-22-18-108-159-193-41-139-115-59-118-46-0-68-140-93-117-143-183-89-186-23-137-176-80-51-151-162-133-79-63-180-94-124-97-1-152-129-92-57"
162,72966,100,24693,97659,3,"99-180-63-79-133-162-151-51-80-176-137-23-186-89-183-143-117-93-140-68-0-46-118-59-115-139-41-193-159-108-18-22-146-181-34-160-54-30-177-10-184-42-43-116-65-131-149-123-127-70-135-154-53-86-75-2-120-44-25-16-171-175-113-31-78-145-179-92-129-57-55-52-119-40-196-81-90-27-164-7-21-165-185-106-178-14-49-102-144-62-9-148-124-94-100-26-101-1-97-152"
163,72476,100,24730,97206,1,"95-164-27-90-81-196-40-119-185-179-145-78-31-113-175-171-16-25-44-120-2-75-101-86-26-100-53-154-135-70-127-123-149-131-65-116-43-5-42-184-190-10-177-30-54-160-34-181-146-22-18-108-159-193-41-139-115-59-118-46-0-68-140-93-117-143-183-89-186-23-137-176-80-51-151-162-133-79-63-180-94-124-97-1-152-129-92-57-55-52-106-178-144-62-9-148-102-49-14-165"
164,73462,100,25357,98819,2,"98-196-179-78-145-31-113-175-171-16-25-44-120-2-75-101-86-26-100-53-154-135-70-127-123-149-131-65-116-43-42-184-10-177-30-54-160-34-181-146-22-18-108-159-193-41-139-115-59-118-46-0-68-140-93-117-143-183-89-186-23-137-176-80-51-151-162-133-79-63-180-94-124-97-1-152-129-92-57-55-52-106-178-144-62-9-148-102-49-14-165-185-40-119-21-7-164-27-90-81"
165,72539,100,25230,97769,1,"16-25-44-120-2-75-101-86-26-100-53-154-135-70-127-123-149-131-65-116-43-42-184-190-10-177-30-54-160-34-181-146-22-18-108-159-193-41-139-115-59-118-46-0-68-140-93-117-143-183-89-186-23-137-176-80-51-151-162-133-79-63-180-94-124-97-1-152-129-78-145-179-92-57-55-52-148-9-62-144-102-49-14-178-106-185-165-119-40-21-7-164-27-90-81-196-31-113-175-171"
166,72143,100,24834,96977,3,"144-14-165-21-7-164-27-90-81-196-40-119-185-179-145-78-31-113-175-171-16-25-44-120-2-75-101-86-26-100-53-154-135-70-127-123-149-131-65-116-43-42-184-190-10-177-30-54-160-34-181-146-22-18-108-159-193-41-139-115-59-118-46-0-68-140-93-117-143-183-89-186-23-137-176-80-51-151-162-133-79-63-180-94-124-97-1-152-129-92-57-55-52-106-178-49-102-148-9-62"
167,72485,100,25176,97661,2,"143-183-89-186-23-137-94-152-124-148-9-62-144-102-49-14-178-106-185-165-21-7-164-27-90-81-196-40-119-52-55-57-129-92-179-145-78-31-113-175-171-16-25-44-120-2-75-1-101-97-26-100-86-53-154-135-70-127-123-149-131-65-116-43-42-184-190-10-177-30-54-160-34-181-146-22-18-108-159-193-41-139-68-46-115-118-59-162-151-133-180-63-79-80-176-51-0-140-93-117"
168,72143,100,24834,96977,1,"178-49-102-148-9-62-144-14-165-21-7-164-27-90-81-196-40-119-185-179-145-78-31-113-175-171-16-25-44-120-2-75-101-86-26-100-53-154-135-70-127-123-149-131-65-116-43-42-184-190-10-177-30-54-160-34-181-146-22-18-108-159-193-41-139-115-59-118-46-0-68-140-93-117-143-183-89-186-23-137-176-80-51-151-162-133-79-63-180-94-124-97-1-152-129-92-57-55-52-106"
169,73298,100,26157,99455,2,"112-127-70-135-154-100-26-97-1-75-2-120-44-25-16-171-175-113-31-78-145-179-92-129-57-55-52-119-40-196-81-90-27-164-7-21-165-185-106-178-14-49-102-144-62-9-148-124-152-101-86-53-180-63-94-137-89-183-143-117-93-140-0-51-176-80-79-133-151-162-59-118-115-46-68-139-41-193-159-108-18-22-146-181-34-160-54-30-177-10-184-42-43-116-65-131-149-123-84-4"
170,72485,100,25176,97661,1,"23-137-94-152-124-148-9-62-144-102-49-14-178-106-185-165-21-7-164-27-90-81-196-40-119-52-55-57-129-92-179-145-78-31-113-175-171-16-25-44-120-2-75-1-101-97-26-100-86-53-154-135-70-127-123-149-131-65-116-43-42-184-190-10-177-30-54-160-34-181-146-22-18-108-159-193-41-139-68-46-115-118-59-162-151-133-180-63-79-80-176-51-0-140-93-117-143-183-89-186"
171,71961,100,24652,96613,2,"97-26-100-180-63-79-133-162-151-51-80-176-137-23-186-89-183-143-117-93-140-68-0-46-118-59-115-139-41-193-159-108-18-22-146-181-34-160-54-30-177-10-190-184-42-43-116-65-131-149-123-127-70-135-154-53-86-75-2-120-44-25-16-171-175-113-31-78-145-179-92-129-57-55-52-119-40-196-81-90-27-164-7-21-165-185-106-178-14-49-102-144-62-9-148-124-94-101-1-152"
172,72358,100,25049,97407,1,"165-21-7-164-27-90-81-196-40-119-185-179-145-78-31-113-175-171-16-25-44-120-2-75-101-86-26-100-53-154-135-70-127-123-149-131-65-116-43-42-184-190-10-177-30-54-160-34-181-146-22-18-108-159-193-41-139-115-59-118-46-0-68-140-93-117-143-183-89-186-23-137-176-80-51-151-162-133-79-63-180-94-124-97-1-152-129-92-57-55-52-106-178-144-62-9-148-102-49-14"
173,72189,100,24880,97069,3,"51-133-151-162-59-115-139-41-193-159-108-18-22-146-181-34-160-54-30-177-10-190-184-42-43-116-65-131-149-123-127-70-135-154-180-53-86-101-75-2-120-44-25-16-171-175-113-31-78-145-179-92-129-57-55-52-119-40-196-81-90-27-164-7-21-165-185-106-178-14-49-102-144-62-9-148-124-152-1-97-26-100-63-94-79-80-176-137-23-186-89-183-143-117-93-140-68-0-46-118"
174,72685,100,25081,97766,2,"189-152-97-1-101-2-124-148-9-62-144-102-49-14-178-106-185-165-21-7-164-27-90-81-196-40-119-52-55-57-129-92-179-145-78-31-113-175-171-16-25-44-120-75-86-26-100-53-154-135-70-127-123-149-131-65-116-43-42-184-10-177-30-54-160-34-181-146-22-18-108-159-193-41-139-115-59-118-46-0-68-140-93-117-143-183-89-186-23-137-176-80-51-151-162-133-79-180-63-94"
175,73783,100,25538,99321,1,"45-162-123-127-70-135-154-180-53-86-101-75-2-120-44-25-16-171-175-113-31-78-145-179-92-129-57-55-52-119-40-196-81-90-27-164-7-21-165-185-106-178-14-49-102-144-62-9-148-152-1-97-26-100-63-94-124-186-23-89-183-143-117-93-140-0-137-176-80-79-133-151-51-149-131-65-116-43-42-184-10-177-30-54-160-34-181-146-22-18-108-159-41-193-139-68-46-115-118-59"
176,73552,100,25308,98860,2,"88-25-44-120-2-75-101-86-26-100-53-154-135-70-127-123-149-131-65-116-43-42-184-10-177-30-54-160-34-181-146-22-18-108-159-193-41-139-115-59-118-46-0-68-140-93-117-143-183-89-186-23-137-176-80-51-151-162-133-79-63-180-94-124-97-1-152-129-78-145-179-92-57-55-52-148-9-62-144-102-49-14-178-106-185-165-119-40-21-7-164-27-90-81-196-31-113-175-171-16"
177,72255,100,24946,97201,1,"30-34-160-181-146-22-18-108-159-193-41-139-115-42-43-116-59-118-46-0-68-140-93-117-143-183-89-186-23-137-176-51-151-162-133-79-80-94-63-100-26-97-1-152-124-148-9-62-144-102-49-14-178-106-185-165-21-7-164-27-90-81-196-40-119-52-55-57-129-92-179-145-78-31-113-175-171-16-25-44-120-2-75-101-86-53-180-154-135-70-127-123-149-131-65-184-190-10-177-54"
178,73962,100,26244,100206,2,"194-162-133-151-51-118-59-65-116-43-115-46-68-139-41-193-42-181-159-108-18-22-146-34-160-54-30-177-10-184-131-149-123-127-70-135-154-53-86-101-75-2-120-44-25-16-171-175-113-31-78-145-179-92-129-57-55-52-119-40-196-81-90-27-164-7-21-165-185-106-178-14-49-102-144-62-9-148-124-152-1-97-26-100-63-94-137-23-186-89-183-143-117-93-140-0-176-80-79-180"
179,73041,100,25480,98521,2,"122-137-23-186-89-183-143-117-93-140-0-51-176-80-79-63-94-100-26-97-1-152-124-148-9-62-144-102-49-14-178-106-185-165-21-7-164-27-90-81-196-40-119-52-55-57-129-92-179-145-78-31-113-175-171-16-25-44-120-2-75-101-86-53-154-135-70-127-123-149-131-65-116-43-42-184-10-177-30-54-160-34-181-146-22-18-108-159-193-41-139-68-46-115-118-59-162-151-133-180"
180,73281,100,25972,99253,1,"102-124-94-152-97-1-101-2-120-129-92-57-179-145-78-31-113-175-171-16-25-44-75-86-26-100-53-154-135-70-127-123-149-131-65-116-43-42-184-190-10-177-30-54-160-34-181-146-22-18-108-159-193-41-139-68-46-115-118-59-162-151-51-176-80-133-180-63-79-137-0-140-93-117-143-183-89-23-186-148-9-62-144-14-165-21-7-164-27-90-81-196-40-119-185-55-52-106-178-49"
181,73131,100,25149,98280,2,"66-51-133-151-162-59-118-115-46-68-139-41-193-159-108-18-22-146-181-34-160-54-30-177-10-184-42-43-116-65-131-149-123-127-70-135-180-154-53-86-101-75-2-120-44-25-16-171-175-113-31-78-145-179-92-129-57-55-52-119-40-196-81-90-27-164-7-21-165-185-106-178-14-49-102-144-62-9-148-124-152-1-97-26-100-63-94-79-80-176-137-23-186-89-183-143-117-93-140-0"
182,72320,100,24519,96839,2,"163-139-115-46-0-68-140-93-117-143-183-89-186-23-137-176-80-79-94-63-100-26-97-1-152-124-148-9-62-144-102-49-14-178-106-185-165-21-7-164-27-90-81-196-40-119-52-55-57-129-92-179-145-78-31-113-175-171-16-25-44-120-2-75-101-86-53-180-154-135-70-127-123-162-133-151-51-118-59-149-131-65-116-43-42-184-10-177-30-54-160-34-146-181-41-193-159-22-18-108"
183,73249,100,25026,98275,1,"141-51-133-151-162-59-118-115-46-68-139-41-193-159-108-18-22-146-181-34-160-54-30-177-10-184-42-43-116-65-131-149-123-127-70-135-180-154-53-86-101-75-2-120-44-25-16-171-175-113-31-78-145-179-92-129-57-55-52-119-40-196-81-90-27-164-7-21-165-185-106-178-14-49-102-144-62-9-148-124-152-1-97-26-100-63-94-79-80-176-137-23-186-89-183-143-117-93-140-0"
184,72302,100,24993,97295,2,"124-152-97-1-101-2-148-9-62-144-102-49-14-178-106-185-165-21-7-164-27-90-81-196-40-119-52-55-57-129-92-179-145-78-31-113-175-171-16-25-44-120-75-86-26-100-53-154-135-70-127-123-149-131-65-116-43-42-184-190-10-177-30-54-160-34-181-146-22-18-108-159-193-41-139-115-59-118-46-0-68-140-93-117-143-183-89-186-23-137-176-80-51-151-162-133-79-180-63-94"
185,72485,100,25176,97661,2,"183-143-117-93-140-0-51-176-80-79-63-180-133-151-162-59-118-115-46-68-139-41-193-159-108-18-22-146-181-34-160-54-30-177-10-190-184-42-43-116-65-131-149-123-127-70-135-154-53-86-100-26-97-101-1-75-2-120-44-25-16-171-175-113-31-78-145-179-92-129-57-55-52-119-40-196-81-90-27-164-7-21-165-185-106-178-14-49-102-144-62-9-148-124-152-94-137-23-186-89"
186,73281,100,25972,99253,2,"102-124-94-152-97-1-101-2-120-129-92-57-179-145-78-31-113-175-171-16-25-44-75-86-26-100-53-154-135-70-127-123-149-131-65-116-43-42-184-190-10-177-30-54-160-34-181-146-22-18-108-159-193-41-139-68-46-115-118-59-162-151-51-176-80-133-180-63-79-137-0-140-93-117-143-183-89-23-186-148-9-62-144-14-165-21-7-164-27-90-81-196-40-119-185-55-52-106-178-49"
187,72358,100,25049,97407,2,"165-21-7-164-27-90-81-196-40-119-185-179-145-78-31-113-175-171-16-25-44-120-2-75-101-86-26-100-53-154-135-70-127-123-149-131-65-116-43-42-184-190-10-177-30-54-160-34-181-146-22-18-108-159-193-41-139-115-59-118-46-0-68-140-93-117-143-183-89-186-23-137-176-80-51-151-162-133-79-63-180-94-124-97-1-152-129-92-57-55-52-106-178-144-62-9-148-102-49-14"
188,71623,100,24314,95937,1,"43-116-65-131-149-59-118-51-151-133-162-123-127-70-135-154-180-53-86-101-75-2-120-44-25-16-171-175-113-31-78-145-179-92-129-57-55-52-119-40-196-81-90-27-164-7-21-165-185-106-178-14-49-102-144-62-9-148-124-152-1-97-26-100-63-94-79-80-176-137-23-186-89-183-143-117-93-140-68-0-46-115-139-41-193-159-108-18-22-146-181-34-160-54-30-177-10-190-184-42"
189,71991,100,24682,96673,2,"55-57-92-129-152-1-97-124-94-180-63-79-133-162-151-51-80-176-137-23-186-89-183-143-117-93-140-68-0-46-118-59-115-139-41-193-159-108-18-22-146-181-34-160-54-30-177-10-190-184-42-43-116-65-131-149-123-127-70-135-154-53-100-26-86-101-75-2-120-44-25-16-171-175-113-31-78-145-179-196-81-90-27-164-7-21-165-119-40-185-106-178-14-49-102-144-62-9-148-52"
190,72189,100,24880,97069,2,"51-133-151-162-59-115-139-41-193-159-108-18-22-146-181-34-160-54-30-177-10-190-184-42-43-116-65-131-149-123-127-70-135-154-180-53-86-101-75-2-120-44-25-16-171-175-113-31-78-145-179-92-129-57-55-52-119-40-196-81-90-27-164-7-21-165-185-106-178-14-49-102-144-62-9-148-124-152-1-97-26-100-63-94-79-80-176-137-23-186-89-183-143-117-93-140-68-0-46-118"
191,72001,100,24252,96253,1,"20-22-159-41-193-181-146-34-160-54-30-177-10-184-42-43-116-65-131-149-59-118-51-151-133-162-123-127-70-135-154-180-53-86-101-75-2-120-44-25-16-171-175-113-31-78-145-179-92-129-57-55-52-119-40-196-81-90-27-164-7-21-165-185-106-178-14-49-102-144-62-9-148-124-152-1-97-26-100-63-94-79-80-176-137-23-186-89-183-143-117-0-46-115-139-68-93-140-108-18"
192,72618,100,25194,97812,2,"56-31-196-81-90-27-164-7-21-40-119-165-185-106-178-14-49-102-144-62-9-148-52-55-57-92-179-145-78-129-152-1-97-124-94-180-63-79-133-162-151-51-80-176-137-23-186-89-183-143-117-93-140-68-0-46-118-59-115-139-41-193-159-108-18-22-146-181-34-160-54-30-177-10-184-42-43-116-65-131-149-123-127-70-135-154-53-100-26-86-101-75-2-120-44-25-16-171-175-113"
193,72539,100,25230,97769,2,"31-196-81-90-27-164-7-21-40-119-165-185-106-178-14-49-102-144-62-9-148-52-55-57-92-179-145-78-129-152-1-97-124-94-180-63-79-133-162-151-51-80-176-137-23-186-89-183-143-117-93-140-68-0-46-118-59-115-139-41-193-159-108-18-22-146-181-34-160-54-30-177-10-190-184-42-43-116-65-131-149-123-127-70-135-154-53-100-26-86-101-75-2-120-44-25-16-171-175-113"
194,71907,100,24032,95939,1,"36-108-18-193-41-159-22-146-181-34-160-54-30-177-10-184-42-43-116-65-131-149-59-118-51-151-133-162-123-127-70-135-154-180-53-86-101-75-2-120-44-25-16-171-175-113-31-78-145-179-92-129-57-55-52-119-40-196-81-90-27-164-7-21-165-185-106-178-14-49-102-144-62-9-148-124-152-1-97-26-100-63-94-79-80-176-137-23-186-89-183-143-117-0-46-115-139-68-93-140"
195,72986,100,24953,97939,2,"104-54-30-160-34-181-146-22-18-108-159-193-41-139-115-42-43-116-59-118-46-0-68-140-93-117-143-183-89-186-23-137-176-51-151-162-133-79-80-94-63-100-26-97-1-152-124-148-9-62-144-102-49-14-178-106-185-165-21-7-164-27-90-81-196-40-119-52-55-57-129-92-179-145-78-31-113-175-171-16-25-44-120-2-75-101-86-53-180-154-135-70-127-123-149-131-65-184-10-177"
196,72330,100,25021,97351,1,"57-55-52-148-9-62-144-102-49-14-178-106-185-165-21-7-164-27-90-119-40-81-196-179-145-78-31-113-175-171-16-25-44-120-2-75-101-86-26-100-53-154-135-70-127-123-149-131-65-116-43-42-184-190-10-177-30-54-160-34-181-146-22-18-108-159-193-41-139-115-59-118-46-0-68-140-93-117-143-183-89-186-23-137-176-80-51-151-162-133-79-63-180-94-124-97-1-152-129-92"
197,72143,100,24834,96977,2,"49-102-148-9-62-144-14-165-21-7-164-27-90-81-196-40-119-185-179-145-78-31-113-175-171-16-25-44-120-2-75-101-86-26-100-53-154-135-70-127-123-149-131-65-116-43-42-184-190-10-177-30-54-160-34-181-146-22-18-108-159-193-41-139-115-59-118-46-0-68-140-93-117-143-183-89-186-23-137-176-80-51-151-162-133-79-63-180-94-124-97-1-152-129-92-57-55-52-106-178"
198,72932,100,25623,98555,1,"148-186-23-89-183-143-117-93-140-0-137-63-79-80-176-51-133-151-162-59-118-115-46-68-139-41-193-159-108-18-22-146-181-34-160-54-30-177-10-190-184-42-43-116-65-131-149-123-127-70-135-154-180-53-100-26-86-75-44-25-16-171-175-113-31-78-145-179-57-92-129-120-2-101-1-97-152-94-124-102-49-178-106-52-55-185-119-40-196-81-90-27-164-7-21-165-14-144-62-9"
199,73227,100,25250,98477,2,"38-196-81-40-119-90-27-164-7-21-165-185-106-178-14-49-102-144-62-9-148-52-55-57-92-179-145-78-129-152-1-97-124-94-180-63-79-133-162-151-51-80-176-137-23-186-89-183-143-117-93-140-68-0-46-118-59-115-139-41-193-159-108-18-22-146-181-34-160-54-30-177-10-184-42-43-116-65-131-149-123-127-70-135-154-53-100-26-86-101-75-2-120-44-25-16-171-175-113-31"
200,73249,100,25026,98275,2,"141-51-133-151-162-59-118-115-46-68-139-41-193-159-108-18-22-146-181-34-160-54-30-177-10-184-42-43-116-65-131-149-123-127-70-135-180-154-53-86-101-75-2-120-44-25-16-171-175-113-31-78-145-179-92-129-57-55-52-119-40-196-81-90-27-164-7-21-165-185-106-178-14-49-102-144-62-9-148-124-152-1-97-26-100-63-94-79-80-176-137-23-186-89-183-143-117-93-140-0"
