SolutionID,TotalCost,NumNodes,TotalDistance,ObjectiveFunction,TotalRunningTime,Cycle
1,117896,100,21583,139479,32,"177-30-48-160-34-103-146-22-20-134-18-69-163-36-140-93-117-0-153-183-89-23-83-64-15-61-9-33-128-172-57-55-3-32-14-144-132-21-7-164-71-27-90-39-165-8-185-174-81-98-17-157-188-56-175-16-78-25-44-120-2-87-152-1-150-86-100-121-182-158-180-173-6-135-194-127-29-112-24-162-72-133-79-80-176-66-141-60-46-115-191-142-193-5-197-116-77-166-11-184"
2,119360,100,22659,142019,12,"20-22-146-103-34-160-48-147-177-10-190-84-112-156-24-162-127-70-6-173-158-182-121-100-86-150-1-125-2-129-82-120-44-25-78-16-171-113-50-188-157-17-196-169-174-40-165-39-107-71-95-7-21-132-144-14-49-3-55-57-172-128-111-33-61-15-64-83-89-183-153-0-137-12-124-94-122-80-176-66-141-60-46-198-115-59-65-77-43-5-41-159-142-110-68-93-36-67-108-18"
3,117234,100,22326,139560,9,"127-70-6-154-158-53-182-121-100-86-75-1-87-172-129-82-120-44-25-78-16-175-56-188-157-17-98-187-174-169-91-52-3-185-8-165-39-27-71-164-7-21-14-49-144-132-73-64-83-15-9-33-128-111-124-12-122-133-80-176-66-141-60-118-59-197-115-198-46-0-143-117-93-140-36-67-69-18-134-20-22-195-181-192-160-34-30-104-177-10-4-112-35-184-28-43-47-149-24-123"
4,113153,100,22064,135217,10,"65-149-24-123-127-194-135-6-154-158-53-136-121-19-97-101-75-2-120-82-129-172-57-91-145-78-16-175-56-188-157-17-98-81-174-185-8-165-39-27-71-164-7-21-132-144-102-61-15-114-83-89-76-137-12-94-80-79-133-151-72-118-51-66-141-0-170-117-93-36-68-46-198-139-110-163-67-108-18-20-22-159-195-181-192-34-48-54-104-177-190-4-126-35-166-43-42-96-197-116"
5,114622,100,21577,136199,10,"193-159-195-103-22-20-134-18-69-67-36-93-68-46-198-115-197-59-72-151-133-79-80-176-51-141-137-0-153-183-89-83-64-15-61-33-128-172-57-55-3-32-14-144-132-21-7-164-71-27-90-39-165-8-185-174-81-98-17-157-188-56-175-16-78-25-44-120-2-87-152-1-150-86-100-121-182-158-173-6-70-127-123-24-131-77-166-11-84-4-190-177-104-54-48-160-181-42-96-41"
6,109094,100,22300,131394,11,"137-148-128-172-52-57-92-129-82-120-44-25-78-16-175-56-188-157-17-196-169-174-185-8-165-39-90-27-71-164-7-21-14-102-144-132-73-64-114-83-89-183-153-0-117-93-36-68-46-198-115-59-65-77-43-42-96-41-159-142-110-163-67-108-18-20-22-103-181-192-160-48-147-177-190-4-112-29-24-127-194-135-6-173-180-53-86-101-97-99-94-130-122-79-133-151-80-176-51-141"
7,118456,100,22961,141417,10,"22-20-134-18-69-108-67-140-68-46-60-118-59-72-51-141-137-0-153-183-89-83-64-15-61-33-111-128-172-57-55-3-49-14-144-132-21-7-164-71-107-39-8-40-169-81-98-17-157-188-50-113-175-88-78-25-44-120-82-129-2-75-86-100-121-189-94-12-122-79-133-180-6-70-127-123-24-131-166-11-126-4-190-10-177-147-48-34-192-42-43-116-197-115-96-41-193-159-195-103"
8,116553,100,22237,138790,11,"40-165-39-90-27-71-58-7-21-14-102-144-132-73-64-114-83-89-76-137-176-66-141-60-109-72-59-197-96-115-198-46-0-143-117-93-140-36-67-108-69-18-134-20-22-146-181-192-160-48-30-104-177-10-190-4-126-35-184-166-77-131-24-161-127-70-6-180-133-79-63-94-189-121-100-97-87-111-37-128-172-52-57-92-129-82-120-44-25-78-16-175-56-188-157-17-196-81-174-185"
9,116498,100,21670,138168,9,"152-19-94-130-111-128-172-52-57-92-129-82-120-44-25-78-16-175-56-188-157-17-98-81-174-185-8-165-39-90-27-71-164-7-21-132-155-102-9-15-64-83-23-89-183-153-0-46-60-118-59-72-51-66-176-80-79-133-151-45-161-123-24-149-47-116-197-115-96-41-142-191-36-67-108-134-20-22-146-181-192-160-34-30-104-177-10-4-112-126-29-127-70-6-154-158-136-121-100-97"
10,116498,100,21670,138168,3,"152-19-94-130-111-128-172-52-57-92-129-82-120-44-25-78-16-175-56-188-157-17-98-81-174-185-8-165-39-90-27-71-164-7-21-132-155-102-9-15-64-83-23-89-183-153-0-46-60-118-59-72-51-66-176-80-79-133-151-45-161-123-24-149-47-116-197-115-96-41-142-191-36-67-108-134-20-22-146-181-192-160-34-30-104-177-10-4-112-126-29-127-70-6-154-158-136-121-100-97"
11,115342,100,21375,136717,2,"121-26-97-125-2-129-82-120-44-25-78-16-171-56-188-157-17-98-81-174-185-8-165-39-90-27-71-164-7-21-132-155-102-14-138-3-55-57-172-128-33-9-15-64-83-89-183-153-0-60-141-66-176-12-124-94-122-79-133-151-45-161-123-24-149-116-43-42-96-115-198-46-68-93-36-67-108-69-199-20-22-146-103-34-160-48-30-104-177-10-4-112-126-29-127-70-6-173-180-53"
12,115342,100,21375,136717,3,"121-26-97-125-2-129-82-120-44-25-78-16-171-56-188-157-17-98-81-174-185-8-165-39-90-27-71-164-7-21-132-155-102-14-138-3-55-57-172-128-33-9-15-64-83-89-183-153-0-60-141-66-176-12-124-94-122-79-133-151-45-161-123-24-149-116-43-42-96-115-198-46-68-93-36-67-108-69-199-20-22-146-103-34-160-48-30-104-177-10-4-112-126-29-127-70-6-173-180-53"
13,117138,100,22414,139552,3,"138-132-21-7-95-71-27-90-39-165-8-185-174-81-98-17-157-188-113-171-16-78-25-44-120-82-129-92-57-52-172-128-111-12-94-19-87-1-75-86-100-121-182-53-158-154-6-70-127-162-24-131-166-35-156-4-190-177-104-54-48-34-181-42-96-115-197-59-72-51-66-141-60-46-68-191-142-159-195-146-22-20-134-108-67-36-140-93-117-0-153-183-89-23-186-114-15-61-102-14"
14,118215,100,21710,139925,2,"33-128-111-124-94-189-121-136-180-154-6-135-194-127-24-29-112-84-190-177-104-54-48-160-192-181-103-22-20-134-18-69-67-140-68-110-142-159-41-96-115-197-118-72-151-133-79-80-176-66-141-60-46-0-153-183-89-83-114-64-73-132-21-7-164-71-107-39-165-8-185-174-187-98-196-91-145-168-38-31-113-171-88-25-120-75-86-1-125-2-129-92-57-55-106-32-14-155-102-62"
15,116498,100,21670,138168,3,"152-19-94-130-111-128-172-52-57-92-129-82-120-44-25-78-16-175-56-188-157-17-98-81-174-185-8-165-39-90-27-71-164-7-21-132-155-102-9-15-64-83-23-89-183-153-0-46-60-118-59-72-51-66-176-80-79-133-151-45-161-123-24-149-47-116-197-115-96-41-142-191-36-67-108-134-20-22-146-181-192-160-34-30-104-177-10-4-112-126-29-127-70-6-154-158-136-121-100-97"
16,114719,100,21913,136632,2,"194-133-80-151-162-123-24-149-47-43-166-35-126-4-190-10-177-104-54-48-160-34-103-146-195-159-142-199-69-108-67-36-93-68-46-198-115-96-197-118-72-51-141-137-0-153-183-89-83-64-15-62-33-148-12-111-167-172-57-55-3-32-14-144-132-21-7-164-71-27-90-39-165-8-185-174-81-98-17-157-188-50-113-175-88-78-25-44-120-2-75-101-26-121-182-53-158-154-6-135"
17,117234,100,22326,139560,2,"127-70-6-154-158-53-182-121-100-86-75-1-87-172-129-82-120-44-25-78-16-175-56-188-157-17-98-187-174-169-91-52-3-185-8-165-39-27-71-164-7-21-14-49-144-132-73-64-83-15-9-33-128-111-124-12-122-133-80-176-66-141-60-118-59-197-115-198-46-0-143-117-93-140-36-67-69-18-134-20-22-195-181-192-160-34-30-104-177-10-4-112-35-184-28-43-47-149-24-123"
18,117977,100,21748,139725,3,"58-71-27-90-39-8-119-174-81-98-17-157-38-31-13-171-16-78-25-44-120-82-129-92-57-52-172-167-148-124-94-19-152-2-1-86-158-180-173-6-70-127-161-24-131-77-166-184-35-126-4-190-10-177-104-30-48-160-192-181-146-22-20-134-18-69-108-67-36-140-93-117-143-0-46-198-115-96-197-59-72-109-60-141-66-176-137-76-89-83-114-64-73-132-144-102-14-21-7-164"
19,119016,100,21455,140471,3,"13-31-38-157-17-98-81-174-119-8-39-90-27-71-58-7-21-138-32-106-52-57-172-128-33-9-102-144-132-73-64-114-186-76-137-12-94-122-80-176-66-141-109-72-59-197-116-43-42-96-41-142-191-198-46-0-143-117-93-140-36-67-69-18-134-20-22-146-103-34-160-48-30-104-177-10-190-84-112-29-24-127-194-135-6-173-180-158-182-121-100-101-75-2-120-44-78-88-171-113"
20,112216,100,21090,133306,3,"154-6-70-127-156-112-4-10-177-104-30-48-160-34-103-146-22-20-134-18-69-67-36-140-93-117-143-0-46-198-115-96-42-43-77-149-24-123-162-151-72-59-109-141-66-176-137-76-89-83-114-64-73-132-144-102-9-33-128-172-57-55-178-32-14-21-7-58-95-39-27-90-174-169-196-17-157-188-50-113-171-16-78-25-44-120-82-129-2-125-1-26-121-189-94-122-63-136-53-180"
21,121472,100,21858,143330,3,"63-122-80-151-72-51-66-141-60-118-59-197-96-105-131-24-123-161-194-70-127-29-126-112-4-10-177-104-54-48-160-34-103-146-22-20-18-108-67-163-110-139-198-46-68-36-93-117-0-153-183-76-23-83-114-64-73-132-144-102-9-33-111-172-57-55-3-32-138-21-7-164-71-27-90-39-8-119-174-81-98-17-157-188-50-171-16-78-25-120-2-87-152-97-150-86-100-121-53-173"
22,109165,100,20624,129789,3,"166-43-65-197-59-72-151-133-161-123-194-70-6-154-158-53-136-121-100-86-101-2-74-19-124-12-148-111-167-172-52-57-92-129-82-120-44-25-78-16-171-175-113-13-31-38-157-17-98-81-174-119-8-39-90-27-71-164-7-21-14-102-144-132-73-64-114-83-23-76-89-183-153-0-117-93-140-36-67-108-69-199-110-193-159-22-146-103-34-160-48-54-104-177-10-190-4-112-35-184"
23,116107,100,21526,137633,4,"150-125-2-120-44-25-78-16-171-56-188-157-17-196-81-174-185-8-165-39-90-27-71-164-7-21-132-144-14-32-3-55-57-172-128-33-61-15-64-83-89-183-153-0-137-141-51-118-72-151-162-161-123-24-149-166-43-116-197-115-198-46-68-93-36-67-108-69-199-20-22-146-103-34-160-48-54-104-177-10-190-84-112-29-127-194-135-6-173-180-53-182-63-122-12-124-189-99-100-101"
24,112842,100,22352,135194,4,"104-54-48-34-192-28-43-42-5-96-41-142-159-195-103-22-199-18-108-67-36-93-68-110-139-198-46-60-118-51-141-137-0-153-183-89-83-64-15-62-33-148-12-111-167-172-57-55-3-32-14-144-132-21-7-58-71-27-90-39-165-8-185-174-81-98-17-157-188-56-175-16-78-25-44-120-2-75-101-26-121-182-53-158-154-6-70-194-79-80-151-162-161-123-156-112-4-190-10-177"
25,114361,100,22040,136401,4,"159-195-146-22-20-18-108-67-36-140-93-117-143-0-46-198-115-197-59-72-109-60-141-66-176-137-76-89-83-114-64-73-132-144-102-14-21-7-164-71-107-39-8-40-169-81-98-17-157-188-56-175-16-78-25-44-120-82-129-92-57-52-172-128-111-12-94-19-87-1-75-86-100-121-182-53-158-154-6-70-127-123-24-149-65-77-166-184-35-112-4-190-177-147-30-34-181-42-96-193"
26,114860,100,21920,136780,3,"108-67-140-68-110-142-159-41-96-115-197-118-72-151-133-79-80-176-66-141-60-46-0-153-183-89-23-83-64-15-62-33-111-172-129-92-57-55-3-32-14-144-132-21-7-164-71-27-90-39-8-119-174-81-98-17-157-188-56-175-16-78-25-44-120-2-75-101-97-100-121-182-158-180-173-6-135-194-127-123-24-149-105-43-166-35-126-4-10-177-104-54-48-160-192-181-103-22-20-18"
27,115506,100,22431,137937,3,"83-114-15-148-12-111-167-128-9-61-102-14-144-73-132-21-7-164-71-27-39-165-8-178-185-40-174-81-98-17-157-188-56-175-16-78-25-44-120-82-129-2-125-97-19-99-182-53-158-180-173-6-135-194-161-123-156-112-84-190-10-177-147-48-34-192-181-146-22-20-134-18-69-67-36-93-68-46-115-191-142-41-5-43-105-197-59-72-151-133-79-80-176-51-141-137-0-153-183-89"
28,118774,100,22625,141399,5,"76-23-186-114-64-73-132-155-102-49-3-138-21-7-164-71-27-39-165-8-185-174-81-98-17-157-188-56-175-16-25-120-2-129-92-179-55-172-128-148-124-130-80-176-66-51-118-72-151-133-79-63-182-99-19-152-1-150-86-158-180-173-6-70-127-24-156-112-84-10-104-54-48-160-192-181-103-22-20-199-69-108-67-36-93-68-191-142-41-96-42-43-77-65-197-115-46-0-153-183"
29,115506,100,22431,137937,2,"83-114-15-148-12-111-167-128-9-61-102-14-144-73-132-21-7-164-71-27-39-165-8-178-185-40-174-81-98-17-157-188-56-175-16-78-25-44-120-82-129-2-125-97-19-99-182-53-158-180-173-6-135-194-161-123-156-112-84-190-10-177-147-48-34-192-181-146-22-20-134-18-69-67-36-93-68-46-115-191-142-41-5-43-105-197-59-72-151-133-79-80-176-51-141-137-0-153-183-89"
30,114748,100,22021,136769,3,"134-20-22-146-103-34-160-48-30-104-177-190-4-112-126-29-127-70-6-173-180-158-86-75-1-87-19-94-12-111-128-172-52-57-92-129-82-120-44-25-78-16-171-56-188-157-196-81-174-185-8-165-39-90-27-71-164-7-21-14-102-144-132-73-64-114-83-23-76-183-153-0-46-60-118-51-66-176-80-79-133-151-45-161-123-24-149-47-116-197-115-96-41-159-142-191-36-163-69-18"
31,114930,100,21650,136580,3,"2-75-86-97-189-94-12-122-63-182-53-158-154-6-70-194-161-123-29-126-112-4-190-10-177-104-30-48-160-192-181-146-22-20-134-18-69-67-36-140-93-117-143-0-46-198-115-96-197-59-72-109-60-141-66-176-137-76-23-186-114-64-73-132-144-102-14-21-7-164-71-27-90-39-8-40-174-81-98-17-157-38-85-113-171-16-78-25-44-120-82-129-92-57-52-178-128-33-111-172"
32,113329,100,21816,135145,3,"136-99-19-124-12-122-79-133-173-154-6-135-194-127-123-24-149-77-166-184-35-112-4-190-177-104-30-48-160-192-181-103-22-20-134-108-67-36-140-93-117-143-0-46-198-115-197-59-72-109-60-141-66-176-137-76-23-186-114-64-73-132-144-102-14-21-7-164-71-27-90-39-165-8-185-174-81-196-157-188-56-171-16-78-25-44-120-82-129-92-57-52-178-128-172-2-75-86-100-53"
33,112231,100,21240,133471,3,"107-71-164-7-21-14-102-144-132-73-64-114-186-76-137-66-176-80-79-133-151-72-59-197-105-43-5-41-115-198-46-0-143-117-93-140-36-67-69-18-134-20-22-146-103-34-160-48-30-104-177-10-190-84-112-29-24-127-194-135-6-154-180-136-121-26-86-150-1-152-87-2-172-111-128-178-52-57-92-129-82-120-44-25-78-88-175-113-50-188-157-17-98-81-174-185-8-165-39-90"
34,112560,100,22381,134941,3,"62-148-15-64-83-89-23-137-176-66-141-60-109-72-59-197-47-77-43-5-193-142-191-115-46-0-143-117-93-140-36-67-108-134-20-22-146-103-34-160-48-54-104-177-190-4-126-24-123-127-70-6-154-158-53-182-133-122-130-124-19-26-152-87-2-172-55-57-92-129-82-120-44-78-16-175-56-188-157-17-98-81-174-185-8-165-39-90-27-71-164-7-21-132-144-14-138-178-49-102"
35,116011,100,21703,137714,3,"34-103-146-22-20-134-18-69-108-67-36-140-93-117-143-153-0-46-198-115-197-59-72-109-60-141-66-176-80-122-94-124-12-137-76-89-83-114-15-61-102-144-132-21-7-164-71-107-39-165-8-138-32-178-52-128-172-57-91-187-196-157-188-56-171-16-78-25-44-120-2-75-101-100-99-182-53-158-154-6-135-194-162-123-127-156-112-4-190-10-177-147-184-28-166-77-43-42-192-160"
36,116498,100,21670,138168,2,"152-19-94-130-111-128-172-52-57-92-129-82-120-44-25-78-16-175-56-188-157-17-98-81-174-185-8-165-39-90-27-71-164-7-21-132-155-102-9-15-64-83-23-89-183-153-0-46-60-118-59-72-51-66-176-80-79-133-151-45-161-123-24-149-47-116-197-115-96-41-142-191-36-67-108-134-20-22-146-181-192-160-34-30-104-177-10-4-112-126-29-127-70-6-154-158-136-121-100-97"
37,115702,100,21089,136791,3,"24-131-77-166-35-126-4-190-177-104-54-48-160-34-103-146-22-20-199-69-108-67-36-140-93-117-143-0-46-198-115-197-59-118-60-141-66-176-80-122-12-111-128-37-137-76-186-114-64-73-132-144-102-14-21-7-58-71-107-39-165-119-185-106-52-57-91-169-174-81-98-17-157-188-113-171-16-78-25-44-120-82-129-2-87-152-97-150-86-100-121-182-53-158-154-6-135-194-127-123"
38,118463,100,22187,140650,3,"35-126-24-161-194-70-6-154-158-53-136-99-26-86-150-2-172-52-57-92-129-82-120-44-16-171-13-31-38-168-145-91-17-98-81-174-119-8-39-90-27-71-164-7-21-14-102-144-132-73-64-114-83-89-76-137-148-111-12-94-122-80-176-66-141-109-118-59-197-116-77-43-5-41-115-198-46-0-153-143-117-93-140-36-67-108-69-199-20-22-146-103-34-160-48-54-10-184-28-166"
39,114589,100,21656,136245,2,"46-0-153-143-117-93-140-36-67-108-134-20-22-103-181-192-160-48-147-177-10-190-4-112-29-24-127-194-135-6-154-173-133-79-63-94-189-121-26-1-125-2-172-111-33-128-178-52-57-92-129-82-120-44-25-78-16-171-56-188-157-196-81-174-185-8-165-39-90-27-71-164-7-21-14-102-144-132-73-64-114-83-89-76-137-66-51-72-59-197-47-77-43-42-96-193-142-110-139-198"
40,109869,100,21752,131621,4,"140-36-67-108-134-20-22-146-181-192-160-48-54-104-177-190-4-112-29-127-70-194-162-151-72-109-141-66-176-80-122-63-182-53-100-86-75-2-87-152-19-94-124-148-167-172-52-57-129-82-120-44-78-16-171-113-188-157-17-196-169-174-185-8-165-39-90-27-71-164-7-21-14-102-144-132-73-64-114-186-23-89-183-153-0-46-198-115-197-65-149-166-43-42-96-41-142-110-68-93"
41,116419,100,21901,138320,2,"87-124-111-33-128-172-55-57-92-129-82-120-44-25-78-16-175-56-188-157-98-187-196-91-185-8-165-39-27-71-164-7-21-14-102-144-132-73-64-114-186-76-137-66-176-80-79-133-151-72-109-60-118-59-197-115-198-110-68-0-117-93-140-36-67-69-18-134-20-22-146-103-34-192-42-77-28-184-48-54-104-177-190-4-112-156-24-123-127-194-135-6-173-180-158-53-136-121-19-152"
42,121508,100,22523,144031,3,"12-111-128-172-55-179-145-78-82-120-44-88-175-113-188-157-17-98-81-174-119-8-39-90-107-71-164-7-21-138-3-49-102-155-73-61-15-114-83-89-76-23-137-176-66-141-60-118-59-197-115-198-46-0-143-117-68-36-67-108-134-20-22-146-181-192-160-34-30-104-177-190-4-112-11-184-28-77-65-149-24-123-161-133-194-135-6-154-158-53-182-121-100-86-75-2-87-74-19-94"
43,118222,100,22696,140918,3,"6-180-133-79-122-94-189-121-100-86-75-2-129-82-120-44-25-78-88-175-113-188-157-17-98-81-169-40-8-39-107-71-164-7-21-132-144-14-49-3-55-57-172-128-111-33-61-15-64-83-89-183-153-0-137-176-66-141-109-72-59-118-60-46-198-115-197-65-149-166-43-42-96-41-159-142-110-68-140-67-108-134-20-22-146-103-34-160-48-30-104-177-190-4-112-126-29-127-194-135"
44,111188,100,21428,132616,3,"60-46-68-0-153-143-117-93-140-36-67-108-69-199-110-193-159-22-146-103-34-160-192-42-43-77-166-28-184-147-177-10-190-4-112-29-24-127-194-135-6-173-180-158-182-121-100-97-101-75-2-120-44-25-78-16-171-56-188-157-17-98-81-174-40-8-39-90-27-71-164-7-21-132-73-64-15-9-102-49-14-32-3-55-57-172-167-111-124-12-137-66-176-80-79-133-151-72-59-118"
45,119905,100,22225,142130,3,"156-24-162-127-70-6-173-180-158-136-121-100-86-75-1-87-172-129-82-120-44-25-78-16-175-56-188-157-17-98-187-174-169-91-52-3-185-8-165-39-90-27-71-164-7-21-14-49-144-132-73-64-83-15-9-33-128-111-124-12-122-80-176-66-141-60-118-59-197-105-43-42-96-115-198-46-0-143-117-93-140-36-67-108-69-199-20-22-103-181-192-160-48-54-104-177-10-190-84-112"
46,116553,100,22237,138790,3,"40-165-39-90-27-71-58-7-21-14-102-144-132-73-64-114-83-89-76-137-176-66-141-60-109-72-59-197-96-115-198-46-0-143-117-93-140-36-67-108-69-18-134-20-22-146-181-192-160-48-30-104-177-10-190-4-126-35-184-166-77-131-24-161-127-70-6-180-133-79-63-94-189-121-100-97-87-111-37-128-172-52-57-92-129-82-120-44-25-78-16-175-56-188-157-17-196-81-174-185"
47,114818,100,21825,136643,2,"95-58-7-21-14-144-132-73-64-114-83-89-76-137-12-124-94-63-79-80-176-66-141-60-109-72-59-197-115-198-46-0-143-117-93-140-36-67-69-18-134-20-22-146-181-192-160-48-30-104-177-10-4-126-35-184-166-77-65-149-24-123-127-194-135-6-154-158-53-136-121-26-86-75-2-129-82-120-44-25-78-16-171-13-188-157-98-187-196-91-57-55-172-111-128-3-185-119-165-39"
48,110179,100,22003,132182,4,"169-196-17-157-188-56-171-16-78-25-44-120-82-129-92-57-172-2-75-101-26-121-182-53-158-154-6-135-194-127-123-24-156-4-190-177-104-54-48-34-192-181-146-22-20-134-18-69-67-140-68-110-142-41-96-42-43-77-65-197-115-198-46-60-118-109-151-133-80-176-66-141-0-153-183-89-23-186-114-15-148-9-61-144-73-132-21-7-95-71-107-39-138-14-49-178-52-185-40-174"
49,117138,100,22414,139552,3,"138-132-21-7-95-71-27-90-39-165-8-185-174-81-98-17-157-188-113-171-16-78-25-44-120-82-129-92-57-52-172-128-111-12-94-19-87-1-75-86-100-121-182-53-158-154-6-70-127-162-24-131-166-35-156-4-190-177-104-54-48-34-181-42-96-115-197-59-72-51-66-141-60-46-68-191-142-159-195-146-22-20-134-108-67-36-140-93-117-0-153-183-89-23-186-114-15-61-102-14"
50,116845,100,21592,138437,4,"111-128-172-57-52-178-32-14-102-144-132-21-7-58-95-39-27-90-40-174-81-98-17-157-188-50-113-171-16-78-82-2-87-152-97-100-99-182-158-180-173-6-135-194-127-24-29-112-84-190-10-177-147-48-160-34-103-146-22-20-199-69-108-67-36-140-93-117-143-153-0-46-198-115-41-5-43-77-47-197-59-72-151-133-79-80-176-51-141-137-23-76-89-83-114-15-9-33-148-12"
51,118222,100,22696,140918,2,"6-180-133-79-122-94-189-121-100-86-75-2-129-82-120-44-25-78-88-175-113-188-157-17-98-81-169-40-8-39-107-71-164-7-21-132-144-14-49-3-55-57-172-128-111-33-61-15-64-83-89-183-153-0-137-176-66-141-109-72-59-118-60-46-198-115-197-65-149-166-43-42-96-41-159-142-110-68-140-67-108-134-20-22-146-103-34-160-48-30-104-177-190-4-112-126-29-127-194-135"
52,116046,100,21977,138023,3,"96-105-197-115-198-68-110-142-159-195-103-22-20-134-18-69-108-67-36-140-93-117-143-0-60-141-66-176-137-76-23-186-114-64-73-132-144-102-49-3-14-21-7-58-71-27-90-39-165-8-185-174-81-196-17-157-188-50-113-171-16-78-25-44-120-82-129-2-75-86-1-152-111-148-130-122-189-121-136-53-158-154-6-135-194-133-161-24-29-112-4-190-10-177-104-30-48-160-192-42"
53,113336,100,21477,134813,3,"99-100-97-87-111-128-172-52-57-92-129-82-120-44-25-78-16-175-113-85-38-157-17-169-187-185-8-165-39-90-27-71-164-7-21-132-155-102-9-15-64-83-23-89-183-153-0-60-141-66-176-80-12-124-94-122-79-133-151-72-59-197-116-77-43-42-96-115-198-46-68-93-36-67-108-69-199-20-22-146-103-34-160-48-30-104-177-10-4-112-126-29-123-127-70-6-154-158-53-182"
54,114860,100,21920,136780,2,"18-20-22-103-181-192-160-48-54-104-177-10-4-126-35-166-43-105-149-24-123-127-194-135-6-173-180-158-182-121-100-97-101-75-2-120-44-25-78-16-175-56-188-157-17-98-81-174-119-8-39-90-27-71-164-7-21-132-144-14-32-3-55-57-92-129-172-111-33-62-15-64-83-23-89-183-153-0-46-60-141-66-176-80-79-133-151-72-118-197-115-96-41-159-142-110-68-140-67-108"
55,119493,100,22104,141597,3,"19-111-128-33-148-12-80-79-133-162-173-154-6-70-127-123-24-149-105-43-166-35-126-4-190-10-177-104-54-48-160-192-181-103-22-20-199-69-108-67-36-140-93-117-143-153-0-46-198-139-110-142-159-41-96-115-60-109-66-137-76-23-186-83-114-15-61-102-144-132-21-7-58-71-107-39-8-52-40-174-169-196-17-157-188-50-113-175-171-16-78-25-44-120-82-129-2-75-86-97"
56,118774,100,22625,141399,4,"76-23-186-114-64-73-132-155-102-49-3-138-21-7-164-71-27-39-165-8-185-174-81-98-17-157-188-56-175-16-25-120-2-129-92-179-55-172-128-148-124-130-80-176-66-51-118-72-151-133-79-63-182-99-19-152-1-150-86-158-180-173-6-70-127-24-156-112-84-10-104-54-48-160-192-181-103-22-20-199-69-108-67-36-93-68-191-142-41-96-42-43-77-65-197-115-46-0-153-183"
57,110670,100,22097,132767,3,"153-0-117-93-140-36-67-108-69-18-134-20-22-146-103-34-160-48-54-104-177-10-190-4-112-126-29-127-70-6-194-123-24-149-65-43-5-193-142-139-68-46-115-197-59-72-45-133-80-130-63-136-121-26-101-75-2-44-82-129-92-179-145-78-16-175-56-188-157-17-169-187-185-8-165-39-90-27-71-58-7-21-14-32-3-52-172-167-37-9-102-144-132-73-64-114-186-23-89-183"
58,109165,100,20624,129789,2,"166-43-65-197-59-72-151-133-161-123-194-70-6-154-158-53-136-121-100-86-101-2-74-19-124-12-148-111-167-172-52-57-92-129-82-120-44-25-78-16-171-175-113-13-31-38-157-17-98-81-174-119-8-39-90-27-71-164-7-21-14-102-144-132-73-64-114-83-23-76-89-183-153-0-117-93-140-36-67-108-69-199-110-193-159-22-146-103-34-160-48-54-104-177-10-190-4-112-35-184"
59,115416,100,21983,137399,5,"183-153-0-117-93-36-68-46-198-115-60-51-59-65-77-43-5-41-159-142-110-163-67-108-18-20-22-146-103-34-160-48-147-177-190-84-112-156-24-123-127-135-6-173-161-45-133-80-122-63-182-53-100-86-75-2-87-152-19-94-124-111-128-172-55-179-92-129-82-120-25-16-175-50-31-38-157-17-98-187-174-169-185-8-165-39-27-71-164-7-21-132-144-102-61-15-114-186-23-89"
60,118093,100,22062,140155,3,"144-132-73-15-114-83-89-183-153-0-137-176-66-141-60-46-198-115-59-65-77-43-42-5-96-41-159-142-110-68-140-67-108-134-20-22-146-103-34-160-48-54-104-177-10-190-4-112-126-24-162-127-70-6-173-180-158-182-121-100-86-150-1-125-2-82-44-16-175-56-188-157-17-196-169-187-90-107-71-58-7-95-39-165-8-185-106-55-57-172-167-111-12-148-33-9-102-49-32-14"
61,114818,100,21825,136643,3,"95-58-7-21-14-144-132-73-64-114-83-89-76-137-12-124-94-63-79-80-176-66-141-60-109-72-59-197-115-198-46-0-143-117-93-140-36-67-69-18-134-20-22-146-181-192-160-48-30-104-177-10-4-126-35-184-166-77-65-149-24-123-127-194-135-6-154-158-53-136-121-26-86-75-2-129-82-120-44-25-78-16-171-13-188-157-98-187-196-91-57-55-172-111-128-3-185-119-165-39"
62,120174,100,22009,142183,2,"176-133-151-72-118-51-141-137-23-83-89-183-153-0-46-115-197-116-77-28-42-5-96-41-142-191-68-93-36-67-108-69-199-20-22-103-181-192-160-48-54-104-10-84-112-29-24-127-194-135-6-154-158-136-121-100-97-125-2-129-82-120-44-25-78-88-175-113-188-157-17-98-187-174-90-27-71-58-7-95-39-165-8-106-32-49-102-144-132-73-64-15-9-37-128-111-124-130-122-80"
63,114622,100,21577,136199,3,"41-96-42-181-160-48-54-104-177-190-4-84-11-166-77-131-24-123-127-70-6-173-158-182-121-100-86-150-1-152-87-2-120-44-25-78-16-175-56-188-157-17-98-81-174-185-8-165-39-90-27-71-164-7-21-132-144-14-32-3-55-57-172-128-33-61-15-64-83-89-183-153-0-137-141-51-176-80-79-133-151-72-59-197-115-198-46-68-93-36-67-69-18-134-20-22-103-195-159-193"
64,113704,100,21860,135564,2,"67-36-140-93-117-143-0-46-198-115-96-42-43-77-149-59-118-109-141-66-176-137-23-76-89-83-114-64-73-132-144-102-14-21-7-164-71-107-39-165-119-174-81-98-17-157-188-56-171-16-78-25-44-120-82-129-92-57-52-178-128-33-111-172-2-75-86-100-121-189-94-12-122-79-133-180-6-135-194-127-156-112-4-190-10-177-104-30-48-160-34-103-146-22-159-142-199-20-18-108"
65,113790,100,21812,135602,3,"133-79-122-94-136-121-100-86-75-1-152-87-2-120-82-129-92-172-128-178-52-179-145-78-16-175-56-188-157-17-98-81-169-40-8-39-107-71-164-7-21-14-102-144-132-73-64-114-186-23-89-183-153-0-117-93-140-36-67-69-18-134-20-22-146-103-34-160-48-54-104-177-190-4-112-126-29-127-70-6-194-161-123-24-149-77-43-42-96-197-115-139-68-46-60-141-66-51-72-151"
66,118093,100,22062,140155,3,"144-132-73-15-114-83-89-183-153-0-137-176-66-141-60-46-198-115-59-65-77-43-42-5-96-41-159-142-110-68-140-67-108-134-20-22-146-103-34-160-48-54-104-177-10-190-4-112-126-24-162-127-70-6-173-180-158-182-121-100-86-150-1-125-2-82-44-16-175-56-188-157-17-196-169-187-90-107-71-58-7-95-39-165-8-185-106-55-57-172-167-111-12-148-33-9-102-49-32-14"
67,118829,100,21725,140554,4,"188-157-17-98-81-174-119-8-39-90-27-71-58-7-21-138-32-106-55-57-129-172-128-33-9-102-144-132-73-64-114-186-76-137-12-94-122-80-176-66-141-109-72-59-197-116-43-42-96-41-142-191-198-46-0-143-117-93-140-36-67-69-18-134-20-22-146-103-34-160-48-30-104-177-10-190-84-112-29-24-127-194-135-6-173-180-158-182-121-100-101-75-2-120-44-25-78-88-175-113"
68,112231,100,21240,133471,3,"107-71-164-7-21-14-102-144-132-73-64-114-186-76-137-66-176-80-79-133-151-72-59-197-105-43-5-41-115-198-46-0-143-117-93-140-36-67-69-18-134-20-22-146-103-34-160-48-30-104-177-10-190-84-112-29-24-127-194-135-6-154-180-136-121-26-86-150-1-152-87-2-172-111-128-178-52-57-92-129-82-120-44-25-78-88-175-113-50-188-157-17-98-81-174-185-8-165-39-90"
69,121472,100,21858,143330,2,"63-122-80-151-72-51-66-141-60-118-59-197-96-105-131-24-123-161-194-70-127-29-126-112-4-10-177-104-54-48-160-34-103-146-22-20-18-108-67-163-110-139-198-46-68-36-93-117-0-153-183-76-23-83-114-64-73-132-144-102-9-33-111-172-57-55-3-32-138-21-7-164-71-27-90-39-8-119-174-81-98-17-157-188-50-171-16-78-25-120-2-87-152-97-150-86-100-121-53-173"
70,115366,100,21910,137276,3,"119-174-90-27-71-164-7-21-14-102-144-132-73-64-114-186-76-137-148-128-111-12-94-122-80-176-66-141-60-109-72-59-197-116-43-42-96-41-142-191-198-46-0-143-117-93-140-36-67-69-18-134-20-22-146-103-34-160-48-30-104-177-10-190-84-112-29-24-127-194-135-6-173-180-158-182-121-100-101-75-2-120-25-16-175-113-13-31-38-157-98-196-91-179-92-57-55-3-8-40"
71,111242,100,21588,132830,3,"178-32-49-102-144-132-73-64-114-186-76-137-148-128-111-12-94-63-79-80-176-66-141-109-118-59-197-65-77-43-42-96-115-198-46-0-143-117-93-140-36-67-108-134-20-22-146-103-34-160-48-30-104-177-190-4-156-24-162-127-70-6-154-158-53-121-26-101-75-2-172-57-92-129-82-120-44-25-78-88-175-113-50-188-157-17-98-187-174-90-27-71-164-7-95-39-165-119-185-106"
72,116107,100,21526,137633,2,"150-125-2-120-44-25-78-16-171-56-188-157-17-196-81-174-185-8-165-39-90-27-71-164-7-21-132-144-14-32-3-55-57-172-128-33-61-15-64-83-89-183-153-0-137-141-51-118-72-151-162-161-123-24-149-166-43-116-197-115-198-46-68-93-36-67-108-69-199-20-22-146-103-34-160-48-54-104-177-10-190-84-112-29-127-194-135-6-173-180-53-182-63-122-12-124-189-99-100-101"
73,119493,100,22104,141597,3,"19-111-128-33-148-12-80-79-133-162-173-154-6-70-127-123-24-149-105-43-166-35-126-4-190-10-177-104-54-48-160-192-181-103-22-20-199-69-108-67-36-140-93-117-143-153-0-46-198-139-110-142-159-41-96-115-60-109-66-137-76-23-186-83-114-15-61-102-144-132-21-7-58-71-107-39-8-52-40-174-169-196-17-157-188-50-113-175-171-16-78-25-44-120-82-129-2-75-86-97"
74,111307,100,22012,133319,2,"118-60-46-68-0-117-93-140-36-67-108-134-20-22-146-195-159-193-5-181-192-160-48-54-104-177-10-190-4-112-29-35-184-166-77-131-24-123-127-70-6-154-158-53-182-99-100-97-125-2-172-55-57-92-129-82-120-44-25-78-16-171-56-188-157-17-98-81-174-40-8-39-107-71-164-7-21-14-178-49-102-144-132-73-114-15-9-148-111-124-12-137-66-176-80-79-133-151-72-59"
75,115033,100,22778,137811,4,"155-102-49-178-138-21-7-164-71-27-90-39-8-119-174-81-98-17-157-38-31-13-113-175-16-78-25-44-120-82-129-92-57-55-172-128-111-12-94-19-87-1-75-86-158-180-173-6-70-127-162-24-126-4-190-10-177-104-54-48-160-34-103-146-22-20-134-108-67-140-68-110-142-159-41-96-5-42-43-77-65-59-115-198-46-60-141-66-176-137-0-153-183-89-83-114-15-61-73-144"
76,116107,100,21526,137633,2,"150-125-2-120-44-25-78-16-171-56-188-157-17-196-81-174-185-8-165-39-90-27-71-164-7-21-132-144-14-32-3-55-57-172-128-33-61-15-64-83-89-183-153-0-137-141-51-118-72-151-162-161-123-24-149-166-43-116-197-115-198-46-68-93-36-67-108-69-199-20-22-146-103-34-160-48-54-104-177-10-190-84-112-29-127-194-135-6-173-180-53-182-63-122-12-124-189-99-100-101"
77,112842,100,22352,135194,3,"104-54-48-34-192-28-43-42-5-96-41-142-159-195-103-22-199-18-108-67-36-93-68-110-139-198-46-60-118-51-141-137-0-153-183-89-83-64-15-62-33-148-12-111-167-172-57-55-3-32-14-144-132-21-7-58-71-27-90-39-165-8-185-174-81-98-17-157-188-56-175-16-78-25-44-120-2-75-101-26-121-182-53-158-154-6-70-194-79-80-151-162-161-123-156-112-4-190-10-177"
78,118025,100,21460,139485,3,"145-88-175-50-188-157-17-98-81-174-185-8-165-39-27-71-164-7-21-132-144-14-32-3-55-57-172-128-33-61-15-64-83-89-183-153-0-60-141-66-176-80-79-133-151-72-59-197-105-43-5-193-142-191-115-46-68-93-36-67-69-18-134-20-22-146-103-34-160-48-30-104-177-10-190-84-112-29-24-127-194-135-6-154-180-136-121-26-86-150-1-152-87-2-129-82-120-44-25-78"
79,116753,100,21645,138398,2,"168-91-17-98-81-174-119-8-39-90-27-71-164-7-21-14-102-144-132-73-64-114-83-89-76-137-176-66-141-60-109-72-59-197-115-198-46-0-143-117-93-140-36-67-69-18-134-20-22-146-181-192-160-48-30-104-177-10-4-126-35-184-166-77-149-24-123-127-194-135-6-154-158-53-182-121-26-101-75-2-87-152-124-12-148-167-172-52-57-92-129-82-120-25-16-171-56-31-38-78"
80,114930,100,21629,136559,2,"170-0-137-66-51-151-72-59-197-115-198-46-68-93-36-67-108-69-199-142-41-96-5-42-43-28-192-181-195-22-103-34-48-54-104-177-190-4-112-156-123-161-194-70-6-154-158-53-136-63-122-94-189-121-100-86-150-1-152-87-2-120-44-25-78-16-175-56-188-157-17-98-81-174-185-8-165-39-27-71-164-7-21-132-144-14-32-3-55-57-172-128-37-61-15-64-83-89-183-143"
81,112231,100,21240,133471,3,"107-71-164-7-21-14-102-144-132-73-64-114-186-76-137-66-176-80-79-133-151-72-59-197-105-43-5-41-115-198-46-0-143-117-93-140-36-67-69-18-134-20-22-146-103-34-160-48-30-104-177-10-190-84-112-29-24-127-194-135-6-154-180-136-121-26-86-150-1-152-87-2-172-111-128-178-52-57-92-129-82-120-44-25-78-88-175-113-50-188-157-17-98-81-174-185-8-165-39-90"
82,109869,100,21752,131621,3,"140-36-67-108-134-20-22-146-181-192-160-48-54-104-177-190-4-112-29-127-70-194-162-151-72-109-141-66-176-80-122-63-182-53-100-86-75-2-87-152-19-94-124-148-167-172-52-57-129-82-120-44-78-16-171-113-188-157-17-196-169-174-185-8-165-39-90-27-71-164-7-21-14-102-144-132-73-64-114-186-23-89-183-153-0-46-198-115-197-65-149-166-43-42-96-41-142-110-68-93"
83,112393,100,20893,133286,3,"173-133-151-45-161-123-29-126-112-4-190-10-177-104-54-48-34-192-181-195-146-22-20-199-69-163-36-140-93-117-143-153-0-46-198-115-96-42-43-77-65-197-59-118-109-141-66-176-137-76-89-83-114-64-73-132-144-14-138-21-7-164-71-27-90-39-165-8-185-174-81-196-157-188-56-171-16-78-25-44-120-82-129-92-57-52-3-128-167-111-124-74-87-2-75-86-26-189-136-180"
84,115456,100,21363,136819,3,"102-61-15-64-114-186-23-89-183-153-0-141-66-51-72-59-118-60-46-198-115-197-116-77-43-42-5-96-41-159-142-110-68-140-67-108-134-20-22-146-103-34-160-48-54-104-177-10-190-4-112-126-24-162-127-70-6-154-158-53-136-121-26-101-125-2-120-44-25-78-16-171-175-113-50-188-157-17-98-81-174-90-107-71-58-7-21-132-144-14-138-8-106-52-91-57-172-167-128-49"
85,112216,100,21090,133306,2,"180-53-136-63-122-94-189-121-26-1-125-2-129-82-120-44-25-78-16-171-113-50-188-157-17-196-169-174-90-27-39-95-58-7-21-14-32-178-55-57-172-128-33-9-102-144-132-73-64-114-83-89-76-137-176-66-141-109-59-72-151-162-123-24-149-77-43-42-96-115-198-46-0-143-117-93-140-36-67-69-18-134-20-22-146-103-34-160-48-30-104-177-10-4-112-156-127-70-6-154"
86,120213,100,22370,142583,3,"115-197-5-192-34-48-147-177-190-4-84-11-166-77-131-24-123-127-70-6-154-158-53-182-121-26-101-75-2-120-25-78-88-175-113-188-157-17-98-187-174-169-91-179-92-57-52-106-185-119-165-39-27-71-164-7-21-14-102-144-132-73-64-114-83-89-76-137-37-128-111-124-12-80-79-133-162-72-118-51-66-141-0-170-117-93-140-36-67-108-18-20-22-103-195-159-142-110-139-198"
87,120174,100,22009,142183,3,"176-133-151-72-118-51-141-137-23-83-89-183-153-0-46-115-197-116-77-28-42-5-96-41-142-191-68-93-36-67-108-69-199-20-22-103-181-192-160-48-54-104-10-84-112-29-24-127-194-135-6-154-158-136-121-100-97-125-2-129-82-120-44-25-78-88-175-113-188-157-17-98-187-174-90-27-71-58-7-95-39-165-8-106-32-49-102-144-132-73-64-15-9-37-128-111-124-130-122-80"
88,116553,100,22237,138790,2,"40-165-39-90-27-71-58-7-21-14-102-144-132-73-64-114-83-89-76-137-176-66-141-60-109-72-59-197-96-115-198-46-0-143-117-93-140-36-67-108-69-18-134-20-22-146-181-192-160-48-30-104-177-10-190-4-126-35-184-166-77-131-24-161-127-70-6-180-133-79-63-94-189-121-100-97-87-111-37-128-172-52-57-92-129-82-120-44-25-78-16-175-56-188-157-17-196-81-174-185"
89,117437,100,21351,138788,3,"21-132-73-64-83-15-62-33-128-111-124-12-122-133-80-176-66-141-60-118-59-197-96-115-198-46-0-153-143-117-93-140-36-67-108-69-199-20-22-103-181-192-160-48-54-104-177-10-190-4-112-35-166-43-105-149-24-123-127-70-6-173-180-158-182-121-26-97-152-87-2-129-92-179-145-78-25-16-175-56-188-157-17-98-187-174-90-27-71-164-7-95-39-165-119-185-52-106-32-14"
90,110956,100,21405,132361,3,"162-161-194-123-29-126-112-4-190-177-104-30-48-160-34-103-146-22-159-193-5-43-166-149-65-197-115-198-46-68-110-199-69-108-67-36-140-93-117-0-153-183-89-76-23-83-114-15-61-102-144-132-21-7-58-95-39-27-90-81-196-157-188-56-171-16-78-25-44-120-82-129-92-57-52-172-128-111-124-94-19-87-1-75-86-100-121-53-158-180-63-79-80-176-66-141-60-109-72-151"
91,114909,100,22456,137365,3,"139-68-140-117-170-0-141-51-118-72-162-133-79-80-176-137-23-76-183-83-64-15-62-33-111-172-57-55-3-32-138-14-144-132-21-7-58-71-27-90-39-165-8-185-174-81-98-17-157-188-56-175-16-78-25-44-120-2-75-101-26-121-182-53-158-154-6-70-194-127-29-24-131-77-166-11-84-4-190-10-177-104-30-48-160-34-103-146-22-20-134-108-67-163-142-193-41-96-197-115"
92,115743,100,22031,137774,2,"191-193-159-195-103-22-20-134-18-69-67-36-140-93-117-143-0-60-118-109-66-176-80-122-94-12-111-128-37-137-23-89-83-114-64-73-132-144-102-14-21-7-164-71-27-39-165-119-185-106-52-57-92-179-91-169-174-187-98-17-157-188-113-175-88-78-25-120-2-125-101-100-121-53-180-173-6-70-127-123-29-112-84-190-177-104-54-48-160-192-42-43-28-166-131-65-197-115-198-139"
93,115495,100,20872,136367,3,"31-157-17-98-81-174-119-8-39-90-27-71-164-7-21-14-102-144-132-73-64-114-83-89-76-137-176-66-141-60-109-72-59-197-115-198-46-0-143-117-93-140-36-67-69-18-134-20-22-146-181-192-160-48-30-104-177-10-190-4-126-35-184-166-77-65-149-24-123-127-194-135-6-154-158-53-182-121-26-101-75-2-87-152-124-12-148-111-167-172-52-57-92-129-82-120-44-25-78-168"
94,122727,100,21708,144435,2,"48-147-177-10-190-4-112-156-123-45-194-70-6-154-158-53-136-63-79-80-12-94-189-121-100-86-150-1-125-2-129-82-120-44-16-171-175-113-13-31-38-168-145-91-17-98-81-174-119-8-39-90-27-71-58-7-21-132-144-14-32-3-55-57-172-128-33-61-15-64-83-23-89-183-153-0-46-60-141-109-72-118-197-115-96-41-142-110-68-140-67-108-134-20-22-146-195-181-192-160"
95,117896,100,21583,139479,3,"177-30-48-160-34-103-146-22-20-134-18-69-163-36-140-93-117-0-153-183-89-23-83-64-15-61-9-33-128-172-57-55-3-32-14-144-132-21-7-164-71-27-90-39-165-8-185-174-81-98-17-157-188-56-175-16-78-25-44-120-2-87-152-1-150-86-100-121-182-158-180-173-6-135-194-127-29-112-24-162-72-133-79-80-176-66-141-60-46-115-191-142-193-5-197-116-77-166-11-184"
96,114783,100,21995,136778,3,"184-11-84-4-112-156-127-123-149-162-151-133-194-135-6-154-158-53-182-99-189-94-130-111-128-172-52-57-92-129-2-87-152-1-26-86-75-120-44-25-78-16-171-56-188-157-17-98-81-174-40-8-39-90-27-71-164-7-21-132-144-102-61-15-64-114-186-23-76-137-176-66-141-60-109-72-59-197-96-115-198-46-0-143-117-93-140-36-67-108-134-20-22-146-181-192-160-48-54-10"
97,121472,100,21858,143330,2,"63-122-80-151-72-51-66-141-60-118-59-197-96-105-131-24-123-161-194-70-127-29-126-112-4-10-177-104-54-48-160-34-103-146-22-20-18-108-67-163-110-139-198-46-68-36-93-117-0-153-183-76-23-83-114-64-73-132-144-102-9-33-111-172-57-55-3-32-138-21-7-164-71-27-90-39-8-119-174-81-98-17-157-188-50-171-16-78-25-120-2-87-152-97-150-86-100-121-53-173"
98,119166,100,22949,142115,3,"98-17-157-188-56-175-16-44-120-82-78-145-179-57-172-2-1-86-121-136-158-180-173-6-70-127-161-24-131-77-166-184-35-126-4-190-10-177-104-30-48-160-192-181-146-22-20-134-18-69-67-36-140-93-117-143-0-46-198-115-197-59-72-109-60-141-66-176-80-133-122-94-12-111-128-148-137-76-89-83-114-64-73-132-144-102-49-178-14-21-7-58-71-27-90-39-8-40-169-81"
99,110805,100,22283,133088,2,"4-190-10-177-147-48-160-34-103-146-22-20-18-108-67-140-68-110-142-159-41-5-115-198-46-0-153-183-89-83-114-64-73-132-144-102-14-21-7-58-71-27-90-39-165-8-185-174-81-98-17-157-188-50-113-175-88-78-25-44-120-82-129-92-57-52-178-128-111-172-2-75-86-100-121-189-94-122-79-180-154-6-70-127-123-162-151-72-51-66-141-60-118-59-65-149-166-184-35-112"
100,114589,100,21656,136245,3,"46-0-153-143-117-93-140-36-67-108-134-20-22-103-181-192-160-48-147-177-10-190-4-112-29-24-127-194-135-6-154-173-133-79-63-94-189-121-26-1-125-2-172-111-33-128-178-52-57-92-129-82-120-44-25-78-16-171-56-188-157-196-81-174-185-8-165-39-90-27-71-164-7-21-14-102-144-132-73-64-114-83-89-76-137-66-51-72-59-197-47-77-43-42-96-193-142-110-139-198"
101,112216,100,21090,133306,3,"154-6-70-127-156-112-4-10-177-104-30-48-160-34-103-146-22-20-134-18-69-67-36-140-93-117-143-0-46-198-115-96-42-43-77-149-24-123-162-151-72-59-109-141-66-176-137-76-89-83-114-64-73-132-144-102-9-33-128-172-57-55-178-32-14-21-7-58-95-39-27-90-174-169-196-17-157-188-50-113-171-16-78-25-44-120-82-129-2-125-1-26-121-189-94-122-63-136-53-180"
102,114930,100,21650,136580,2,"2-75-86-97-189-94-12-122-63-182-53-158-154-6-70-194-161-123-29-126-112-4-190-10-177-104-30-48-160-192-181-146-22-20-134-18-69-67-36-140-93-117-143-0-46-198-115-96-197-59-72-109-60-141-66-176-137-76-23-186-114-64-73-132-144-102-14-21-7-164-71-27-90-39-8-40-174-81-98-17-157-38-85-113-171-16-78-25-44-120-82-129-92-57-52-178-128-33-111-172"
103,117896,100,21583,139479,3,"177-30-48-160-34-103-146-22-20-134-18-69-163-36-140-93-117-0-153-183-89-23-83-64-15-61-9-33-128-172-57-55-3-32-14-144-132-21-7-164-71-27-90-39-165-8-185-174-81-98-17-157-188-56-175-16-78-25-44-120-2-87-152-1-150-86-100-121-182-158-180-173-6-135-194-127-29-112-24-162-72-133-79-80-176-66-141-60-46-115-191-142-193-5-197-116-77-166-11-184"
104,109094,100,22300,131394,2,"137-148-128-172-52-57-92-129-82-120-44-25-78-16-175-56-188-157-17-196-169-174-185-8-165-39-90-27-71-164-7-21-14-102-144-132-73-64-114-83-89-183-153-0-117-93-36-68-46-198-115-59-65-77-43-42-96-41-159-142-110-163-67-108-18-20-22-103-181-192-160-48-147-177-190-4-112-29-24-127-194-135-6-173-180-53-86-101-97-99-94-130-122-79-133-151-80-176-51-141"
105,118038,100,21762,139800,3,"171-16-78-25-44-120-2-75-101-100-121-182-158-180-173-6-135-194-127-24-29-112-84-190-10-177-104-30-48-160-34-103-146-22-20-134-18-69-67-36-93-117-143-0-46-198-191-142-41-96-42-43-116-197-59-72-109-141-66-176-80-122-94-12-137-76-186-114-64-73-132-144-102-9-33-128-172-129-57-55-106-32-138-21-7-58-71-27-90-39-8-119-174-81-98-17-157-188-50-175"
106,114930,100,21629,136559,2,"170-0-137-66-51-151-72-59-197-115-198-46-68-93-36-67-108-69-199-142-41-96-5-42-43-28-192-181-195-22-103-34-48-54-104-177-190-4-112-156-123-161-194-70-6-154-158-53-136-63-122-94-189-121-100-86-150-1-152-87-2-120-44-25-78-16-175-56-188-157-17-98-81-174-185-8-165-39-27-71-164-7-21-132-144-14-32-3-55-57-172-128-37-61-15-64-83-89-183-143"
107,118774,100,22625,141399,3,"76-23-186-114-64-73-132-155-102-49-3-138-21-7-164-71-27-39-165-8-185-174-81-98-17-157-188-56-175-16-25-120-2-129-92-179-55-172-128-148-124-130-80-176-66-51-118-72-151-133-79-63-182-99-19-152-1-150-86-158-180-173-6-70-127-24-156-112-84-10-104-54-48-160-192-181-103-22-20-199-69-108-67-36-93-68-191-142-41-96-42-43-77-65-197-115-46-0-153-183"
108,122727,100,21708,144435,3,"48-147-177-10-190-4-112-156-123-45-194-70-6-154-158-53-136-63-79-80-12-94-189-121-100-86-150-1-125-2-129-82-120-44-16-171-175-113-13-31-38-168-145-91-17-98-81-174-119-8-39-90-27-71-58-7-21-132-144-14-32-3-55-57-172-128-33-61-15-64-83-23-89-183-153-0-46-60-141-109-72-118-197-115-96-41-142-110-68-140-67-108-134-20-22-146-195-181-192-160"
109,116753,100,21645,138398,2,"168-91-17-98-81-174-119-8-39-90-27-71-164-7-21-14-102-144-132-73-64-114-83-89-76-137-176-66-141-60-109-72-59-197-115-198-46-0-143-117-93-140-36-67-69-18-134-20-22-146-181-192-160-48-30-104-177-10-4-126-35-184-166-77-149-24-123-127-194-135-6-154-158-53-182-121-26-101-75-2-87-152-124-12-148-167-172-52-57-92-129-82-120-25-16-171-56-31-38-78"
110,118215,100,21710,139925,3,"33-128-111-124-94-189-121-136-180-154-6-135-194-127-24-29-112-84-190-177-104-54-48-160-192-181-103-22-20-134-18-69-67-140-68-110-142-159-41-96-115-197-118-72-151-133-79-80-176-66-141-60-46-0-153-183-89-83-114-64-73-132-21-7-164-71-107-39-165-8-185-174-187-98-196-91-145-168-38-31-113-171-88-25-120-75-86-1-125-2-129-92-57-55-106-32-14-155-102-62"
111,116553,100,22237,138790,2,"40-165-39-90-27-71-58-7-21-14-102-144-132-73-64-114-83-89-76-137-176-66-141-60-109-72-59-197-96-115-198-46-0-143-117-93-140-36-67-108-69-18-134-20-22-146-181-192-160-48-30-104-177-10-190-4-126-35-184-166-77-131-24-161-127-70-6-180-133-79-63-94-189-121-100-97-87-111-37-128-172-52-57-92-129-82-120-44-25-78-16-175-56-188-157-17-196-81-174-185"
112,115798,100,21197,136995,3,"158-180-173-6-70-127-156-112-4-10-177-104-30-48-160-34-103-146-22-20-134-18-69-67-36-140-93-117-143-0-46-198-115-96-42-43-77-149-24-123-161-45-151-72-59-118-109-141-66-176-137-76-89-83-114-64-73-132-144-102-9-33-111-172-129-92-57-55-3-32-138-21-7-164-71-27-90-39-8-119-174-81-98-17-157-188-56-175-16-78-25-44-120-2-75-101-26-121-182-53"
113,115743,100,22031,137774,3,"191-193-159-195-103-22-20-134-18-69-67-36-140-93-117-143-0-60-118-109-66-176-80-122-94-12-111-128-37-137-23-89-83-114-64-73-132-144-102-14-21-7-164-71-27-39-165-119-185-106-52-57-92-179-91-169-174-187-98-17-157-188-113-175-88-78-25-120-2-125-101-100-121-53-180-173-6-70-127-123-29-112-84-190-177-104-54-48-160-192-42-43-28-166-131-65-197-115-198-139"
114,114860,100,21920,136780,3,"108-67-140-68-110-142-159-41-96-115-197-118-72-151-133-79-80-176-66-141-60-46-0-153-183-89-23-83-64-15-62-33-111-172-129-92-57-55-3-32-14-144-132-21-7-164-71-27-90-39-8-119-174-81-98-17-157-188-56-175-16-78-25-44-120-2-75-101-97-100-121-182-158-180-173-6-135-194-127-123-24-149-105-43-166-35-126-4-10-177-104-54-48-160-192-181-103-22-20-18"
115,116414,100,21774,138188,2,"148-111-124-130-122-189-125-1-150-86-158-154-6-70-194-133-151-162-123-156-112-4-190-10-177-147-48-34-192-181-195-22-20-199-69-163-36-140-93-117-143-0-46-198-115-96-42-43-77-65-197-59-72-109-60-141-66-176-137-76-89-83-114-64-73-132-21-7-164-71-27-90-39-165-119-174-81-98-17-157-188-50-113-171-16-44-120-82-78-145-91-92-57-55-106-32-14-155-102-62"
116,107399,100,22230,129629,3,"181-103-22-20-18-108-67-140-68-110-139-198-115-197-59-118-109-51-176-141-60-46-0-153-183-89-23-186-114-64-73-132-144-102-14-21-7-164-71-27-90-39-165-8-185-174-81-196-157-85-113-171-16-78-25-44-120-75-86-1-152-87-2-129-92-57-52-172-167-111-148-12-94-189-121-136-53-158-154-6-135-194-133-161-24-29-112-4-10-177-104-30-48-160-28-166-131-105-43-42"
117,118093,100,22062,140155,2,"144-132-73-15-114-83-89-183-153-0-137-176-66-141-60-46-198-115-59-65-77-43-42-5-96-41-159-142-110-68-140-67-108-134-20-22-146-103-34-160-48-54-104-177-10-190-4-112-126-24-162-127-70-6-173-180-158-182-121-100-86-150-1-125-2-82-44-16-175-56-188-157-17-196-169-187-90-107-71-58-7-95-39-165-8-185-106-55-57-172-167-111-12-148-33-9-102-49-32-14"
118,115506,100,22431,137937,3,"83-114-15-148-12-111-167-128-9-61-102-14-144-73-132-21-7-164-71-27-39-165-8-178-185-40-174-81-98-17-157-188-56-175-16-78-25-44-120-82-129-2-125-97-19-99-182-53-158-180-173-6-135-194-161-123-156-112-84-190-10-177-147-48-34-192-181-146-22-20-134-18-69-67-36-93-68-46-115-191-142-41-5-43-105-197-59-72-151-133-79-80-176-51-141-137-0-153-183-89"
119,114702,100,21208,135910,3,"11-84-4-156-24-123-127-70-6-154-173-133-79-122-94-189-121-100-86-101-97-74-87-2-129-82-120-44-25-78-16-171-113-50-188-157-17-98-81-174-119-8-39-90-27-71-164-7-21-138-178-49-102-128-111-33-9-61-144-132-73-64-114-83-89-76-137-66-51-72-59-197-65-77-43-5-41-115-198-46-0-143-117-93-140-36-67-108-69-199-20-22-146-103-34-160-48-54-177-184"
120,117188,100,21262,138450,2,"56-31-38-157-17-98-81-174-119-8-39-90-27-71-58-7-21-138-32-106-52-57-172-128-33-9-102-144-132-73-64-114-186-76-137-12-124-94-122-80-176-66-141-109-72-59-197-116-43-42-96-41-142-191-198-46-0-143-117-93-140-36-67-69-18-134-20-22-146-103-34-160-48-30-104-177-10-190-84-112-29-24-127-194-135-6-173-180-158-182-121-100-101-75-2-120-44-16-171-113"
121,118456,100,22961,141417,3,"22-20-134-18-69-108-67-140-68-46-60-118-59-72-51-141-137-0-153-183-89-83-64-15-61-33-111-128-172-57-55-3-49-14-144-132-21-7-164-71-107-39-8-40-169-81-98-17-157-188-50-113-175-88-78-25-44-120-82-129-2-75-86-100-121-189-94-12-122-79-133-180-6-70-127-123-24-131-166-11-126-4-190-10-177-147-48-34-192-42-43-116-197-115-96-41-193-159-195-103"
122,116925,100,21391,138316,3,"53-121-19-26-101-75-2-120-44-25-78-16-175-56-188-157-17-98-81-174-119-8-39-90-27-71-164-7-21-138-32-3-55-57-92-129-172-111-33-9-102-144-132-73-64-114-83-23-76-89-183-153-0-117-93-140-36-67-108-134-20-22-103-181-192-160-48-54-104-177-190-4-112-126-29-123-194-161-45-151-72-59-197-115-5-41-142-139-68-46-60-109-141-66-176-80-79-63-180-158"
123,112976,100,21780,134756,2,"130-111-128-172-57-91-145-78-82-25-16-171-175-113-85-38-157-17-196-81-174-185-8-165-39-107-71-164-7-21-132-144-14-138-178-49-102-61-15-64-114-186-23-89-183-153-0-46-60-118-59-197-105-77-28-42-5-96-115-198-191-36-67-108-134-20-22-146-195-181-34-30-104-177-10-190-4-112-126-29-127-123-162-151-66-176-122-79-133-194-135-6-154-158-53-86-101-97-19-94"
124,116683,100,21229,137912,3,"30-48-160-34-103-146-22-20-134-18-69-108-67-140-68-110-139-198-46-0-153-183-89-23-83-64-15-61-37-128-172-57-55-3-32-14-144-132-21-7-164-71-107-39-165-8-185-174-81-98-17-157-38-85-113-175-16-78-25-44-120-82-129-2-125-1-150-86-100-121-182-158-180-173-6-70-127-123-162-151-72-109-176-141-60-118-59-197-116-77-166-184-35-126-4-190-10-177-104-54"
125,111989,100,20776,132765,3,"101-75-2-87-74-124-111-167-128-3-55-57-92-129-82-120-44-25-78-16-171-113-50-188-157-196-81-174-185-8-165-39-90-27-71-164-7-21-132-144-102-61-15-64-114-186-23-76-137-176-66-141-60-109-72-59-197-105-43-5-41-115-198-46-0-143-117-93-140-36-67-108-69-199-20-22-146-103-34-160-48-147-177-190-84-112-29-123-161-45-151-133-173-154-158-53-182-121-100-97"
126,115456,100,21363,136819,3,"102-61-15-64-114-186-23-89-183-153-0-141-66-51-72-59-118-60-46-198-115-197-116-77-43-42-5-96-41-159-142-110-68-140-67-108-134-20-22-146-103-34-160-48-54-104-177-10-190-4-112-126-24-162-127-70-6-154-158-53-136-121-26-101-125-2-120-44-25-78-16-171-175-113-50-188-157-17-98-81-174-90-107-71-58-7-21-132-144-14-138-8-106-52-91-57-172-167-128-49"
127,114304,100,20924,135228,2,"190-4-112-156-24-161-45-151-133-80-122-63-180-158-53-121-100-97-101-75-2-120-44-25-78-16-171-56-188-157-17-196-187-91-179-92-57-172-111-33-128-52-178-32-138-8-165-39-107-71-164-7-21-132-144-102-61-15-114-83-89-76-137-141-109-118-59-197-116-47-77-43-42-5-96-115-198-46-0-153-143-117-93-140-36-67-108-69-18-134-20-22-146-103-34-160-48-147-177-10"
128,115702,100,21089,136791,3,"24-131-77-166-35-126-4-190-177-104-54-48-160-34-103-146-22-20-199-69-108-67-36-140-93-117-143-0-46-198-115-197-59-118-60-141-66-176-80-122-12-111-128-37-137-76-186-114-64-73-132-144-102-14-21-7-58-71-107-39-165-119-185-106-52-57-91-169-174-81-98-17-157-188-113-171-16-78-25-44-120-82-129-2-87-152-97-150-86-100-121-182-53-158-154-6-135-194-127-123"
129,112991,100,22067,135058,3,"179-57-172-52-106-185-40-169-187-90-27-71-164-7-21-14-102-144-132-73-64-114-186-76-137-148-111-12-94-122-80-176-66-141-60-109-72-59-197-116-77-43-42-96-41-159-142-191-139-198-46-0-143-117-93-140-36-67-69-18-134-20-22-146-103-34-160-48-30-104-177-10-190-84-112-29-24-127-194-135-6-173-180-158-182-121-100-97-101-75-2-120-25-16-175-56-188-157-168-145"
130,108815,100,21367,130182,3,"49-106-185-119-165-39-95-7-164-71-27-90-81-196-17-157-188-50-113-175-171-16-78-145-179-92-129-82-120-2-75-101-26-121-182-53-158-154-6-70-194-127-123-24-131-77-166-184-35-112-4-190-10-177-104-54-48-160-192-181-103-22-20-199-69-108-67-36-140-93-117-143-153-0-46-198-115-96-197-59-118-60-141-66-176-80-133-122-12-124-111-148-9-15-83-64-73-132-21-14"
131,115437,100,21794,137231,2,"131-24-123-127-194-135-6-173-180-158-182-121-100-86-150-1-125-2-129-82-120-44-25-78-16-171-175-113-85-38-157-17-98-81-174-185-8-165-39-107-71-164-7-21-132-144-14-32-3-55-57-172-128-37-61-15-64-83-89-183-153-0-137-141-51-176-80-79-133-151-72-118-197-115-198-46-68-140-163-69-199-20-22-146-103-34-160-48-30-104-177-10-190-4-126-11-166-42-96-65"
132,118075,100,21694,139769,3,"50-188-157-17-98-81-174-119-8-39-90-27-71-58-7-21-138-32-106-55-57-129-172-128-33-9-102-144-132-73-64-114-186-76-137-12-94-122-80-176-66-141-109-72-59-197-116-43-42-96-41-142-191-198-46-0-143-117-93-36-67-69-18-134-20-22-146-103-34-160-48-30-104-177-10-190-84-112-29-24-127-194-135-6-173-180-158-182-121-100-101-75-2-120-44-25-78-16-171-113"
133,114409,100,21906,136315,2,"57-52-91-168-16-175-113-85-157-17-98-81-169-119-8-39-90-27-71-58-7-21-14-102-144-132-73-64-114-186-23-76-137-148-128-111-12-94-63-79-80-176-66-141-60-109-72-59-197-115-198-46-0-143-117-93-140-36-67-69-18-134-20-22-146-181-192-160-48-30-104-177-10-4-126-35-184-166-77-65-149-24-123-127-194-135-6-154-158-53-136-121-26-101-75-2-120-82-129-92"
134,114304,100,20924,135228,3,"10-190-4-112-156-24-161-45-151-133-80-122-63-180-158-53-121-100-97-101-75-2-120-44-25-78-16-171-56-188-157-17-196-187-91-179-92-57-172-111-33-128-52-178-32-138-8-165-39-107-71-164-7-21-132-144-102-61-15-114-83-89-76-137-141-109-118-59-197-116-47-77-43-42-5-96-115-198-46-0-153-143-117-93-140-36-67-108-69-18-134-20-22-146-103-34-160-48-147-177"
135,118215,100,21710,139925,4,"33-128-111-124-94-189-121-136-180-154-6-135-194-127-24-29-112-84-190-177-104-54-48-160-192-181-103-22-20-134-18-69-67-140-68-110-142-159-41-96-115-197-118-72-151-133-79-80-176-66-141-60-46-0-153-183-89-83-114-64-73-132-21-7-164-71-107-39-165-8-185-174-187-98-196-91-145-168-38-31-113-171-88-25-120-75-86-1-125-2-129-92-57-55-106-32-14-155-102-62"
136,116753,100,21645,138398,3,"168-91-17-98-81-174-119-8-39-90-27-71-164-7-21-14-102-144-132-73-64-114-83-89-76-137-176-66-141-60-109-72-59-197-115-198-46-0-143-117-93-140-36-67-69-18-134-20-22-146-181-192-160-48-30-104-177-10-4-126-35-184-166-77-149-24-123-127-194-135-6-154-158-53-182-121-26-101-75-2-87-152-124-12-148-167-172-52-57-92-129-82-120-25-16-171-56-31-38-78"
137,113677,100,22049,135726,3,"97-189-94-12-122-133-182-53-158-154-6-70-127-123-29-112-84-190-10-177-104-30-48-160-34-103-146-22-20-134-18-69-67-36-140-93-117-143-0-46-198-139-191-142-159-41-96-42-43-77-116-197-59-72-109-60-141-66-176-137-76-186-114-64-73-132-144-102-9-37-167-172-55-91-185-119-165-138-21-7-164-71-27-90-174-81-98-17-157-188-56-175-16-78-25-44-120-2-87-1"
138,116046,100,21977,138023,3,"96-105-197-115-198-68-110-142-159-195-103-22-20-134-18-69-108-67-36-140-93-117-143-0-60-141-66-176-137-76-23-186-114-64-73-132-144-102-49-3-14-21-7-58-71-27-90-39-165-8-185-174-81-196-17-157-188-50-113-171-16-78-25-44-120-82-129-2-75-86-1-152-111-148-130-122-189-121-136-53-158-154-6-135-194-133-161-24-29-112-4-190-10-177-104-30-48-160-192-42"
139,115495,100,20872,136367,3,"31-157-17-98-81-174-119-8-39-90-27-71-164-7-21-14-102-144-132-73-64-114-83-89-76-137-176-66-141-60-109-72-59-197-115-198-46-0-143-117-93-140-36-67-69-18-134-20-22-146-181-192-160-48-30-104-177-10-190-4-126-35-184-166-77-65-149-24-123-127-194-135-6-154-158-53-182-121-26-101-75-2-87-152-124-12-148-111-167-172-52-57-92-129-82-120-44-25-78-168"
140,114361,100,22040,136401,2,"159-195-146-22-20-18-108-67-36-140-93-117-143-0-46-198-115-197-59-72-109-60-141-66-176-137-76-89-83-114-64-73-132-144-102-14-21-7-164-71-107-39-8-40-169-81-98-17-157-188-56-175-16-78-25-44-120-82-129-92-57-52-172-128-111-12-94-19-87-1-75-86-100-121-182-53-158-154-6-70-127-123-24-149-65-77-166-184-35-112-4-190-177-147-30-34-181-42-96-193"
141,115157,100,22200,137357,3,"82-129-92-91-145-78-88-175-113-50-188-157-17-98-187-174-119-8-39-90-27-71-164-7-21-132-144-14-32-3-55-172-111-33-62-15-64-83-89-183-153-0-137-141-51-118-72-151-162-123-24-149-166-43-105-197-115-198-46-68-93-36-67-108-69-18-134-20-22-146-103-34-160-48-30-104-177-10-190-84-112-29-127-194-135-6-154-180-53-136-63-122-12-94-189-97-86-75-2-120"
142,114232,100,22187,136419,3,"45-72-109-141-60-46-68-191-193-115-197-5-43-77-149-24-123-194-6-70-127-29-126-112-4-190-10-177-147-184-160-34-103-146-22-20-199-69-108-67-36-140-93-117-0-153-183-89-76-23-83-114-15-61-102-144-132-21-7-58-95-39-27-90-81-196-17-157-188-56-171-16-78-25-44-120-82-129-92-57-52-172-128-111-124-94-19-87-1-75-86-100-121-53-158-180-63-79-176-151"
143,121472,100,21858,143330,3,"63-122-80-151-72-51-66-141-60-118-59-197-96-105-131-24-123-161-194-70-127-29-126-112-4-10-177-104-54-48-160-34-103-146-22-20-18-108-67-163-110-139-198-46-68-36-93-117-0-153-183-76-23-83-114-64-73-132-144-102-9-33-111-172-57-55-3-32-138-21-7-164-71-27-90-39-8-119-174-81-98-17-157-188-50-171-16-78-25-120-2-87-152-97-150-86-100-121-53-173"
144,114860,100,21920,136780,2,"108-67-140-68-110-142-159-41-96-115-197-118-72-151-133-79-80-176-66-141-60-46-0-153-183-89-23-83-64-15-62-33-111-172-129-92-57-55-3-32-14-144-132-21-7-164-71-27-90-39-8-119-174-81-98-17-157-188-56-175-16-78-25-44-120-2-75-101-97-100-121-182-158-180-173-6-135-194-127-123-24-149-105-43-166-35-126-4-10-177-104-54-48-160-192-181-103-22-20-18"
145,109488,100,21206,130694,3,"7-21-14-102-144-132-73-64-114-186-76-137-66-176-80-79-133-151-72-59-197-105-43-5-41-115-198-46-0-143-117-93-140-36-67-69-18-134-20-22-146-103-34-160-48-30-104-177-10-190-84-112-29-24-127-194-135-6-154-180-136-121-26-86-150-1-152-87-2-172-111-128-178-52-57-92-129-82-120-44-25-78-16-171-113-50-188-157-17-98-81-174-185-8-165-39-90-27-71-164"
146,118958,100,21713,140671,3,"189-121-136-53-158-154-6-70-127-162-24-126-4-84-11-184-147-30-34-103-146-22-20-134-18-69-108-67-36-140-93-117-0-68-110-198-115-41-5-43-116-197-59-118-109-141-66-176-137-76-89-186-114-64-15-61-102-144-132-21-7-58-71-27-90-39-165-8-138-32-178-52-57-179-91-169-174-81-98-17-157-188-50-113-171-16-78-25-44-120-82-129-2-150-97-125-111-148-12-94"
147,116498,100,21670,138168,2,"152-19-94-130-111-128-172-52-57-92-129-82-120-44-25-78-16-175-56-188-157-17-98-81-174-185-8-165-39-90-27-71-164-7-21-132-155-102-9-15-64-83-23-89-183-153-0-46-60-118-59-72-51-66-176-80-79-133-151-45-161-123-24-149-47-116-197-115-96-41-142-191-36-67-108-134-20-22-146-181-192-160-34-30-104-177-10-4-112-126-29-127-70-6-154-158-136-121-100-97"
148,111393,100,21333,132726,3,"70-127-123-24-156-112-4-190-10-177-104-30-48-160-34-103-146-22-199-18-108-67-36-191-142-41-96-5-43-77-65-197-115-198-46-0-153-183-89-23-83-64-15-61-33-128-172-57-55-3-32-14-144-132-21-7-164-71-27-90-39-165-8-185-187-169-17-157-38-31-56-171-16-78-25-44-120-82-129-2-75-86-100-53-182-63-122-80-176-66-51-60-118-59-72-151-45-161-194-135"
149,121472,100,21858,143330,2,"63-122-80-151-72-51-66-141-60-118-59-197-96-105-131-24-123-161-194-70-127-29-126-112-4-10-177-104-54-48-160-34-103-146-22-20-18-108-67-163-110-139-198-46-68-36-93-117-0-153-183-76-23-83-114-64-73-132-144-102-9-33-111-172-57-55-3-32-138-21-7-164-71-27-90-39-8-119-174-81-98-17-157-188-50-171-16-78-25-120-2-87-152-97-150-86-100-121-53-173"
150,106218,100,21954,128172,3,"128-172-57-55-106-185-119-165-39-95-7-164-71-27-90-81-196-157-188-56-175-16-78-25-44-120-2-75-86-100-121-189-94-122-63-136-53-158-154-6-135-194-133-151-162-123-127-29-126-112-4-190-10-177-104-30-48-160-34-103-146-22-20-134-108-67-36-140-93-117-143-0-46-198-115-191-142-193-5-43-116-197-59-118-109-66-137-23-76-89-83-114-64-73-132-21-14-49-9-148"
151,116683,100,21229,137912,3,"30-48-160-34-103-146-22-20-134-18-69-108-67-140-68-110-139-198-46-0-153-183-89-23-83-64-15-61-37-128-172-57-55-3-32-14-144-132-21-7-164-71-107-39-165-8-185-174-81-98-17-157-38-85-113-175-16-78-25-44-120-82-129-2-125-1-150-86-100-121-182-158-180-173-6-70-127-123-162-151-72-109-176-141-60-118-59-197-116-77-166-184-35-126-4-190-10-177-104-54"
152,118456,100,22961,141417,3,"22-20-134-18-69-108-67-140-68-46-60-118-59-72-51-141-137-0-153-183-89-83-64-15-61-33-111-128-172-57-55-3-49-14-144-132-21-7-164-71-107-39-8-40-169-81-98-17-157-188-50-113-175-88-78-25-44-120-82-129-2-75-86-100-121-189-94-12-122-79-133-180-6-70-127-123-24-131-166-11-126-4-190-10-177-147-48-34-192-42-43-116-197-115-96-41-193-159-195-103"
153,115743,100,22031,137774,2,"191-193-159-195-103-22-20-134-18-69-67-36-140-93-117-143-0-60-118-109-66-176-80-122-94-12-111-128-37-137-23-89-83-114-64-73-132-144-102-14-21-7-164-71-27-39-165-119-185-106-52-57-92-179-91-169-174-187-98-17-157-188-113-175-88-78-25-120-2-125-101-100-121-53-180-173-6-70-127-123-29-112-84-190-177-104-54-48-160-192-42-43-28-166-131-65-197-115-198-139"
154,121914,100,21464,143378,3,"90-27-71-164-7-21-132-144-102-61-15-64-114-186-89-76-137-176-66-141-109-118-59-197-96-115-198-46-0-143-117-93-140-36-67-108-69-18-134-20-22-146-181-192-160-48-30-104-177-10-190-4-126-35-184-166-77-131-24-162-127-70-6-173-180-158-53-136-121-19-125-124-111-128-172-129-82-120-44-25-78-16-171-113-50-188-157-17-98-81-174-169-91-55-106-32-138-8-165-39"
155,116683,100,21229,137912,2,"30-48-160-34-103-146-22-20-134-18-69-108-67-140-68-110-139-198-46-0-153-183-89-23-83-64-15-61-37-128-172-57-55-3-32-14-144-132-21-7-164-71-107-39-165-8-185-174-81-98-17-157-38-85-113-175-16-78-25-44-120-82-129-2-125-1-150-86-100-121-182-158-180-173-6-70-127-123-162-151-72-109-176-141-60-118-59-197-116-77-166-184-35-126-4-190-10-177-104-54"
156,115743,100,22031,137774,3,"191-193-159-195-103-22-20-134-18-69-67-36-140-93-117-143-0-60-118-109-66-176-80-122-94-12-111-128-37-137-23-89-83-114-64-73-132-144-102-14-21-7-164-71-27-39-165-119-185-106-52-57-92-179-91-169-174-187-98-17-157-188-113-175-88-78-25-120-2-125-101-100-121-53-180-173-6-70-127-123-29-112-84-190-177-104-54-48-160-192-42-43-28-166-131-65-197-115-198-139"
157,114909,100,22456,137365,2,"139-68-140-117-170-0-141-51-118-72-162-133-79-80-176-137-23-76-183-83-64-15-62-33-111-172-57-55-3-32-138-14-144-132-21-7-58-71-27-90-39-165-8-185-174-81-98-17-157-188-56-175-16-78-25-44-120-2-75-101-26-121-182-53-158-154-6-70-194-127-29-24-131-77-166-11-84-4-190-10-177-104-30-48-160-34-103-146-22-20-134-108-67-163-142-193-41-96-197-115"
158,112231,100,21240,133471,3,"107-71-164-7-21-14-102-144-132-73-64-114-186-76-137-66-176-80-79-133-151-72-59-197-105-43-5-41-115-198-46-0-143-117-93-140-36-67-69-18-134-20-22-146-103-34-160-48-30-104-177-10-190-84-112-29-24-127-194-135-6-154-180-136-121-26-86-150-1-152-87-2-172-111-128-178-52-57-92-129-82-120-44-25-78-88-175-113-50-188-157-17-98-81-174-185-8-165-39-90"
159,113677,100,22049,135726,3,"97-189-94-12-122-133-182-53-158-154-6-70-127-123-29-112-84-190-10-177-104-30-48-160-34-103-146-22-20-134-18-69-67-36-140-93-117-143-0-46-198-139-191-142-159-41-96-42-43-77-116-197-59-72-109-60-141-66-176-137-76-186-114-64-73-132-144-102-9-37-167-172-55-91-185-119-165-138-21-7-164-71-27-90-174-81-98-17-157-188-56-175-16-78-25-44-120-2-87-1"
160,111307,100,22012,133319,2,"118-60-46-68-0-117-93-140-36-67-108-134-20-22-146-195-159-193-5-181-192-160-48-54-104-177-10-190-4-112-29-35-184-166-77-131-24-123-127-70-6-154-158-53-182-99-100-97-125-2-172-55-57-92-129-82-120-44-25-78-16-171-56-188-157-17-98-81-174-40-8-39-107-71-164-7-21-14-178-49-102-144-132-73-114-15-9-148-111-124-12-137-66-176-80-79-133-151-72-59"
161,117594,100,20753,138347,3,"103-181-192-160-48-54-104-177-10-190-4-112-29-24-127-194-135-6-173-180-158-182-121-100-86-150-1-152-87-2-120-44-25-78-16-175-56-188-157-17-98-81-174-185-8-165-39-107-71-164-7-21-132-144-14-32-3-55-57-172-128-33-61-15-64-83-23-89-183-153-0-60-141-66-176-80-79-133-151-72-59-197-65-77-43-42-5-96-115-198-46-68-93-36-67-108-69-199-20-22"
162,117896,100,21583,139479,2,"177-30-48-160-34-103-146-22-20-134-18-69-163-36-140-93-117-0-153-183-89-23-83-64-15-61-9-33-128-172-57-55-3-32-14-144-132-21-7-164-71-27-90-39-165-8-185-174-81-98-17-157-188-56-175-16-78-25-44-120-2-87-152-1-150-86-100-121-182-158-180-173-6-135-194-127-29-112-24-162-72-133-79-80-176-66-141-60-46-115-191-142-193-5-197-116-77-166-11-184"
163,117896,100,21583,139479,3,"177-30-48-160-34-103-146-22-20-134-18-69-163-36-140-93-117-0-153-183-89-23-83-64-15-61-9-33-128-172-57-55-3-32-14-144-132-21-7-164-71-27-90-39-165-8-185-174-81-98-17-157-188-56-175-16-78-25-44-120-2-87-152-1-150-86-100-121-182-158-180-173-6-135-194-127-29-112-24-162-72-133-79-80-176-66-141-60-46-115-191-142-193-5-197-116-77-166-11-184"
164,116958,100,20903,137861,3,"197-115-198-191-142-41-96-42-43-47-131-24-123-127-156-112-4-84-35-166-184-104-30-34-181-146-22-20-134-18-69-67-36-140-93-117-0-153-183-89-83-64-15-61-33-128-172-57-55-3-32-14-144-132-21-7-95-71-27-90-39-165-119-174-169-196-17-157-188-113-171-16-78-44-120-129-2-125-1-150-86-100-121-136-158-154-6-135-194-161-45-151-133-79-80-176-66-51-72-59"
165,118025,100,21460,139485,3,"78-25-44-120-82-129-2-87-152-1-150-86-26-121-136-180-154-6-135-194-127-24-29-112-84-190-10-177-104-30-48-160-34-103-146-22-20-134-18-69-67-36-93-68-46-115-191-142-193-5-43-105-197-59-72-151-133-79-80-176-66-141-60-0-153-183-89-83-64-15-61-33-128-172-57-55-3-32-14-144-132-21-7-164-71-27-39-165-8-185-174-81-98-17-157-188-50-175-88-145"
166,114860,100,21920,136780,3,"108-67-140-68-110-142-159-41-96-115-197-118-72-151-133-79-80-176-66-141-60-46-0-153-183-89-23-83-64-15-62-33-111-172-129-92-57-55-3-32-14-144-132-21-7-164-71-27-90-39-8-119-174-81-98-17-157-188-56-175-16-78-25-44-120-2-75-101-97-100-121-182-158-180-173-6-135-194-127-123-24-149-105-43-166-35-126-4-10-177-104-54-48-160-192-181-103-22-20-18"
167,115702,100,21089,136791,2,"24-131-77-166-35-126-4-190-177-104-54-48-160-34-103-146-22-20-199-69-108-67-36-140-93-117-143-0-46-198-115-197-59-118-60-141-66-176-80-122-12-111-128-37-137-76-186-114-64-73-132-144-102-14-21-7-58-71-107-39-165-119-185-106-52-57-91-169-174-81-98-17-157-188-113-171-16-78-25-44-120-82-129-2-87-152-97-150-86-100-121-182-53-158-154-6-135-194-127-123"
168,118958,100,21713,140671,3,"189-121-136-53-158-154-6-70-127-162-24-126-4-84-11-184-147-30-34-103-146-22-20-134-18-69-108-67-36-140-93-117-0-68-110-198-115-41-5-43-116-197-59-118-109-141-66-176-137-76-89-186-114-64-15-61-102-144-132-21-7-58-71-27-90-39-165-8-138-32-178-52-57-179-91-169-174-81-98-17-157-188-50-113-171-16-78-25-44-120-82-129-2-150-97-125-111-148-12-94"
169,115171,100,21836,137007,2,"79-133-151-45-161-194-123-29-126-112-4-10-177-104-30-48-160-192-181-103-22-20-199-69-108-67-36-140-93-117-143-0-46-198-115-96-5-42-28-166-131-105-197-59-118-109-141-66-176-137-76-89-83-114-64-73-132-144-102-14-21-7-164-71-107-39-165-119-185-106-52-57-91-169-174-81-98-17-157-38-31-113-171-16-78-25-44-120-82-129-2-75-86-1-121-19-111-148-130-63"
170,118463,100,22187,140650,3,"35-126-24-161-194-70-6-154-158-53-136-99-26-86-150-2-172-52-57-92-129-82-120-44-16-171-13-31-38-168-145-91-17-98-81-174-119-8-39-90-27-71-164-7-21-14-102-144-132-73-64-114-83-89-76-137-148-111-12-94-122-80-176-66-141-109-118-59-197-116-77-43-5-41-115-198-46-0-153-143-117-93-140-36-67-108-69-199-20-22-146-103-34-160-48-54-10-184-28-166"
171,118096,100,21587,139683,2,"192-181-103-22-20-134-18-69-67-36-93-68-191-142-159-41-96-42-105-197-115-46-0-153-183-89-23-83-64-15-61-37-128-172-57-55-3-32-14-144-132-21-7-164-71-107-39-165-8-185-174-81-98-17-157-38-85-113-175-16-78-25-44-120-82-129-2-125-1-150-86-100-121-136-158-154-6-135-194-133-79-80-176-66-141-51-59-151-45-161-123-156-112-4-190-177-104-54-48-160"
172,116855,100,21218,138073,3,"199-142-159-195-146-103-34-160-48-30-104-177-190-4-156-24-123-127-194-135-6-173-180-158-182-121-100-86-150-1-125-2-129-82-120-44-25-78-16-171-113-50-188-157-17-196-169-174-185-8-165-39-90-27-71-164-7-21-14-102-144-132-73-64-114-186-76-137-37-128-111-124-12-122-133-80-176-66-141-60-118-59-197-105-43-42-96-115-198-46-0-143-117-93-140-36-67-108-18-20"
173,115157,100,22200,137357,3,"82-129-92-91-145-78-88-175-113-50-188-157-17-98-187-174-119-8-39-90-27-71-164-7-21-132-144-14-32-3-55-172-111-33-62-15-64-83-89-183-153-0-137-141-51-118-72-151-162-123-24-149-166-43-105-197-115-198-46-68-93-36-67-108-69-18-134-20-22-146-103-34-160-48-30-104-177-10-190-84-112-29-127-194-135-6-154-180-53-136-63-122-12-94-189-97-86-75-2-120"
174,117594,100,20753,138347,2,"103-181-192-160-48-54-104-177-10-190-4-112-29-24-127-194-135-6-173-180-158-182-121-100-86-150-1-152-87-2-120-44-25-78-16-175-56-188-157-17-98-81-174-185-8-165-39-107-71-164-7-21-132-144-14-32-3-55-57-172-128-33-61-15-64-83-23-89-183-153-0-60-141-66-176-80-79-133-151-72-59-197-65-77-43-42-5-96-115-198-46-68-93-36-67-108-69-199-20-22"
175,113790,100,21812,135602,3,"133-79-122-94-136-121-100-86-75-1-152-87-2-120-82-129-92-172-128-178-52-179-145-78-16-175-56-188-157-17-98-81-169-40-8-39-107-71-164-7-21-14-102-144-132-73-64-114-186-23-89-183-153-0-117-93-140-36-67-69-18-134-20-22-146-103-34-160-48-54-104-177-190-4-112-126-29-127-70-6-194-161-123-24-149-77-43-42-96-197-115-139-68-46-60-141-66-51-72-151"
176,117131,100,22085,139216,2,"43-65-131-11-184-48-54-104-177-190-4-112-156-123-127-70-6-173-158-182-121-100-86-150-1-152-87-2-120-44-25-78-16-175-56-188-157-17-98-81-174-185-8-165-39-27-71-164-7-21-132-144-14-32-3-55-57-172-128-33-61-15-64-83-23-89-183-153-0-46-60-141-66-176-80-130-122-79-133-151-72-118-197-115-198-139-110-68-140-67-69-18-134-20-22-146-103-34-181-42"
177,109165,100,20624,129789,3,"166-43-65-197-59-72-151-133-161-123-194-70-6-154-158-53-136-121-100-86-101-2-74-19-124-12-148-111-167-172-52-57-92-129-82-120-44-25-78-16-171-175-113-13-31-38-157-17-98-81-174-119-8-39-90-27-71-164-7-21-14-102-144-132-73-64-114-83-23-76-89-183-153-0-117-93-140-36-67-108-69-199-110-193-159-22-146-103-34-160-48-54-104-177-10-190-4-112-35-184"
178,110582,100,21154,131736,2,"29-126-112-4-190-10-177-104-184-28-166-77-43-42-192-34-103-146-22-20-18-108-67-163-110-142-159-41-115-198-46-68-36-93-117-0-153-183-89-23-83-64-15-62-33-111-172-57-55-3-32-14-144-132-21-7-164-71-27-90-39-165-8-185-174-81-196-157-188-50-113-171-16-78-25-44-120-2-75-101-97-100-121-53-158-180-63-79-80-176-66-141-60-109-72-151-45-161-194-123"
179,114304,100,20924,135228,3,"190-4-112-156-24-161-45-151-133-80-122-63-180-158-53-121-100-97-101-75-2-120-44-25-78-16-171-56-188-157-17-196-187-91-179-92-57-172-111-33-128-52-178-32-138-8-165-39-107-71-164-7-21-132-144-102-61-15-114-83-89-76-137-141-109-118-59-197-116-47-77-43-42-5-96-115-198-46-0-153-143-117-93-140-36-67-108-69-18-134-20-22-146-103-34-160-48-147-177-10"
180,114409,100,21906,136315,2,"57-52-91-168-16-175-113-85-157-17-98-81-169-119-8-39-90-27-71-58-7-21-14-102-144-132-73-64-114-186-23-76-137-148-128-111-12-94-63-79-80-176-66-141-60-109-72-59-197-115-198-46-0-143-117-93-140-36-67-69-18-134-20-22-146-181-192-160-48-30-104-177-10-4-126-35-184-166-77-65-149-24-123-127-194-135-6-154-158-53-136-121-26-101-75-2-120-82-129-92"
181,117258,100,21020,138278,2,"163-36-140-93-117-143-0-46-198-115-96-42-43-77-65-197-59-118-60-141-66-176-80-122-12-111-128-37-137-76-186-114-64-73-132-144-102-14-21-7-164-71-27-90-39-165-8-185-174-169-196-17-157-188-50-113-171-16-78-25-44-120-82-129-2-125-1-150-86-100-121-182-158-180-173-6-135-194-127-123-24-156-4-190-177-104-30-48-160-34-103-146-195-159-142-199-20-134-18-69"
182,114232,100,22187,136419,3,"45-72-109-141-60-46-68-191-193-115-197-5-43-77-149-24-123-194-6-70-127-29-126-112-4-190-10-177-147-184-160-34-103-146-22-20-199-69-108-67-36-140-93-117-0-153-183-89-76-23-83-114-15-61-102-144-132-21-7-58-95-39-27-90-81-196-17-157-188-56-171-16-78-25-44-120-82-129-92-57-52-172-128-111-124-94-19-87-1-75-86-100-121-53-158-180-63-79-176-151"
183,111393,100,21333,132726,5,"70-127-123-24-156-112-4-190-10-177-104-30-48-160-34-103-146-22-199-18-108-67-36-191-142-41-96-5-43-77-65-197-115-198-46-0-153-183-89-23-83-64-15-61-33-128-172-57-55-3-32-14-144-132-21-7-164-71-27-90-39-165-8-185-187-169-17-157-38-31-56-171-16-78-25-44-120-82-129-2-75-86-100-53-182-63-122-80-176-66-51-60-118-59-72-151-45-161-194-135"
184,120213,100,22370,142583,2,"115-197-5-192-34-48-147-177-190-4-84-11-166-77-131-24-123-127-70-6-154-158-53-182-121-26-101-75-2-120-25-78-88-175-113-188-157-17-98-187-174-169-91-179-92-57-52-106-185-119-165-39-27-71-164-7-21-14-102-144-132-73-64-114-83-89-76-137-37-128-111-124-12-80-79-133-162-72-118-51-66-141-0-170-117-93-140-36-67-108-18-20-22-103-195-159-142-110-139-198"
185,111393,100,21333,132726,3,"70-127-123-24-156-112-4-190-10-177-104-30-48-160-34-103-146-22-199-18-108-67-36-191-142-41-96-5-43-77-65-197-115-198-46-0-153-183-89-23-83-64-15-61-33-128-172-57-55-3-32-14-144-132-21-7-164-71-27-90-39-165-8-185-187-169-17-157-38-31-56-171-16-78-25-44-120-82-129-2-75-86-100-53-182-63-122-80-176-66-51-60-118-59-72-151-45-161-194-135"
186,117423,100,21578,139001,2,"187-174-40-8-39-90-27-71-164-7-21-132-144-102-61-15-64-114-186-89-76-137-12-124-94-122-80-176-66-141-109-118-59-197-96-115-198-46-0-153-143-117-93-140-36-67-108-69-18-134-20-22-146-195-181-192-160-48-30-104-177-10-190-4-126-35-184-166-77-131-24-162-127-70-6-173-180-158-136-121-86-1-2-172-57-179-145-78-82-120-44-16-171-56-188-157-17-196-98-81"
187,108815,100,21367,130182,3,"49-106-185-119-165-39-95-7-164-71-27-90-81-196-17-157-188-50-113-175-171-16-78-145-179-92-129-82-120-2-75-101-26-121-182-53-158-154-6-70-194-127-123-24-131-77-166-184-35-112-4-190-10-177-104-54-48-160-192-181-103-22-20-199-69-108-67-36-140-93-117-143-153-0-46-198-115-96-197-59-118-60-141-66-176-80-133-122-12-124-111-148-9-15-83-64-73-132-21-14"
188,108801,100,21901,130702,3,"146-195-181-192-160-34-30-104-177-10-190-4-112-35-184-28-77-116-197-59-118-60-141-176-109-72-151-162-123-127-194-135-6-154-158-53-136-121-19-97-101-75-2-120-44-25-78-16-171-113-85-157-196-81-174-185-8-165-39-90-27-71-164-7-21-132-144-14-32-3-55-57-92-129-172-167-111-12-33-62-15-64-83-23-89-183-153-0-46-198-191-68-93-36-67-108-69-199-20-22"
189,115643,100,21630,137273,2,"64-83-89-76-137-141-109-59-72-151-162-123-24-149-77-43-42-96-115-198-46-0-143-117-93-140-36-67-108-134-20-22-146-103-34-160-48-30-104-177-10-4-112-126-29-127-70-6-154-180-53-136-63-79-80-12-94-99-100-97-152-87-172-55-57-92-129-82-120-25-88-175-50-85-31-38-168-91-17-98-187-174-119-8-39-90-27-71-164-7-21-132-144-14-32-49-102-62-148-15"
190,118096,100,21587,139683,3,"192-181-103-22-20-134-18-69-67-36-93-68-191-142-159-41-96-42-105-197-115-46-0-153-183-89-23-83-64-15-61-37-128-172-57-55-3-32-14-144-132-21-7-164-71-107-39-165-8-185-174-81-98-17-157-38-85-113-175-16-78-25-44-120-82-129-2-125-1-150-86-100-121-136-158-154-6-135-194-133-79-80-176-66-141-51-59-151-45-161-123-156-112-4-190-177-104-54-48-160"
191,120213,100,22370,142583,2,"115-197-5-192-34-48-147-177-190-4-84-11-166-77-131-24-123-127-70-6-154-158-53-182-121-26-101-75-2-120-25-78-88-175-113-188-157-17-98-187-174-169-91-179-92-57-52-106-185-119-165-39-27-71-164-7-21-14-102-144-132-73-64-114-83-89-76-137-37-128-111-124-12-80-79-133-162-72-118-51-66-141-0-170-117-93-140-36-67-108-18-20-22-103-195-159-142-110-139-198"
192,109488,100,21206,130694,4,"7-21-14-102-144-132-73-64-114-186-76-137-66-176-80-79-133-151-72-59-197-105-43-5-41-115-198-46-0-143-117-93-140-36-67-69-18-134-20-22-146-103-34-160-48-30-104-177-10-190-84-112-29-24-127-194-135-6-154-180-136-121-26-86-150-1-152-87-2-172-111-128-178-52-57-92-129-82-120-44-25-78-16-171-113-50-188-157-17-98-81-174-185-8-165-39-90-27-71-164"
193,112216,100,21090,133306,3,"154-6-70-127-156-112-4-10-177-104-30-48-160-34-103-146-22-20-134-18-69-67-36-140-93-117-143-0-46-198-115-96-42-43-77-149-24-123-162-151-72-59-109-141-66-176-137-76-89-83-114-64-73-132-144-102-9-33-128-172-57-55-178-32-14-21-7-58-95-39-27-90-174-169-196-17-157-188-50-113-171-16-78-25-44-120-82-129-2-125-1-26-121-189-94-122-63-136-53-180"
194,115157,100,22200,137357,2,"82-129-92-91-145-78-88-175-113-50-188-157-17-98-187-174-119-8-39-90-27-71-164-7-21-132-144-14-32-3-55-172-111-33-62-15-64-83-89-183-153-0-137-141-51-118-72-151-162-123-24-149-166-43-105-197-115-198-46-68-93-36-67-108-69-18-134-20-22-146-103-34-160-48-30-104-177-10-190-84-112-29-127-194-135-6-154-180-53-136-63-122-12-94-189-97-86-75-2-120"
195,110582,100,21154,131736,4,"29-126-112-4-190-10-177-104-184-28-166-77-43-42-192-34-103-146-22-20-18-108-67-163-110-142-159-41-115-198-46-68-36-93-117-0-153-183-89-23-83-64-15-62-33-111-172-57-55-3-32-14-144-132-21-7-164-71-27-90-39-165-8-185-174-81-196-157-188-50-113-171-16-78-25-44-120-2-75-101-97-100-121-53-158-180-63-79-80-176-66-141-60-109-72-151-45-161-194-123"
196,112393,100,20893,133286,2,"173-133-151-45-161-123-29-126-112-4-190-10-177-104-54-48-34-192-181-195-146-22-20-199-69-163-36-140-93-117-143-153-0-46-198-115-96-42-43-77-65-197-59-118-109-141-66-176-137-76-89-83-114-64-73-132-144-14-138-21-7-164-71-27-90-39-165-8-185-174-81-196-157-188-56-171-16-78-25-44-120-82-129-92-57-52-3-128-167-111-124-74-87-2-75-86-26-189-136-180"
197,109869,100,21752,131621,3,"93-68-110-142-41-96-42-43-166-149-65-197-115-198-46-0-153-183-89-23-186-114-64-73-132-144-102-14-21-7-164-71-27-90-39-165-8-185-174-169-196-17-157-188-113-171-16-78-44-120-82-129-57-52-172-167-148-124-94-19-152-87-2-75-86-100-53-182-63-122-80-176-66-141-109-72-151-162-194-70-127-29-112-4-190-177-104-54-48-160-192-181-146-22-20-134-108-67-36-140"
198,120315,100,22139,142454,2,"195-159-142-41-96-5-42-192-34-48-147-177-10-4-112-156-123-24-131-77-65-197-59-72-51-141-66-176-80-79-133-151-45-161-194-70-6-154-158-86-75-1-87-19-94-12-111-128-172-52-57-92-129-82-120-44-25-78-16-175-56-188-157-17-98-81-174-119-8-39-90-27-71-58-7-21-14-102-144-132-73-64-114-83-23-76-183-153-0-46-198-139-110-36-67-108-134-20-22-103"
199,114719,100,21913,136632,3,"194-133-80-151-162-123-24-149-47-43-166-35-126-4-190-10-177-104-54-48-160-34-103-146-195-159-142-199-69-108-67-36-93-68-46-198-115-96-197-118-72-51-141-137-0-153-183-89-83-64-15-62-33-148-12-111-167-172-57-55-3-32-14-144-132-21-7-164-71-27-90-39-165-8-185-174-81-98-17-157-188-50-113-175-88-78-25-44-120-2-75-101-26-121-182-53-158-154-6-135"
200,118829,100,21725,140554,3,"113-188-157-17-98-81-174-119-8-39-90-27-71-58-7-21-138-32-106-55-57-129-172-128-33-9-102-144-132-73-64-114-186-76-137-12-94-122-80-176-66-141-109-72-59-197-116-43-42-96-41-142-191-198-46-0-143-117-93-140-36-67-69-18-134-20-22-146-103-34-160-48-30-104-177-10-190-84-112-29-24-127-194-135-6-173-180-158-182-121-100-101-75-2-120-44-25-78-88-175"
