SolutionID,TotalCost,NumNodes,TotalDistance,ObjectiveFunction,Cycle
1,71708,100,23286,94994,"93-0-46-68-139-193-41-115-5-42-181-159-69-108-18-22-146-34-160-48-54-177-10-190-84-184-43-116-65-59-118-51-151-133-162-123-127-70-135-154-180-53-121-100-26-86-75-44-25-16-171-175-113-56-31-78-145-179-196-81-90-40-165-185-106-178-138-14-144-62-9-148-102-49-52-55-92-57-129-82-120-2-101-1-97-152-124-94-63-79-80-176-137-23-186-89-183-143-117-140"
2,72017,100,23691,95708,"31-145-78-92-179-196-81-90-40-165-185-106-178-138-14-144-62-9-148-102-49-52-55-57-129-2-152-97-1-101-100-53-180-154-135-70-127-123-162-149-131-65-116-43-184-84-190-10-177-54-48-160-34-146-22-18-108-69-159-181-42-5-41-193-139-68-140-93-117-143-183-89-186-23-137-0-46-115-59-118-51-151-133-176-80-79-63-94-189-26-86-75-120-44-25-16-171-175-113-56"
3,71861,100,23291,95152,"124-152-97-1-101-75-86-26-100-121-53-158-154-70-135-180-63-79-133-51-118-59-115-46-0-143-117-93-140-68-139-193-41-5-42-181-159-69-108-18-22-146-34-160-48-54-177-184-43-116-65-149-123-127-162-151-80-176-137-23-183-89-186-114-15-9-62-144-14-138-165-40-185-90-81-196-179-145-78-31-56-113-175-171-16-25-44-120-2-129-92-57-55-52-106-178-49-102-148-94"
4,71947,100,23578,95525,"139-68-46-115-59-118-51-0-117-143-183-89-186-23-137-176-80-79-63-94-124-152-97-1-101-2-120-82-129-57-92-55-52-49-102-148-9-62-144-14-138-178-106-185-165-40-90-81-196-179-145-78-31-56-113-175-171-16-25-44-75-86-26-100-121-53-180-154-70-135-133-151-162-127-123-149-65-116-43-184-84-4-190-10-177-54-48-160-34-146-22-18-108-69-159-181-42-5-41-193"
5,72248,100,23594,95842,"47-116-43-184-84-190-10-177-54-48-160-34-146-22-18-108-69-159-181-42-5-41-193-139-68-46-115-118-59-51-0-117-143-183-89-186-23-137-176-80-79-63-94-124-152-97-1-101-2-120-82-129-57-92-55-52-49-102-148-9-62-144-14-138-178-106-185-165-40-90-81-196-179-145-78-31-56-113-175-171-16-25-44-75-86-26-100-121-53-180-154-70-135-133-151-162-127-123-149-65"
6,72645,100,23364,96009,"67-108-69-18-22-146-159-193-41-5-42-181-34-160-48-54-177-10-190-84-184-43-116-65-149-123-127-162-151-133-135-70-154-180-53-121-100-26-86-75-44-25-16-171-175-113-56-31-78-145-179-196-81-90-40-165-185-106-178-138-14-144-62-9-148-102-49-52-55-92-57-129-82-120-2-101-1-97-152-124-94-63-79-80-176-137-51-118-59-115-139-46-68-0-89-183-143-117-93-140"
7,73393,100,23514,96907,"150-75-44-25-16-171-175-113-56-31-78-145-179-92-57-129-82-120-2-1-152-97-26-100-189-94-124-148-102-49-178-106-52-55-185-40-196-81-90-165-138-14-144-62-9-15-114-186-89-183-23-137-176-80-151-162-123-149-65-116-43-184-177-54-48-160-34-146-22-18-108-69-159-181-42-5-41-193-139-68-140-93-117-143-0-46-115-59-118-51-133-79-63-180-135-70-154-53-86-101"
8,71993,100,23509,95502,"131-149-123-127-162-151-133-135-70-154-180-53-121-100-26-86-75-44-25-16-171-175-113-56-31-78-145-179-196-81-90-40-165-185-106-178-138-14-144-62-9-148-102-49-52-55-92-57-129-82-120-2-101-1-97-152-124-94-63-79-80-176-137-23-186-89-183-143-117-0-51-118-59-115-46-68-139-193-41-5-42-181-159-69-108-18-22-146-34-160-48-54-177-10-190-84-184-43-116-65"
9,72214,100,24115,96329,"190-4-112-127-70-135-154-180-53-121-100-26-86-75-44-25-16-171-175-113-56-31-78-145-179-196-81-90-40-165-185-106-178-138-14-144-62-9-148-102-49-52-55-92-57-129-82-120-2-101-1-97-152-124-94-63-79-80-176-137-23-89-183-143-117-0-51-133-151-162-123-149-131-35-184-43-65-116-59-118-115-46-68-139-193-41-159-69-108-18-22-146-42-181-160-34-48-54-177-10"
10,72861,100,23747,96608,"111-124-94-137-176-80-151-162-127-123-149-65-116-43-184-177-54-48-160-34-146-22-18-108-69-159-181-42-5-41-193-139-68-140-93-117-143-183-89-0-46-115-59-118-51-133-79-63-180-135-70-154-158-53-121-100-26-86-75-101-1-97-152-2-120-44-25-16-171-175-113-56-31-78-145-179-92-129-57-55-52-185-40-196-81-90-27-164-95-39-165-106-178-49-14-144-102-62-9-148"
11,71523,100,23197,94720,"9-148-102-49-178-106-52-55-57-92-129-2-152-97-1-101-100-53-180-154-135-70-127-123-162-149-131-65-116-43-184-84-190-10-177-54-48-160-34-146-22-18-108-69-159-181-42-5-41-193-139-68-140-93-117-143-183-89-186-23-137-0-46-115-59-118-51-151-133-176-80-79-63-94-189-26-86-75-120-44-25-16-171-175-113-56-31-78-145-179-196-81-90-185-40-165-138-14-144-62"
12,72431,100,23484,95915,"24-149-65-116-43-184-84-190-10-177-54-48-160-34-146-22-18-108-69-159-181-42-5-41-193-139-68-46-115-59-118-51-0-117-143-183-89-186-23-137-176-80-79-63-94-124-152-97-1-101-2-120-82-129-57-92-55-52-49-102-148-9-62-144-14-138-178-106-185-165-40-90-81-196-179-145-78-31-56-113-175-171-16-25-44-75-86-26-100-121-53-180-154-70-135-133-151-162-127-123"
13,72236,100,23708,95944,"82-2-75-86-26-189-94-63-79-80-176-133-151-51-118-59-115-46-0-137-23-186-89-183-143-117-93-140-68-139-193-41-5-42-181-159-69-108-18-22-146-34-160-48-54-177-10-190-184-43-116-65-131-149-162-123-127-70-135-154-180-53-100-101-1-97-152-129-57-92-55-52-49-102-148-9-62-144-14-138-178-106-185-165-40-90-81-196-179-145-78-31-56-113-175-171-16-25-44-120"
14,72214,100,24115,96329,"10-190-4-112-127-70-135-154-180-53-121-100-26-86-75-44-25-16-171-175-113-56-31-78-145-179-196-81-90-40-165-185-106-178-138-14-144-62-9-148-102-49-52-55-92-57-129-82-120-2-101-1-97-152-124-94-63-79-80-176-137-23-89-183-143-117-0-51-133-151-162-123-149-131-35-184-43-65-116-59-118-115-46-68-139-193-41-159-69-108-18-22-146-42-181-160-34-48-54-177"
15,72164,100,23636,95800,"71-164-7-95-39-165-138-14-144-62-9-148-102-49-178-106-52-55-57-92-129-2-152-97-1-101-100-53-180-154-135-70-127-123-162-149-65-116-43-184-177-54-48-160-34-146-22-18-108-69-159-181-42-5-41-193-139-68-140-93-117-143-183-89-23-137-0-46-115-59-118-51-151-133-176-80-79-63-94-26-86-75-120-44-25-16-171-175-113-56-31-78-145-179-196-81-185-40-90-27"
16,71750,100,23180,94930,"70-154-158-53-121-100-26-86-75-101-1-97-152-94-124-148-102-49-178-106-52-55-57-92-129-2-120-44-25-16-171-175-113-56-31-78-145-179-196-81-90-185-40-165-138-14-144-62-9-15-114-186-89-183-23-137-176-80-151-162-127-123-149-65-116-43-184-177-54-48-160-34-146-22-18-108-69-159-181-42-5-41-193-139-68-140-93-117-143-0-46-115-59-118-51-133-79-63-180-135"
17,71750,100,23180,94930,"137-23-183-89-186-114-15-9-62-144-14-138-165-40-185-90-81-196-179-145-78-31-56-113-175-171-16-25-44-120-2-129-92-57-55-52-106-178-49-102-148-124-94-152-97-1-101-75-86-26-100-121-53-158-154-70-135-180-63-79-133-51-118-59-115-46-0-143-117-93-140-68-139-193-41-5-42-181-159-69-108-18-22-146-34-160-48-54-177-184-43-116-65-149-123-127-162-151-80-176"
18,71687,100,23361,95048,"55-178-106-49-102-148-9-62-144-14-138-165-40-185-90-81-196-179-145-78-31-56-113-175-171-16-25-44-120-75-86-26-189-94-63-79-80-176-133-151-51-118-59-115-46-0-137-23-186-89-183-143-117-93-140-68-139-193-41-5-42-181-159-69-108-18-22-146-34-160-48-54-177-10-190-84-184-43-116-65-131-149-162-123-127-70-135-154-180-53-100-101-1-97-152-2-129-92-57-52"
19,72164,100,23636,95800,"27-71-164-7-95-39-165-138-14-144-62-9-148-102-49-178-106-52-55-57-92-129-2-152-97-1-101-100-53-180-154-135-70-127-123-162-149-65-116-43-184-177-54-48-160-34-146-22-18-108-69-159-181-42-5-41-193-139-68-140-93-117-143-183-89-23-137-0-46-115-59-118-51-151-133-176-80-79-63-94-26-86-75-120-44-25-16-171-175-113-56-31-78-145-179-196-81-185-40-90"
20,72017,100,23691,95708,"16-25-44-120-75-86-26-189-94-63-79-80-176-133-151-51-118-59-115-46-0-137-23-186-89-183-143-117-93-140-68-139-193-41-5-42-181-159-69-108-18-22-146-34-160-48-54-177-10-190-84-184-43-116-65-131-149-162-123-127-70-135-154-180-53-100-101-1-97-152-2-129-57-55-52-49-102-148-9-62-144-14-138-178-106-185-165-40-90-81-196-179-92-78-145-31-56-113-175-171"
21,71750,100,23180,94930,"158-154-70-135-180-63-79-133-51-118-59-115-46-0-143-117-93-140-68-139-193-41-5-42-181-159-69-108-18-22-146-34-160-48-54-177-184-43-116-65-149-123-127-162-151-80-176-137-23-183-89-186-114-15-9-62-144-14-138-165-40-185-90-81-196-179-145-78-31-56-113-175-171-16-25-44-120-2-129-92-57-55-52-106-178-49-102-148-124-94-152-97-1-101-75-86-26-100-121-53"
22,72536,100,23768,96304,"136-121-100-26-86-75-44-25-16-171-175-113-56-31-78-145-179-196-81-90-40-165-185-106-178-138-14-144-62-9-148-102-49-52-55-92-57-129-82-120-2-101-1-97-152-124-94-63-79-80-176-137-23-186-89-183-143-117-0-51-118-59-115-46-68-139-193-41-5-42-181-159-69-108-18-22-146-34-160-48-54-177-10-190-84-184-43-116-65-149-123-127-162-151-133-180-135-70-154-53"
23,72236,100,23708,95944,"82-2-75-86-26-189-94-63-79-80-176-133-151-51-118-59-115-46-0-137-23-186-89-183-143-117-93-140-68-139-193-41-5-42-181-159-69-108-18-22-146-34-160-48-54-177-10-190-184-43-116-65-131-149-162-123-127-70-135-154-180-53-100-101-1-97-152-129-57-92-55-52-49-102-148-9-62-144-14-138-178-106-185-165-40-90-81-196-179-145-78-31-56-113-175-171-16-25-44-120"
24,71750,100,23180,94930,"100-26-86-75-101-1-97-152-94-124-148-102-49-178-106-52-55-57-92-129-2-120-44-25-16-171-175-113-56-31-78-145-179-196-81-90-185-40-165-138-14-144-62-9-15-114-186-89-183-23-137-176-80-151-162-127-123-149-65-116-43-184-177-54-48-160-34-146-22-18-108-69-159-181-42-5-41-193-139-68-140-93-117-143-0-46-115-59-118-51-133-79-63-180-135-70-154-158-53-121"
25,71947,100,23578,95525,"51-118-59-115-46-68-139-193-41-5-42-181-159-69-108-18-22-146-34-160-48-54-177-10-190-4-84-184-43-116-65-149-123-127-162-151-133-135-70-154-180-53-121-100-26-86-75-44-25-16-171-175-113-56-31-78-145-179-196-81-90-40-165-185-106-178-138-14-144-62-9-148-102-49-52-55-92-57-129-82-120-2-101-1-97-152-124-94-63-79-80-176-137-23-186-89-183-143-117-0"
26,72501,100,23471,95972,"28-43-65-116-131-149-123-127-162-151-133-135-70-154-180-53-121-100-26-86-75-44-25-16-171-175-113-56-31-78-145-179-196-81-90-40-165-185-106-178-138-14-144-62-9-148-102-49-52-55-92-57-129-82-120-2-101-1-97-152-124-94-63-79-80-176-137-23-186-89-183-143-117-0-51-59-118-115-46-68-139-193-41-5-42-181-159-69-108-18-22-146-34-160-48-54-177-10-190-184"
27,71947,100,23578,95525,"42-5-41-193-139-68-46-115-59-118-51-0-117-143-183-89-186-23-137-176-80-79-63-94-124-152-97-1-101-2-120-82-129-57-92-55-52-49-102-148-9-62-144-14-138-178-106-185-165-40-90-81-196-179-145-78-31-56-113-175-171-16-25-44-75-86-26-100-121-53-180-154-70-135-133-151-162-127-123-149-65-116-43-184-84-4-190-10-177-54-48-160-34-146-22-18-108-69-159-181"
28,71867,100,23297,95164,"121-100-26-97-86-75-101-1-152-94-124-148-102-49-178-106-52-55-57-92-129-2-120-44-25-16-171-175-113-56-31-78-145-179-196-81-90-185-40-165-138-14-144-62-9-15-114-186-89-183-23-137-176-80-151-162-127-123-149-65-116-43-184-177-54-48-160-34-146-22-18-108-69-159-181-42-5-41-193-139-68-140-93-117-143-0-46-115-59-118-51-133-79-63-180-135-70-154-158-53"
29,72456,100,23554,96010,"73-15-148-9-62-102-49-178-106-52-55-57-92-129-2-152-97-1-101-100-53-180-154-135-70-127-123-162-149-131-65-116-43-184-190-177-54-48-160-34-146-22-18-108-69-159-181-42-5-41-193-139-68-140-93-117-143-183-89-186-23-137-0-46-115-59-118-51-151-133-176-80-79-63-94-189-26-86-75-120-44-25-16-171-175-113-56-31-78-145-179-196-81-90-185-40-165-138-14-144"
30,72976,100,23779,96755,"66-51-118-59-115-46-0-89-183-143-117-93-140-68-139-193-41-5-42-181-159-69-108-18-22-146-34-160-48-54-177-10-190-84-184-43-116-65-149-123-127-162-151-133-135-70-154-180-53-121-100-26-86-75-44-25-16-171-175-113-56-31-78-145-179-196-81-90-40-165-185-106-178-138-14-144-62-9-148-102-49-52-55-92-57-129-82-120-2-101-1-97-152-124-94-63-79-80-176-137"
31,72529,100,23535,96064,"38-145-78-92-179-196-81-90-40-165-185-106-178-138-14-144-62-9-148-102-49-52-55-57-129-2-152-97-1-101-100-53-180-154-135-70-127-123-162-149-131-65-116-43-184-190-10-177-54-48-160-34-146-22-18-108-69-159-181-42-5-41-193-139-68-140-93-117-143-183-89-186-23-137-0-46-115-59-118-51-151-133-176-80-79-63-94-189-26-86-75-120-44-25-16-171-175-113-56-31"
32,72794,100,23350,96144,"172-152-97-1-101-100-53-180-154-135-70-127-123-162-149-131-65-116-43-184-177-54-48-160-34-146-22-18-108-69-159-181-42-5-41-193-139-68-140-93-117-143-183-89-186-23-137-0-46-115-59-118-51-151-133-176-80-79-63-94-189-26-86-75-2-120-44-25-16-171-175-113-56-31-78-145-179-92-129-57-55-52-185-40-196-81-90-27-39-165-106-178-49-14-144-102-62-9-148-167"
33,72125,100,23383,95508,"182-121-100-26-97-86-75-101-1-152-94-124-148-102-49-178-106-52-55-57-92-129-2-120-44-25-16-171-175-113-56-31-78-145-179-196-81-90-185-40-165-138-14-144-62-9-15-114-186-89-183-23-137-176-80-151-162-127-123-149-65-116-43-184-177-54-48-160-34-146-22-18-108-69-159-181-42-5-41-193-139-68-140-93-117-143-0-46-115-59-118-51-133-79-63-180-135-70-154-53"
34,72125,100,23383,95508,"182-121-100-26-97-86-75-101-1-152-94-124-148-102-49-178-106-52-55-57-92-129-2-120-44-25-16-171-175-113-56-31-78-145-179-196-81-90-185-40-165-138-14-144-62-9-15-114-186-89-183-23-137-176-80-151-162-127-123-149-65-116-43-184-177-54-48-160-34-146-22-18-108-69-159-181-42-5-41-193-139-68-140-93-117-143-0-46-115-59-118-51-133-79-63-180-135-70-154-53"
35,72214,100,24115,96329,"10-190-4-112-127-70-135-154-180-53-121-100-26-86-75-44-25-16-171-175-113-56-31-78-145-179-196-81-90-40-165-185-106-178-138-14-144-62-9-148-102-49-52-55-92-57-129-82-120-2-101-1-97-152-124-94-63-79-80-176-137-23-89-183-143-117-0-51-133-151-162-123-149-131-35-184-43-65-116-59-118-115-46-68-139-193-41-159-69-108-18-22-146-42-181-160-34-48-54-177"
36,71947,100,23578,95525,"115-59-118-51-0-117-143-183-89-186-23-137-176-80-79-63-94-124-152-97-1-101-2-120-82-129-57-92-55-52-49-102-148-9-62-144-14-138-178-106-185-165-40-90-81-196-179-145-78-31-56-113-175-171-16-25-44-75-86-26-100-121-53-180-154-70-135-133-151-162-127-123-149-65-116-43-184-84-4-190-10-177-54-48-160-34-146-22-18-108-69-159-181-42-5-41-193-139-68-46"
37,73391,100,23933,97324,"147-177-10-4-184-43-65-116-59-118-115-46-0-51-151-133-162-123-127-70-135-154-180-53-121-100-26-86-75-44-25-16-171-175-113-56-31-78-145-179-196-81-90-40-165-185-106-178-138-14-144-62-9-148-102-49-52-55-92-57-129-82-120-2-101-1-97-152-124-94-63-79-80-176-137-23-186-89-183-143-117-93-140-68-139-193-41-159-69-108-18-22-146-195-42-181-160-34-48-54"
38,71993,100,23509,95502,"131-149-123-127-162-151-133-135-70-154-180-53-121-100-26-86-75-44-25-16-171-175-113-56-31-78-145-179-196-81-90-40-165-185-106-178-138-14-144-62-9-148-102-49-52-55-92-57-129-82-120-2-101-1-97-152-124-94-63-79-80-176-137-23-186-89-183-143-117-0-51-118-59-115-46-68-139-193-41-5-42-181-159-69-108-18-22-146-34-160-48-54-177-10-190-84-184-43-116-65"
39,71750,100,23180,94930,"94-152-97-1-101-75-86-26-100-121-53-158-154-70-135-180-63-79-133-51-118-59-115-46-0-143-117-93-140-68-139-193-41-5-42-181-159-69-108-18-22-146-34-160-48-54-177-184-43-116-65-149-123-127-162-151-80-176-137-23-183-89-186-114-15-9-62-144-14-138-165-40-185-90-81-196-179-145-78-31-56-113-175-171-16-25-44-120-2-129-92-57-55-52-106-178-49-102-148-124"
40,72236,100,23708,95944,"82-2-75-86-26-189-94-63-79-80-176-133-151-51-118-59-115-46-0-137-23-186-89-183-143-117-93-140-68-139-193-41-5-42-181-159-69-108-18-22-146-34-160-48-54-177-10-190-184-43-116-65-131-149-162-123-127-70-135-154-180-53-100-101-1-97-152-129-57-92-55-52-49-102-148-9-62-144-14-138-178-106-185-165-40-90-81-196-179-145-78-31-56-113-175-171-16-25-44-120"
41,71945,100,22885,94830,"189-152-97-1-101-75-86-26-100-121-53-158-154-70-135-180-63-79-133-51-118-59-115-46-0-143-117-93-140-68-139-193-41-5-42-181-159-69-108-18-22-146-34-160-48-54-177-184-43-116-65-149-123-162-151-80-176-137-23-183-89-186-114-15-9-62-144-14-138-165-40-185-90-81-196-179-145-78-31-56-113-175-171-16-25-44-120-2-129-92-57-55-52-106-178-49-102-148-124-94"
42,72324,100,23799,96123,"30-34-160-181-42-195-146-22-18-108-69-159-41-193-139-68-140-93-117-143-183-89-186-23-137-176-80-79-63-94-124-152-97-1-101-2-120-82-129-57-92-55-52-49-102-148-9-62-144-14-138-178-106-185-165-40-90-81-196-179-145-78-31-56-113-175-171-16-25-44-75-86-26-100-121-53-180-154-135-70-127-123-162-133-151-51-0-46-115-118-59-116-65-43-184-84-190-10-177-54"
43,71947,100,23578,95525,"116-43-184-84-4-190-10-177-54-48-160-34-146-22-18-108-69-159-181-42-5-41-193-139-68-46-115-59-118-51-0-117-143-183-89-186-23-137-176-80-79-63-94-124-152-97-1-101-2-120-82-129-57-92-55-52-49-102-148-9-62-144-14-138-178-106-185-165-40-90-81-196-179-145-78-31-56-113-175-171-16-25-44-75-86-26-100-121-53-180-154-70-135-133-151-162-127-123-149-65"
44,71905,100,23579,95484,"92-57-129-2-152-97-1-101-100-53-180-154-135-70-127-123-162-149-131-65-116-43-184-84-190-10-177-54-48-160-34-146-22-18-108-69-159-181-42-5-41-193-139-68-140-93-117-143-183-89-186-23-137-0-46-115-59-118-51-151-133-176-80-79-63-94-189-26-86-75-120-44-25-16-171-175-113-56-31-78-145-179-196-81-90-40-165-185-106-178-138-14-144-62-9-148-102-49-52-55"
45,72909,100,23572,96481,"142-139-68-46-115-59-118-51-0-117-143-183-89-186-23-137-176-80-79-63-94-124-152-97-1-101-2-120-82-129-57-92-55-52-49-102-148-9-62-144-14-138-178-106-185-165-40-90-81-196-179-145-78-31-56-113-175-171-16-25-44-75-86-26-100-121-53-180-154-70-135-133-151-162-127-123-149-65-116-43-184-84-190-10-177-54-48-160-34-146-22-18-108-69-159-181-42-5-41-193"
46,71933,100,23455,95388,"152-1-101-75-86-53-154-70-135-180-63-79-133-51-118-59-115-46-0-143-117-93-140-68-139-193-41-5-42-181-159-69-108-18-22-146-34-160-48-54-177-190-184-43-116-65-149-123-127-162-151-80-176-137-23-183-89-186-114-15-9-62-144-14-138-165-40-185-90-81-196-179-145-78-31-56-113-175-171-16-25-44-120-2-129-92-57-55-52-106-178-49-102-148-124-94-189-100-26-97"
47,72516,100,23391,95907,"11-35-84-4-112-127-123-162-151-133-135-70-154-180-53-121-100-26-86-75-44-25-16-171-175-113-56-31-78-145-179-196-81-90-40-165-185-106-178-138-14-144-62-9-148-102-49-52-55-92-57-129-82-120-2-101-1-97-152-124-94-63-79-80-176-137-23-186-89-183-143-117-0-51-118-59-115-139-68-46-65-116-43-42-5-41-193-159-69-108-18-22-146-181-34-160-48-54-177-184"
48,72218,100,23381,95599,"69-108-18-20-22-146-159-193-41-5-42-181-34-160-48-54-177-10-190-84-184-43-116-65-149-123-127-162-151-133-135-70-154-180-53-121-100-26-86-75-44-25-16-171-175-113-56-31-78-145-179-196-81-90-40-165-185-106-178-138-14-144-62-9-148-102-49-52-55-92-57-129-82-120-2-101-1-97-152-124-94-63-79-80-176-137-23-186-89-183-143-117-0-51-118-59-115-46-68-139"
49,72637,100,24199,96836,"7-21-144-62-9-148-102-14-49-178-106-52-55-165-185-40-179-145-78-92-57-129-2-152-97-1-101-100-53-180-154-135-70-127-123-162-149-65-116-43-184-177-54-48-160-34-146-22-18-108-69-159-181-42-5-41-193-139-68-140-93-117-143-183-89-23-137-0-46-115-59-118-51-151-133-176-80-79-63-94-189-26-86-75-120-44-25-16-171-175-113-56-31-157-196-81-90-27-71-164"
50,73093,100,23811,96904,"17-196-81-90-27-164-39-165-40-185-106-178-138-14-144-62-9-148-102-49-52-55-57-129-92-179-145-78-82-2-152-97-1-101-100-53-180-154-135-70-127-123-162-149-65-116-43-184-177-54-48-160-34-146-22-18-108-69-159-181-42-5-41-193-139-68-140-93-117-143-183-89-23-137-0-46-115-59-118-51-151-133-176-80-79-63-94-26-86-75-120-44-25-16-171-175-113-56-31-157"
51,71708,100,23286,94994,"93-0-46-68-139-193-41-115-5-42-181-159-69-108-18-22-146-34-160-48-54-177-10-190-84-184-43-116-65-59-118-51-151-133-162-123-127-70-135-154-180-53-121-100-26-86-75-44-25-16-171-175-113-56-31-78-145-179-196-81-90-40-165-185-106-178-138-14-144-62-9-148-102-49-52-55-92-57-129-82-120-2-101-1-97-152-124-94-63-79-80-176-137-23-186-89-183-143-117-140"
52,72462,100,23372,95834,"36-108-69-18-22-146-159-193-41-5-42-181-34-160-48-54-177-10-190-84-184-43-116-65-149-123-127-162-151-133-135-70-154-180-53-121-100-26-86-75-44-25-16-171-175-113-56-31-78-145-179-196-81-90-40-165-185-106-178-138-14-144-62-9-148-102-49-52-55-92-57-129-82-120-2-101-1-97-152-124-94-63-79-80-176-137-51-118-59-115-139-46-68-0-89-183-143-117-93-140"
53,71523,100,23197,94720,"62-144-14-138-165-40-185-90-81-196-179-145-78-31-56-113-175-171-16-25-44-120-75-86-26-189-94-63-79-80-176-133-151-51-118-59-115-46-0-137-23-186-89-183-143-117-93-140-68-139-193-41-5-42-181-159-69-108-18-22-146-34-160-48-54-177-10-190-84-184-43-116-65-131-149-162-123-127-70-135-154-180-53-100-101-1-97-152-2-129-92-57-55-52-106-178-49-102-148-9"
54,72451,100,23177,95628,"6-154-53-121-100-26-86-75-101-1-97-152-94-124-148-102-49-178-106-52-55-57-92-129-2-120-44-25-16-171-175-113-56-31-78-145-179-196-81-90-185-40-165-138-14-144-62-9-15-114-186-89-183-23-137-176-80-151-162-127-123-149-65-116-43-184-177-54-48-160-34-146-22-18-108-69-159-181-42-5-41-193-139-68-140-93-117-143-0-46-115-59-118-51-133-79-63-180-70-135"
55,72114,100,23548,95662,"96-43-116-65-149-123-127-162-151-133-135-70-154-180-53-121-100-26-86-75-44-25-16-171-175-113-56-31-78-145-179-196-81-90-40-165-185-106-178-138-14-144-62-9-148-102-49-52-55-92-57-129-82-120-2-101-1-97-152-124-94-63-79-80-176-137-23-186-89-183-143-117-0-51-118-59-115-46-68-139-41-193-159-69-108-18-22-146-181-34-160-48-54-177-10-190-4-84-184-42"
56,71708,100,23286,94994,"93-0-46-68-139-193-41-115-5-42-181-159-69-108-18-22-146-34-160-48-54-177-10-190-84-184-43-116-65-59-118-51-151-133-162-123-127-70-135-154-180-53-121-100-26-86-75-44-25-16-171-175-113-56-31-78-145-179-196-81-90-40-165-185-106-178-138-14-144-62-9-148-102-49-52-55-92-57-129-82-120-2-101-1-97-152-124-94-63-79-80-176-137-23-186-89-183-143-117-140"
57,71750,100,23180,94930,"135-180-63-79-133-51-118-59-115-46-0-143-117-93-140-68-139-193-41-5-42-181-159-69-108-18-22-146-34-160-48-54-177-184-43-116-65-149-123-127-162-151-80-176-137-23-183-89-186-114-15-9-62-144-14-138-165-40-185-90-81-196-179-145-78-31-56-113-175-171-16-25-44-120-2-129-92-57-55-52-106-178-49-102-148-124-94-152-97-1-101-75-86-26-100-121-53-158-154-70"
58,71940,100,23456,95396,"123-162-133-151-149-131-65-116-43-184-84-190-10-177-54-48-160-34-146-22-18-108-69-159-181-42-5-41-193-139-68-46-115-59-118-51-0-117-143-183-89-186-23-137-176-80-79-63-94-124-152-97-1-101-2-120-82-129-57-92-55-52-49-102-148-9-62-144-14-138-178-106-185-165-40-90-81-196-179-145-78-31-56-113-175-171-16-25-44-75-86-26-100-121-53-180-154-135-70-127"
59,71602,100,23316,94918,"15-144-14-138-165-40-185-90-81-196-179-145-78-31-56-113-175-171-16-25-44-120-75-86-26-189-94-63-79-80-176-133-151-51-118-59-115-46-0-137-23-186-89-183-143-117-93-140-68-139-193-41-5-42-181-159-69-108-18-22-146-34-160-48-54-177-10-190-184-43-116-65-131-149-162-123-127-70-135-154-180-53-100-101-1-97-152-2-129-92-57-55-52-106-178-49-102-62-9-148"
60,71905,100,23579,95484,"129-57-92-55-52-49-102-148-9-62-144-14-138-178-106-185-165-40-90-81-196-179-145-78-31-56-113-175-171-16-25-44-120-75-86-26-189-94-63-79-80-176-133-151-51-118-59-115-46-0-137-23-186-89-183-143-117-93-140-68-139-193-41-5-42-181-159-69-108-18-22-146-34-160-48-54-177-10-190-84-184-43-116-65-131-149-162-123-127-70-135-154-180-53-100-101-1-97-152-2"
61,73081,100,23748,96829,"45-162-133-135-70-154-180-53-121-100-26-86-75-44-25-16-171-175-113-56-31-78-145-179-196-81-90-40-165-185-106-178-138-14-144-62-9-148-102-49-52-55-92-57-129-82-120-2-101-1-97-152-124-94-63-79-80-176-137-23-186-89-183-143-117-0-51-118-59-115-46-68-139-193-41-5-42-181-159-69-108-18-22-146-34-160-48-54-177-10-190-84-184-43-116-65-149-123-127-151"
62,72214,100,24115,96329,"190-4-112-127-70-135-154-180-53-121-100-26-86-75-44-25-16-171-175-113-56-31-78-145-179-196-81-90-40-165-185-106-178-138-14-144-62-9-148-102-49-52-55-92-57-129-82-120-2-101-1-97-152-124-94-63-79-80-176-137-23-89-183-143-117-0-51-133-151-162-123-149-131-35-184-43-65-116-59-118-115-46-68-139-193-41-159-69-108-18-22-146-42-181-160-34-48-54-177-10"
63,72287,100,23801,96088,"48-34-160-181-42-195-146-22-18-108-69-159-41-193-139-68-140-93-117-143-183-89-186-23-137-176-80-79-63-94-124-152-97-1-101-2-120-82-129-57-92-55-52-49-102-148-9-62-144-14-138-178-106-185-165-40-90-81-196-179-145-78-31-56-113-175-171-16-25-44-75-86-26-100-121-53-180-154-135-70-127-123-162-133-151-51-0-46-115-118-59-116-65-43-184-84-190-10-177-54"
64,72621,100,23434,96055,"132-14-138-165-40-185-90-81-196-179-145-78-31-56-113-175-171-16-25-44-120-75-86-26-189-94-63-79-80-176-133-151-51-118-59-115-46-0-137-23-186-89-183-143-117-93-140-68-139-193-41-5-42-181-159-69-108-18-22-146-34-160-48-54-177-10-190-184-43-116-65-131-149-162-123-127-70-135-154-180-53-100-101-1-97-152-2-129-92-57-55-52-106-178-49-102-148-9-62-144"
65,71523,100,23197,94720,"144-14-138-165-40-185-90-81-196-179-145-78-31-56-113-175-171-16-25-44-120-75-86-26-189-94-63-79-80-176-133-151-51-118-59-115-46-0-137-23-186-89-183-143-117-93-140-68-139-193-41-5-42-181-159-69-108-18-22-146-34-160-48-54-177-10-190-84-184-43-116-65-131-149-162-123-127-70-135-154-180-53-100-101-1-97-152-2-129-92-57-55-52-106-178-49-102-148-9-62"
66,71385,100,23490,94875,"181-146-22-18-108-69-159-193-41-139-68-46-115-59-118-51-0-117-143-183-89-186-23-137-176-80-79-63-94-124-152-97-1-101-2-120-82-129-57-92-55-52-49-102-148-9-62-144-14-138-178-106-185-165-40-90-81-196-179-145-78-31-56-113-175-171-16-25-44-75-86-26-100-121-53-180-154-70-135-133-151-162-127-123-149-65-116-43-42-184-84-112-4-190-10-177-54-48-160-34"
67,72749,100,23378,96127,"99-97-26-100-86-75-101-1-152-94-124-148-102-49-178-106-52-55-57-92-129-2-120-44-25-16-171-175-113-56-31-78-145-179-196-81-90-185-40-165-138-14-144-62-9-15-114-186-89-183-23-137-176-80-151-162-127-123-149-65-116-43-184-177-54-48-160-34-146-22-18-108-69-159-181-42-5-41-193-139-68-140-93-117-143-0-46-115-59-118-51-133-79-63-180-135-70-154-158-53"
68,72214,100,24115,96329,"10-190-4-112-127-70-135-154-180-53-121-100-26-86-75-44-25-16-171-175-113-56-31-78-145-179-196-81-90-40-165-185-106-178-138-14-144-62-9-148-102-49-52-55-92-57-129-82-120-2-101-1-97-152-124-94-63-79-80-176-137-23-89-183-143-117-0-51-133-151-162-123-149-131-35-184-43-65-116-59-118-115-46-68-139-193-41-159-69-108-18-22-146-42-181-160-34-48-54-177"
69,72431,100,23408,95839,"156-127-123-162-151-133-135-70-154-180-53-121-100-26-86-75-44-25-16-171-175-113-56-31-78-145-179-196-81-90-40-165-185-106-178-138-14-144-62-9-148-102-49-52-55-92-57-129-82-120-2-101-1-97-152-124-94-63-79-80-176-137-23-186-89-183-143-117-0-51-118-59-115-139-68-46-65-116-43-42-5-41-193-159-69-108-18-22-146-181-34-160-48-54-177-184-35-84-4-112"
70,71947,100,23578,95525,"41-5-42-181-159-69-108-18-22-146-34-160-48-54-177-10-190-4-84-184-43-116-65-149-123-127-162-151-133-135-70-154-180-53-121-100-26-86-75-44-25-16-171-175-113-56-31-78-145-179-196-81-90-40-165-185-106-178-138-14-144-62-9-148-102-49-52-55-92-57-129-82-120-2-101-1-97-152-124-94-63-79-80-176-137-23-186-89-183-143-117-0-51-118-59-115-46-68-139-193"
71,72645,100,23364,96009,"67-108-69-18-22-146-159-193-41-5-42-181-34-160-48-54-177-10-190-84-184-43-116-65-149-123-127-162-151-133-135-70-154-180-53-121-100-26-86-75-44-25-16-171-175-113-56-31-78-145-179-196-81-90-40-165-185-106-178-138-14-144-62-9-148-102-49-52-55-92-57-129-82-120-2-101-1-97-152-124-94-63-79-80-176-137-51-118-59-115-139-46-68-0-89-183-143-117-93-140"
72,71523,100,23197,94720,"106-52-55-57-92-129-2-152-97-1-101-100-53-180-154-135-70-127-123-162-149-131-65-116-43-184-84-190-10-177-54-48-160-34-146-22-18-108-69-159-181-42-5-41-193-139-68-140-93-117-143-183-89-186-23-137-0-46-115-59-118-51-151-133-176-80-79-63-94-189-26-86-75-120-44-25-16-171-175-113-56-31-78-145-179-196-81-90-185-40-165-138-14-144-62-9-148-102-49-178"
73,72261,100,22842,95103,"83-89-183-143-117-0-46-68-139-193-41-115-5-42-181-159-69-108-18-22-146-34-160-48-54-177-10-190-4-84-184-43-116-65-59-118-51-151-133-162-123-127-70-135-154-180-53-121-100-26-86-75-44-25-16-171-175-113-56-31-78-145-179-196-81-90-40-165-185-106-178-138-14-144-62-9-148-102-49-52-55-92-57-129-82-120-2-101-1-97-152-124-94-63-79-80-176-137-23-186"
74,72772,100,23521,96293,"168-145-179-196-81-90-40-165-185-106-178-138-14-144-62-9-148-102-49-52-55-92-57-129-2-152-97-1-101-100-53-180-154-135-70-127-123-162-149-131-65-116-43-184-190-10-177-54-48-160-34-146-22-18-108-69-159-181-42-5-41-193-139-68-140-93-117-143-183-89-186-23-137-0-46-115-59-118-51-151-133-176-80-79-63-94-189-26-86-75-120-44-25-16-171-175-113-56-31-78"
75,73217,100,24027,97244,"98-196-157-31-56-113-175-171-16-25-44-120-75-86-26-94-63-79-80-176-133-151-51-118-59-115-46-0-137-23-89-183-143-117-93-140-68-139-193-41-5-42-181-159-69-108-18-22-146-34-160-48-54-177-184-43-116-65-149-162-123-127-70-135-154-180-53-100-101-1-97-152-2-82-78-145-179-92-129-57-55-52-49-102-148-9-62-144-14-138-178-106-185-40-165-39-164-27-90-81"
76,71385,100,23490,94875,"181-146-22-18-108-69-159-193-41-139-68-46-115-59-118-51-0-117-143-183-89-186-23-137-176-80-79-63-94-124-152-97-1-101-2-120-82-129-57-92-55-52-49-102-148-9-62-144-14-138-178-106-185-165-40-90-81-196-179-145-78-31-56-113-175-171-16-25-44-75-86-26-100-121-53-180-154-70-135-133-151-162-127-123-149-65-116-43-42-184-84-112-4-190-10-177-54-48-160-34"
77,72536,100,23768,96304,"136-121-100-26-86-75-44-25-16-171-175-113-56-31-78-145-179-196-81-90-40-165-185-106-178-138-14-144-62-9-148-102-49-52-55-92-57-129-82-120-2-101-1-97-152-124-94-63-79-80-176-137-23-186-89-183-143-117-0-51-118-59-115-46-68-139-193-41-5-42-181-159-69-108-18-22-146-34-160-48-54-177-10-190-84-184-43-116-65-149-123-127-162-151-133-180-135-70-154-53"
78,71947,100,23578,95525,"116-43-184-84-4-190-10-177-54-48-160-34-146-22-18-108-69-159-181-42-5-41-193-139-68-46-115-59-118-51-0-117-143-183-89-186-23-137-176-80-79-63-94-124-152-97-1-101-2-120-82-129-57-92-55-52-49-102-148-9-62-144-14-138-178-106-185-165-40-90-81-196-179-145-78-31-56-113-175-171-16-25-44-75-86-26-100-121-53-180-154-70-135-133-151-162-127-123-149-65"
79,71108,100,22981,94089,"143-183-89-186-23-137-176-80-79-63-94-124-152-97-1-101-2-120-82-129-57-92-55-52-49-102-148-9-62-144-14-138-178-106-185-165-40-90-81-196-179-145-78-31-56-113-175-171-16-25-44-75-86-26-100-121-53-180-154-135-70-127-123-162-133-151-51-118-59-65-116-43-184-84-112-4-190-10-177-54-48-160-34-146-22-18-108-69-159-181-42-5-115-41-193-139-68-46-0-117"
80,71947,100,23578,95525,"149-123-127-162-151-133-135-70-154-180-53-121-100-26-86-75-44-25-16-171-175-113-56-31-78-145-179-196-81-90-40-165-185-106-178-138-14-144-62-9-148-102-49-52-55-92-57-129-82-120-2-101-1-97-152-124-94-63-79-80-176-137-23-186-89-183-143-117-0-51-118-59-115-46-68-139-193-41-5-42-181-159-69-108-18-22-146-34-160-48-54-177-10-190-4-84-184-43-116-65"
81,71385,100,23490,94875,"22-146-181-34-160-48-54-177-10-190-4-112-84-184-42-43-116-65-149-123-127-162-151-133-135-70-154-180-53-121-100-26-86-75-44-25-16-171-175-113-56-31-78-145-179-196-81-90-40-165-185-106-178-138-14-144-62-9-148-102-49-52-55-92-57-129-82-120-2-101-1-97-152-124-94-63-79-80-176-137-23-186-89-183-143-117-0-51-118-59-115-46-68-139-41-193-159-69-108-18"
82,71861,100,23291,95152,"124-152-97-1-101-75-86-26-100-121-53-158-154-70-135-180-63-79-133-51-118-59-115-46-0-143-117-93-140-68-139-193-41-5-42-181-159-69-108-18-22-146-34-160-48-54-177-184-43-116-65-149-123-127-162-151-80-176-137-23-183-89-186-114-15-9-62-144-14-138-165-40-185-90-81-196-179-145-78-31-56-113-175-171-16-25-44-120-2-129-92-57-55-52-106-178-49-102-148-94"
83,72516,100,23221,95737,"130-148-102-49-178-106-52-55-57-92-129-2-120-44-25-16-171-175-113-56-31-78-145-179-196-81-90-185-40-165-138-14-144-62-9-15-114-186-89-183-23-137-176-80-151-162-127-123-149-65-116-43-184-177-54-48-160-34-146-22-18-108-69-159-181-42-5-41-193-139-68-140-93-117-143-0-46-115-59-118-51-133-79-63-180-135-70-154-158-53-121-100-26-86-75-101-1-97-152-94"
84,72402,100,23479,95881,"169-40-90-165-138-14-144-62-9-148-102-49-178-106-52-55-57-92-129-2-152-97-1-101-100-53-180-154-135-70-127-123-162-149-131-65-116-43-184-190-10-177-54-48-160-34-146-22-18-108-69-159-181-42-5-41-193-139-68-140-93-117-143-183-89-186-23-137-0-46-115-59-118-51-151-133-176-80-79-63-94-189-26-86-75-120-44-25-16-171-175-113-56-31-78-145-179-185-81-196"
85,71385,100,23490,94875,"181-146-22-18-108-69-159-193-41-139-68-46-115-59-118-51-0-117-143-183-89-186-23-137-176-80-79-63-94-124-152-97-1-101-2-120-82-129-57-92-55-52-49-102-148-9-62-144-14-138-178-106-185-165-40-90-81-196-179-145-78-31-56-113-175-171-16-25-44-75-86-26-100-121-53-180-154-70-135-133-151-162-127-123-149-65-116-43-42-184-84-112-4-190-10-177-54-48-160-34"
86,72083,100,23661,95744,"184-43-65-116-59-118-115-46-0-51-151-133-162-123-127-70-135-154-180-53-121-100-26-86-75-44-25-16-171-175-113-56-31-78-145-179-196-81-90-40-165-185-106-178-138-14-144-62-9-148-102-49-52-55-92-57-129-82-120-2-101-1-97-152-124-94-63-79-80-176-137-23-186-89-183-143-117-93-140-68-139-193-41-5-42-181-159-69-108-18-22-146-34-160-48-54-177-10-190-84"
87,72214,100,24115,96329,"10-190-4-112-127-70-135-154-180-53-121-100-26-86-75-44-25-16-171-175-113-56-31-78-145-179-196-81-90-40-165-185-106-178-138-14-144-62-9-148-102-49-52-55-92-57-129-82-120-2-101-1-97-152-124-94-63-79-80-176-137-23-89-183-143-117-0-51-133-151-162-123-149-131-35-184-43-65-116-59-118-115-46-68-139-193-41-159-69-108-18-22-146-42-181-160-34-48-54-177"
88,71968,100,23472,95440,"159-146-22-18-69-108-140-93-117-143-183-89-0-68-46-139-115-59-118-51-137-176-80-79-63-94-124-152-97-1-101-2-120-82-129-57-92-55-52-49-102-148-9-62-144-14-138-178-106-185-165-40-90-81-196-179-145-78-31-56-113-175-171-16-25-44-75-86-26-100-121-53-180-154-70-135-133-151-162-127-123-149-65-116-43-184-84-4-190-10-177-54-48-160-34-181-42-5-41-193"
89,71750,100,23180,94930,"94-152-97-1-101-75-86-26-100-121-53-158-154-70-135-180-63-79-133-51-118-59-115-46-0-143-117-93-140-68-139-193-41-5-42-181-159-69-108-18-22-146-34-160-48-54-177-184-43-116-65-149-123-127-162-151-80-176-137-23-183-89-186-114-15-9-62-144-14-138-165-40-185-90-81-196-179-145-78-31-56-113-175-171-16-25-44-120-2-129-92-57-55-52-106-178-49-102-148-124"
90,71836,100,23029,94865,"153-0-117-143-183-89-186-23-137-176-80-79-63-94-124-152-97-1-101-2-120-82-129-57-92-55-52-49-102-148-9-62-144-14-138-178-106-185-165-40-90-81-196-179-145-78-31-56-113-175-171-16-25-44-75-86-26-100-121-53-180-154-135-70-127-123-162-133-151-51-118-59-65-116-43-184-84-4-190-10-177-54-48-160-34-146-22-18-108-69-159-181-42-5-115-41-193-139-68-46"
91,72621,100,23434,96055,"132-14-138-165-40-185-90-81-196-179-145-78-31-56-113-175-171-16-25-44-120-75-86-26-189-94-63-79-80-176-133-151-51-118-59-115-46-0-137-23-186-89-183-143-117-93-140-68-139-193-41-5-42-181-159-69-108-18-22-146-34-160-48-54-177-10-190-184-43-116-65-131-149-162-123-127-70-135-154-180-53-100-101-1-97-152-2-129-92-57-55-52-106-178-49-102-148-9-62-144"
92,71750,100,23180,94930,"70-154-158-53-121-100-26-86-75-101-1-97-152-94-124-148-102-49-178-106-52-55-57-92-129-2-120-44-25-16-171-175-113-56-31-78-145-179-196-81-90-185-40-165-138-14-144-62-9-15-114-186-89-183-23-137-176-80-151-162-127-123-149-65-116-43-184-177-54-48-160-34-146-22-18-108-69-159-181-42-5-41-193-139-68-140-93-117-143-0-46-115-59-118-51-133-79-63-180-135"
93,72899,100,23524,96423,"12-148-102-49-178-106-52-55-185-40-196-81-90-165-138-14-144-62-9-15-114-186-89-183-23-137-176-80-151-162-123-149-65-116-43-184-177-54-48-160-34-146-22-18-108-69-159-181-42-5-41-193-139-68-140-93-117-143-0-46-115-59-118-51-133-79-63-180-135-70-154-158-53-121-100-26-86-75-44-25-16-171-175-113-56-31-78-145-179-92-57-129-82-120-2-101-1-97-152-94"
94,72453,100,23604,96057,"105-116-43-184-84-190-10-177-54-48-160-34-146-22-18-108-69-159-181-42-5-41-193-139-68-46-115-118-59-51-0-117-143-183-89-186-23-137-176-80-79-63-94-124-152-97-1-101-2-120-82-129-57-92-55-52-49-102-148-9-62-144-14-138-178-106-185-165-40-90-81-196-179-145-78-31-56-113-175-171-16-25-44-75-86-26-100-121-53-180-154-70-135-133-151-162-127-123-149-65"
95,72370,100,23528,95898,"77-43-184-190-10-177-54-48-160-34-146-22-18-108-69-159-181-42-5-41-193-139-68-140-93-117-143-183-89-186-23-137-176-80-79-63-94-124-152-97-1-101-2-120-82-129-57-92-55-52-49-102-148-9-62-144-14-138-178-106-185-165-40-90-81-196-179-145-78-31-56-113-175-171-16-25-44-75-86-26-100-121-53-180-154-135-70-127-123-162-133-151-51-0-46-115-118-59-116-65"
96,72377,100,23627,96004,"72-51-0-117-143-183-89-186-23-137-176-80-79-63-94-124-152-97-1-101-2-120-82-129-57-92-55-52-49-102-148-9-62-144-14-138-178-106-185-165-40-90-81-196-179-145-78-31-56-113-175-171-16-25-44-75-86-26-100-121-53-180-154-70-135-133-151-162-127-123-149-65-116-43-184-84-190-10-177-54-48-160-34-146-22-18-108-69-159-181-42-5-41-193-139-68-46-115-118-59"
97,72621,100,23434,96055,"132-14-138-165-40-185-90-81-196-179-145-78-31-56-113-175-171-16-25-44-120-75-86-26-189-94-63-79-80-176-133-151-51-118-59-115-46-0-137-23-186-89-183-143-117-93-140-68-139-193-41-5-42-181-159-69-108-18-22-146-34-160-48-54-177-10-190-184-43-116-65-131-149-162-123-127-70-135-154-180-53-100-101-1-97-152-2-129-92-57-55-52-106-178-49-102-148-9-62-144"
98,72110,100,23205,95315,"91-196-81-90-40-165-185-106-178-138-14-144-62-9-148-102-49-52-55-57-92-129-2-152-97-1-101-100-53-180-154-135-70-127-123-162-149-131-65-116-43-184-190-10-177-54-48-160-34-146-22-18-108-69-159-181-42-5-41-193-139-68-140-93-117-143-183-89-186-23-137-0-46-115-59-118-51-151-133-176-80-79-63-94-189-26-86-75-120-44-25-16-171-175-113-56-31-78-145-179"
99,71687,100,23361,95048,"55-178-106-49-102-148-9-62-144-14-138-165-40-185-90-81-196-179-145-78-31-56-113-175-171-16-25-44-120-75-86-26-189-94-63-79-80-176-133-151-51-118-59-115-46-0-137-23-186-89-183-143-117-93-140-68-139-193-41-5-42-181-159-69-108-18-22-146-34-160-48-54-177-10-190-84-184-43-116-65-131-149-162-123-127-70-135-154-180-53-100-101-1-97-152-2-129-92-57-52"
100,72641,100,23748,96389,"194-127-123-162-133-151-149-131-65-116-43-184-190-10-177-54-48-160-34-146-22-18-108-69-159-181-42-5-41-193-139-68-46-115-59-118-51-0-117-143-183-89-186-23-137-176-80-79-63-94-124-152-97-1-101-2-120-82-129-57-92-55-52-49-102-148-9-62-144-14-138-178-106-185-165-40-90-81-196-179-145-78-31-56-113-175-171-16-25-44-75-86-26-100-121-180-53-154-70-135"
