SolutionID,TotalCost,NumNodes,TotalDistance,ObjectiveFunction,TotalRunningTime,Cycle
1,71108,100,22981,94089,26,"143-183-89-186-23-137-176-80-79-63-94-124-152-97-1-101-2-120-82-129-57-92-55-52-49-102-148-9-62-144-14-138-178-106-185-165-40-90-81-196-179-145-78-31-56-113-175-171-16-25-44-75-86-26-100-121-53-180-154-135-70-127-123-162-133-151-51-118-59-65-116-43-184-84-112-4-190-10-177-54-48-160-34-146-22-18-108-69-159-181-42-5-115-41-193-139-68-46-0-117"
2,72164,100,23636,95800,9,"27-71-164-7-95-39-165-138-14-144-62-9-148-102-49-178-106-52-55-57-92-129-2-152-97-1-101-100-53-180-154-135-70-127-123-162-149-65-116-43-184-177-54-48-160-34-146-22-18-108-69-159-181-42-5-41-193-139-68-140-93-117-143-183-89-23-137-0-46-115-59-118-51-151-133-176-80-79-63-94-26-86-75-120-44-25-16-171-175-113-56-31-78-145-179-196-81-185-40-90"
3,72475,100,23085,95560,10,"61-144-14-138-165-40-185-90-81-196-179-145-78-31-56-113-175-171-16-25-44-120-75-86-26-189-94-63-79-80-176-133-151-51-118-59-115-46-0-137-23-186-89-183-143-117-93-140-68-139-193-41-5-42-181-159-69-108-18-22-146-34-160-48-54-177-10-190-184-43-116-65-131-149-162-123-127-70-135-154-180-53-100-101-1-97-152-2-129-92-57-55-52-106-178-49-102-62-9-148"
4,71385,100,23490,94875,5,"160-48-54-177-10-190-4-112-84-184-42-43-116-65-149-123-127-162-151-133-135-70-154-180-53-121-100-26-86-75-44-25-16-171-175-113-56-31-78-145-179-196-81-90-40-165-185-106-178-138-14-144-62-9-148-102-49-52-55-92-57-129-82-120-2-101-1-97-152-124-94-63-79-80-176-137-23-186-89-183-143-117-0-51-118-59-115-46-68-139-41-193-159-69-108-18-22-146-181-34"
5,72899,100,23524,96423,10,"12-148-102-49-178-106-52-55-185-40-196-81-90-165-138-14-144-62-9-15-114-186-89-183-23-137-176-80-151-162-123-149-65-116-43-184-177-54-48-160-34-146-22-18-108-69-159-181-42-5-41-193-139-68-140-93-117-143-0-46-115-59-118-51-133-79-63-180-135-70-154-158-53-121-100-26-86-75-44-25-16-171-175-113-56-31-78-145-179-92-57-129-82-120-2-101-1-97-152-94"
6,72164,100,23636,95800,10,"27-71-164-7-95-39-165-138-14-144-62-9-148-102-49-178-106-52-55-57-92-129-2-152-97-1-101-100-53-180-154-135-70-127-123-162-149-65-116-43-184-177-54-48-160-34-146-22-18-108-69-159-181-42-5-41-193-139-68-140-93-117-143-183-89-23-137-0-46-115-59-118-51-151-133-176-80-79-63-94-26-86-75-120-44-25-16-171-175-113-56-31-78-145-179-196-81-185-40-90"
7,71993,100,23509,95502,10,"131-149-123-127-162-151-133-135-70-154-180-53-121-100-26-86-75-44-25-16-171-175-113-56-31-78-145-179-196-81-90-40-165-185-106-178-138-14-144-62-9-148-102-49-52-55-92-57-129-82-120-2-101-1-97-152-124-94-63-79-80-176-137-23-186-89-183-143-117-0-51-118-59-115-46-68-139-193-41-5-42-181-159-69-108-18-22-146-34-160-48-54-177-10-190-84-184-43-116-65"
8,72536,100,23768,96304,9,"136-121-100-26-86-75-44-25-16-171-175-113-56-31-78-145-179-196-81-90-40-165-185-106-178-138-14-144-62-9-148-102-49-52-55-92-57-129-82-120-2-101-1-97-152-124-94-63-79-80-176-137-23-186-89-183-143-117-0-51-118-59-115-46-68-139-193-41-5-42-181-159-69-108-18-22-146-34-160-48-54-177-10-190-84-184-43-116-65-149-123-127-162-151-133-180-135-70-154-53"
9,72529,100,23535,96064,4,"38-145-78-92-179-196-81-90-40-165-185-106-178-138-14-144-62-9-148-102-49-52-55-57-129-2-152-97-1-101-100-53-180-154-135-70-127-123-162-149-131-65-116-43-184-190-10-177-54-48-160-34-146-22-18-108-69-159-181-42-5-41-193-139-68-140-93-117-143-183-89-186-23-137-0-46-115-59-118-51-151-133-176-80-79-63-94-189-26-86-75-120-44-25-16-171-175-113-56-31"
10,72164,100,23636,95800,3,"95-7-164-71-27-90-40-185-81-196-179-145-78-31-56-113-175-171-16-25-44-120-75-86-26-94-63-79-80-176-133-151-51-118-59-115-46-0-137-23-89-183-143-117-93-140-68-139-193-41-5-42-181-159-69-108-18-22-146-34-160-48-54-177-184-43-116-65-149-162-123-127-70-135-154-180-53-100-101-1-97-152-2-129-92-57-55-52-106-178-49-102-148-9-62-144-14-138-165-39"
11,73081,100,23748,96829,4,"45-162-133-135-70-154-180-53-121-100-26-86-75-44-25-16-171-175-113-56-31-78-145-179-196-81-90-40-165-185-106-178-138-14-144-62-9-148-102-49-52-55-92-57-129-82-120-2-101-1-97-152-124-94-63-79-80-176-137-23-186-89-183-143-117-0-51-118-59-115-46-68-139-193-41-5-42-181-159-69-108-18-22-146-34-160-48-54-177-10-190-84-184-43-116-65-149-123-127-151"
12,72039,100,23020,95059,3,"155-14-138-165-40-185-90-81-196-179-145-78-31-56-113-175-171-16-25-44-120-75-86-26-189-94-63-79-80-176-133-151-51-118-59-115-46-0-137-23-186-89-183-143-117-93-140-68-139-193-41-5-42-181-159-69-108-18-22-146-34-160-48-54-177-10-190-184-43-116-65-131-149-162-123-127-70-135-154-180-53-100-101-1-97-152-2-129-92-57-55-52-106-178-49-102-148-9-62-144"
13,73093,100,23811,96904,4,"17-196-81-90-27-164-39-165-40-185-106-178-138-14-144-62-9-148-102-49-52-55-57-129-92-179-145-78-82-2-152-97-1-101-100-53-180-154-135-70-127-123-162-149-65-116-43-184-177-54-48-160-34-146-22-18-108-69-159-181-42-5-41-193-139-68-140-93-117-143-183-89-23-137-0-46-115-59-118-51-151-133-176-80-79-63-94-26-86-75-120-44-25-16-171-175-113-56-31-157"
14,71905,100,23579,95484,3,"78-31-56-113-175-171-16-25-44-120-75-86-26-189-94-63-79-80-176-133-151-51-118-59-115-46-0-137-23-186-89-183-143-117-93-140-68-139-193-41-5-42-181-159-69-108-18-22-146-34-160-48-54-177-10-190-84-184-43-116-65-131-149-162-123-127-70-135-154-180-53-100-101-1-97-152-2-129-57-92-55-52-49-102-148-9-62-144-14-138-178-106-185-165-40-90-81-196-179-145"
15,71947,100,23578,95525,4,"59-115-46-68-139-193-41-5-42-181-159-69-108-18-22-146-34-160-48-54-177-10-190-4-84-184-43-116-65-149-123-127-162-151-133-135-70-154-180-53-121-100-26-86-75-44-25-16-171-175-113-56-31-78-145-179-196-81-90-40-165-185-106-178-138-14-144-62-9-148-102-49-52-55-92-57-129-82-120-2-101-1-97-152-124-94-63-79-80-176-137-23-186-89-183-143-117-0-51-118"
16,71993,100,23509,95502,3,"131-149-123-127-162-151-133-135-70-154-180-53-121-100-26-86-75-44-25-16-171-175-113-56-31-78-145-179-196-81-90-40-165-185-106-178-138-14-144-62-9-148-102-49-52-55-92-57-129-82-120-2-101-1-97-152-124-94-63-79-80-176-137-23-186-89-183-143-117-0-51-118-59-115-46-68-139-193-41-5-42-181-159-69-108-18-22-146-34-160-48-54-177-10-190-84-184-43-116-65"
17,71940,100,23456,95396,4,"176-137-23-186-89-183-143-117-0-51-118-59-115-46-68-139-193-41-5-42-181-159-69-108-18-22-146-34-160-48-54-177-10-190-84-184-43-116-65-131-149-151-133-162-123-127-70-135-154-180-53-121-100-26-86-75-44-25-16-171-175-113-56-31-78-145-179-196-81-90-40-165-185-106-178-138-14-144-62-9-148-102-49-52-55-92-57-129-82-120-2-101-1-97-152-124-94-63-79-80"
18,71641,100,22771,94412,4,"170-117-0-46-68-139-193-41-115-5-42-181-159-69-108-18-22-146-34-160-48-54-177-10-190-4-84-184-43-116-65-59-118-51-151-133-162-123-127-70-135-154-180-53-121-100-26-86-75-44-25-16-171-175-113-56-31-78-145-179-196-81-90-40-165-185-106-178-138-14-144-62-9-148-102-49-52-55-92-57-129-82-120-2-101-1-97-152-124-94-63-79-80-176-137-23-186-89-183-143"
19,72431,100,23408,95839,3,"156-127-123-162-151-133-135-70-154-180-53-121-100-26-86-75-44-25-16-171-175-113-56-31-78-145-179-196-81-90-40-165-185-106-178-138-14-144-62-9-148-102-49-52-55-92-57-129-82-120-2-101-1-97-152-124-94-63-79-80-176-137-23-186-89-183-143-117-0-51-118-59-115-139-68-46-65-116-43-42-5-41-193-159-69-108-18-22-146-181-34-160-48-54-177-184-35-84-4-112"
20,71708,100,23286,94994,4,"93-0-46-68-139-193-41-115-5-42-181-159-69-108-18-22-146-34-160-48-54-177-10-190-84-184-43-116-65-59-118-51-151-133-162-123-127-70-135-154-180-53-121-100-26-86-75-44-25-16-171-175-113-56-31-78-145-179-196-81-90-40-165-185-106-178-138-14-144-62-9-148-102-49-52-55-92-57-129-82-120-2-101-1-97-152-124-94-63-79-80-176-137-23-186-89-183-143-117-140"
21,72218,100,23381,95599,3,"69-108-18-20-22-146-159-193-41-5-42-181-34-160-48-54-177-10-190-84-184-43-116-65-149-123-127-162-151-133-135-70-154-180-53-121-100-26-86-75-44-25-16-171-175-113-56-31-78-145-179-196-81-90-40-165-185-106-178-138-14-144-62-9-148-102-49-52-55-92-57-129-82-120-2-101-1-97-152-124-94-63-79-80-176-137-23-186-89-183-143-117-0-51-118-59-115-46-68-139"
22,72754,100,23520,96274,4,"13-31-145-78-92-179-196-81-90-40-165-185-106-178-138-14-144-62-9-148-102-49-52-55-57-129-2-152-97-1-101-100-53-180-154-135-70-127-123-162-149-131-65-116-43-184-190-10-177-54-48-160-34-146-22-18-108-69-159-181-42-5-41-193-139-68-140-93-117-143-183-89-186-23-137-0-46-115-59-118-51-151-133-176-80-79-63-94-189-26-86-75-120-44-25-16-171-175-113-56"
23,71708,100,23286,94994,3,"93-0-46-68-139-193-41-115-5-42-181-159-69-108-18-22-146-34-160-48-54-177-10-190-84-184-43-116-65-59-118-51-151-133-162-123-127-70-135-154-180-53-121-100-26-86-75-44-25-16-171-175-113-56-31-78-145-179-196-81-90-40-165-185-106-178-138-14-144-62-9-148-102-49-52-55-92-57-129-82-120-2-101-1-97-152-124-94-63-79-80-176-137-23-186-89-183-143-117-140"
24,71385,100,23490,94875,4,"146-181-34-160-48-54-177-10-190-4-112-84-184-42-43-116-65-149-123-127-162-151-133-135-70-154-180-53-121-100-26-86-75-44-25-16-171-175-113-56-31-78-145-179-196-81-90-40-165-185-106-178-138-14-144-62-9-148-102-49-52-55-92-57-129-82-120-2-101-1-97-152-124-94-63-79-80-176-137-23-186-89-183-143-117-0-51-118-59-115-46-68-139-41-193-159-69-108-18-22"
25,72263,100,23490,95753,6,"199-139-68-46-115-59-118-51-0-117-143-183-89-186-23-137-176-80-79-63-94-124-152-97-1-101-2-120-82-129-57-92-55-52-49-102-148-9-62-144-14-138-178-106-185-165-40-90-81-196-179-145-78-31-56-113-175-171-16-25-44-75-86-26-100-121-53-180-154-70-135-133-151-162-127-123-149-65-116-43-184-84-190-10-177-54-48-160-34-181-42-5-41-193-159-146-22-18-108-69"
26,71687,100,23361,95048,4,"55-178-106-49-102-148-9-62-144-14-138-165-40-185-90-81-196-179-145-78-31-56-113-175-171-16-25-44-120-75-86-26-189-94-63-79-80-176-133-151-51-118-59-115-46-0-137-23-186-89-183-143-117-93-140-68-139-193-41-5-42-181-159-69-108-18-22-146-34-160-48-54-177-10-190-84-184-43-116-65-131-149-162-123-127-70-135-154-180-53-100-101-1-97-152-2-129-92-57-52"
27,71993,100,23509,95502,3,"131-149-123-127-162-151-133-135-70-154-180-53-121-100-26-86-75-44-25-16-171-175-113-56-31-78-145-179-196-81-90-40-165-185-106-178-138-14-144-62-9-148-102-49-52-55-92-57-129-82-120-2-101-1-97-152-124-94-63-79-80-176-137-23-186-89-183-143-117-0-51-118-59-115-46-68-139-193-41-5-42-181-159-69-108-18-22-146-34-160-48-54-177-10-190-84-184-43-116-65"
28,71905,100,23579,95484,4,"145-179-196-81-90-40-165-185-106-178-138-14-144-62-9-148-102-49-52-55-92-57-129-2-152-97-1-101-100-53-180-154-135-70-127-123-162-149-131-65-116-43-184-84-190-10-177-54-48-160-34-146-22-18-108-69-159-181-42-5-41-193-139-68-140-93-117-143-183-89-186-23-137-0-46-115-59-118-51-151-133-176-80-79-63-94-189-26-86-75-120-44-25-16-171-175-113-56-31-78"
29,71708,100,23286,94994,3,"93-0-46-68-139-193-41-115-5-42-181-159-69-108-18-22-146-34-160-48-54-177-10-190-84-184-43-116-65-59-118-51-151-133-162-123-127-70-135-154-180-53-121-100-26-86-75-44-25-16-171-175-113-56-31-78-145-179-196-81-90-40-165-185-106-178-138-14-144-62-9-148-102-49-52-55-92-57-129-82-120-2-101-1-97-152-124-94-63-79-80-176-137-23-186-89-183-143-117-140"
30,71108,100,22981,94089,3,"0-46-68-139-193-41-115-5-42-181-159-69-108-18-22-146-34-160-48-54-177-10-190-4-112-84-184-43-116-65-59-118-51-151-133-162-123-127-70-135-154-180-53-121-100-26-86-75-44-25-16-171-175-113-56-31-78-145-179-196-81-90-40-165-185-106-178-138-14-144-62-9-148-102-49-52-55-92-57-129-82-120-2-101-1-97-152-124-94-63-79-80-176-137-23-186-89-183-143-117"
31,72431,100,23408,95839,2,"156-127-123-162-151-133-135-70-154-180-53-121-100-26-86-75-44-25-16-171-175-113-56-31-78-145-179-196-81-90-40-165-185-106-178-138-14-144-62-9-148-102-49-52-55-92-57-129-82-120-2-101-1-97-152-124-94-63-79-80-176-137-23-186-89-183-143-117-0-51-118-59-115-139-68-46-65-116-43-42-5-41-193-159-69-108-18-22-146-181-34-160-48-54-177-184-35-84-4-112"
32,71993,100,23509,95502,3,"131-149-123-127-162-151-133-135-70-154-180-53-121-100-26-86-75-44-25-16-171-175-113-56-31-78-145-179-196-81-90-40-165-185-106-178-138-14-144-62-9-148-102-49-52-55-92-57-129-82-120-2-101-1-97-152-124-94-63-79-80-176-137-23-186-89-183-143-117-0-51-118-59-115-46-68-139-193-41-5-42-181-159-69-108-18-22-146-34-160-48-54-177-10-190-84-184-43-116-65"
33,71108,100,22981,94089,3,"186-89-183-143-117-0-46-68-139-193-41-115-5-42-181-159-69-108-18-22-146-34-160-48-54-177-10-190-4-112-84-184-43-116-65-59-118-51-151-133-162-123-127-70-135-154-180-53-121-100-26-86-75-44-25-16-171-175-113-56-31-78-145-179-196-81-90-40-165-185-106-178-138-14-144-62-9-148-102-49-52-55-92-57-129-82-120-2-101-1-97-152-124-94-63-79-80-176-137-23"
34,73395,100,23511,96906,3,"125-2-120-82-129-57-92-179-145-78-31-56-113-175-171-16-25-44-75-86-53-154-70-135-180-63-79-133-51-118-59-115-46-0-143-117-93-140-68-139-193-41-5-42-181-159-69-108-18-22-146-34-160-48-54-177-184-43-116-65-149-123-162-151-80-176-137-23-183-89-186-114-15-9-62-144-14-138-165-90-81-196-40-185-55-52-106-178-49-102-148-124-94-189-100-26-1-101-97-152"
35,73321,100,23737,97058,3,"76-176-80-151-162-127-123-149-65-116-43-184-190-177-54-48-160-34-146-22-18-108-69-159-181-42-5-41-193-139-68-46-115-59-118-51-133-79-63-180-135-70-154-158-53-121-100-26-86-75-101-1-97-152-94-124-148-102-49-178-106-52-55-57-92-129-2-120-44-25-16-171-175-113-56-31-78-145-179-196-81-90-185-40-165-138-14-144-62-9-15-114-186-137-23-89-183-143-117-0"
36,71935,100,23606,95541,2,"35-84-4-112-127-123-162-151-133-135-70-154-180-53-121-100-26-86-75-44-25-16-171-175-113-56-31-78-145-179-196-81-90-40-165-185-106-178-138-14-144-62-9-148-102-49-52-55-92-57-129-82-120-2-101-1-97-152-124-94-63-79-80-176-137-23-186-89-183-143-117-0-51-118-59-115-139-68-46-65-116-43-42-5-41-193-159-69-108-18-22-146-181-34-160-48-54-177-190-184"
37,72861,100,23747,96608,3,"111-124-94-137-176-80-151-162-127-123-149-65-116-43-184-177-54-48-160-34-146-22-18-108-69-159-181-42-5-41-193-139-68-140-93-117-143-183-89-0-46-115-59-118-51-133-79-63-180-135-70-154-158-53-121-100-26-86-75-101-1-97-152-2-120-44-25-16-171-175-113-56-31-78-145-179-92-129-57-55-52-185-40-196-81-90-27-164-95-39-165-106-178-49-14-144-102-62-9-148"
38,71591,100,23565,95156,2,"26-100-152-94-124-148-102-49-178-106-52-55-57-92-129-2-120-44-25-16-171-175-113-56-31-78-145-179-196-81-90-185-40-165-138-14-144-62-9-15-114-186-89-183-23-137-176-80-151-162-127-123-149-65-116-43-184-190-10-177-54-48-160-34-146-22-18-108-69-159-181-42-5-41-193-139-68-140-93-117-143-0-46-115-59-118-51-133-79-63-180-135-70-154-53-86-75-101-1-97"
39,71108,100,22981,94089,3,"23-137-176-80-79-63-94-124-152-97-1-101-2-120-82-129-57-92-55-52-49-102-148-9-62-144-14-138-178-106-185-165-40-90-81-196-179-145-78-31-56-113-175-171-16-25-44-75-86-26-100-121-53-180-154-135-70-127-123-162-133-151-51-118-59-65-116-43-184-84-112-4-190-10-177-54-48-160-34-146-22-18-108-69-159-181-42-5-115-41-193-139-68-46-0-117-143-183-89-186"
40,71523,100,23197,94720,2,"144-14-138-165-40-185-90-81-196-179-145-78-31-56-113-175-171-16-25-44-120-75-86-26-189-94-63-79-80-176-133-151-51-118-59-115-46-0-137-23-186-89-183-143-117-93-140-68-139-193-41-5-42-181-159-69-108-18-22-146-34-160-48-54-177-10-190-84-184-43-116-65-131-149-162-123-127-70-135-154-180-53-100-101-1-97-152-2-129-92-57-55-52-106-178-49-102-148-9-62"
41,72909,100,23572,96481,3,"142-139-68-46-115-59-118-51-0-117-143-183-89-186-23-137-176-80-79-63-94-124-152-97-1-101-2-120-82-129-57-92-55-52-49-102-148-9-62-144-14-138-178-106-185-165-40-90-81-196-179-145-78-31-56-113-175-171-16-25-44-75-86-26-100-121-53-180-154-70-135-133-151-162-127-123-149-65-116-43-184-84-190-10-177-54-48-160-34-146-22-18-108-69-159-181-42-5-41-193"
42,73278,100,23531,96809,2,"134-108-18-69-139-68-46-115-59-118-51-0-117-143-183-89-186-23-137-176-80-79-63-94-124-152-97-1-101-2-120-82-129-57-92-55-52-49-102-148-9-62-144-14-138-178-106-185-165-40-90-81-196-179-145-78-31-56-113-175-171-16-25-44-75-86-26-100-121-53-180-154-70-135-133-151-162-127-123-149-65-116-43-184-190-10-177-54-48-160-34-181-42-5-41-193-159-146-22-20"
43,71602,100,23316,94918,3,"15-144-14-138-165-40-185-90-81-196-179-145-78-31-56-113-175-171-16-25-44-120-75-86-26-189-94-63-79-80-176-133-151-51-118-59-115-46-0-137-23-186-89-183-143-117-93-140-68-139-193-41-5-42-181-159-69-108-18-22-146-34-160-48-54-177-10-190-184-43-116-65-131-149-162-123-127-70-135-154-180-53-100-101-1-97-152-2-129-92-57-55-52-106-178-49-102-62-9-148"
44,71472,100,23013,94485,2,"119-165-138-14-144-62-9-148-102-49-178-106-52-55-57-92-129-2-152-97-1-101-100-53-180-154-135-70-127-123-162-149-131-65-116-43-184-190-10-177-54-48-160-34-146-22-18-108-69-159-181-42-5-41-193-139-68-140-93-117-143-183-89-186-23-137-0-46-115-59-118-51-151-133-176-80-79-63-94-189-26-86-75-120-44-25-16-171-175-113-56-31-78-145-179-196-81-90-185-40"
45,72017,100,23691,95708,3,"113-56-31-145-78-92-179-196-81-90-40-165-185-106-178-138-14-144-62-9-148-102-49-52-55-57-129-2-152-97-1-101-100-53-180-154-135-70-127-123-162-149-131-65-116-43-184-84-190-10-177-54-48-160-34-146-22-18-108-69-159-181-42-5-41-193-139-68-140-93-117-143-183-89-186-23-137-0-46-115-59-118-51-151-133-176-80-79-63-94-189-26-86-75-120-44-25-16-171-175"
46,71947,100,23578,95525,3,"59-115-46-68-139-193-41-5-42-181-159-69-108-18-22-146-34-160-48-54-177-10-190-4-84-184-43-116-65-149-123-127-162-151-133-135-70-154-180-53-121-100-26-86-75-44-25-16-171-175-113-56-31-78-145-179-196-81-90-40-165-185-106-178-138-14-144-62-9-148-102-49-52-55-92-57-129-82-120-2-101-1-97-152-124-94-63-79-80-176-137-23-186-89-183-143-117-0-51-118"
47,71734,100,23301,95035,2,"195-181-34-160-48-54-177-10-190-4-84-184-42-43-116-65-149-123-127-162-151-133-135-70-154-180-53-121-100-26-86-75-44-25-16-171-175-113-56-31-78-145-179-196-81-90-40-165-185-106-178-138-14-144-62-9-148-102-49-52-55-92-57-129-82-120-2-101-1-97-152-124-94-63-79-80-176-137-23-186-89-183-143-117-0-51-118-59-115-46-68-139-41-193-159-69-108-18-22-146"
48,73081,100,23748,96829,3,"45-162-133-135-70-154-180-53-121-100-26-86-75-44-25-16-171-175-113-56-31-78-145-179-196-81-90-40-165-185-106-178-138-14-144-62-9-148-102-49-52-55-92-57-129-82-120-2-101-1-97-152-124-94-63-79-80-176-137-23-186-89-183-143-117-0-51-118-59-115-46-68-139-193-41-5-42-181-159-69-108-18-22-146-34-160-48-54-177-10-190-84-184-43-116-65-149-123-127-151"
49,72713,100,24137,96850,3,"167-148-9-62-102-144-14-49-178-106-165-39-95-7-164-71-27-90-81-196-40-185-52-55-57-129-92-179-145-78-31-56-113-175-171-16-25-44-120-2-75-101-1-97-152-26-100-86-53-154-70-135-180-63-79-133-51-118-59-115-46-0-89-183-143-117-93-140-68-139-193-41-5-42-181-159-69-108-18-22-146-34-160-48-54-177-184-43-116-65-149-123-127-162-151-80-176-137-94-124"
50,73395,100,23511,96906,2,"125-2-120-82-129-57-92-179-145-78-31-56-113-175-171-16-25-44-75-86-53-154-70-135-180-63-79-133-51-118-59-115-46-0-143-117-93-140-68-139-193-41-5-42-181-159-69-108-18-22-146-34-160-48-54-177-184-43-116-65-149-123-162-151-80-176-137-23-183-89-186-114-15-9-62-144-14-138-165-90-81-196-40-185-55-52-106-178-49-102-148-124-94-189-100-26-1-101-97-152"
51,72039,100,23020,95059,3,"155-14-138-165-40-185-90-81-196-179-145-78-31-56-113-175-171-16-25-44-120-75-86-26-189-94-63-79-80-176-133-151-51-118-59-115-46-0-137-23-186-89-183-143-117-93-140-68-139-193-41-5-42-181-159-69-108-18-22-146-34-160-48-54-177-10-190-184-43-116-65-131-149-162-123-127-70-135-154-180-53-100-101-1-97-152-2-129-92-57-55-52-106-178-49-102-148-9-62-144"
52,71935,100,23606,95541,2,"4-84-35-184-190-177-54-48-160-34-181-146-22-18-108-69-159-193-41-5-42-43-116-65-46-68-139-115-59-118-51-0-117-143-183-89-186-23-137-176-80-79-63-94-124-152-97-1-101-2-120-82-129-57-92-55-52-49-102-148-9-62-144-14-138-178-106-185-165-40-90-81-196-179-145-78-31-56-113-175-171-16-25-44-75-86-26-100-121-53-180-154-70-135-133-151-162-123-127-112"
53,71947,100,23578,95525,3,"68-46-115-59-118-51-0-117-143-183-89-186-23-137-176-80-79-63-94-124-152-97-1-101-2-120-82-129-57-92-55-52-49-102-148-9-62-144-14-138-178-106-185-165-40-90-81-196-179-145-78-31-56-113-175-171-16-25-44-75-86-26-100-121-53-180-154-70-135-133-151-162-127-123-149-65-116-43-184-84-4-190-10-177-54-48-160-34-146-22-18-108-69-159-181-42-5-41-193-139"
54,71947,100,23578,95525,2,"115-59-118-51-0-117-143-183-89-186-23-137-176-80-79-63-94-124-152-97-1-101-2-120-82-129-57-92-55-52-49-102-148-9-62-144-14-138-178-106-185-165-40-90-81-196-179-145-78-31-56-113-175-171-16-25-44-75-86-26-100-121-53-180-154-70-135-133-151-162-127-123-149-65-116-43-184-84-4-190-10-177-54-48-160-34-146-22-18-108-69-159-181-42-5-41-193-139-68-46"
55,72330,100,23522,95852,3,"79-80-176-133-151-51-118-59-115-46-0-137-23-186-89-183-143-117-93-140-68-139-193-41-5-42-181-159-69-108-18-22-146-34-160-48-54-177-184-43-116-65-131-149-162-123-127-70-135-180-154-158-53-121-100-26-86-75-44-25-16-171-175-113-56-31-78-145-179-196-81-90-40-165-185-106-178-138-14-144-62-9-148-102-49-52-55-92-57-129-82-120-2-101-1-97-152-124-94-63"
56,72017,100,23691,95708,2,"31-145-78-92-179-196-81-90-40-165-185-106-178-138-14-144-62-9-148-102-49-52-55-57-129-2-152-97-1-101-100-53-180-154-135-70-127-123-162-149-131-65-116-43-184-84-190-10-177-54-48-160-34-146-22-18-108-69-159-181-42-5-41-193-139-68-140-93-117-143-183-89-186-23-137-0-46-115-59-118-51-151-133-176-80-79-63-94-189-26-86-75-120-44-25-16-171-175-113-56"
57,72487,100,22851,95338,3,"173-135-70-154-158-53-121-100-26-86-75-101-1-97-152-94-124-148-102-49-178-106-52-55-57-92-129-2-120-44-25-16-171-175-113-56-31-78-145-179-196-81-90-185-40-165-138-14-144-62-9-15-114-186-89-183-23-137-176-80-151-162-123-149-65-116-43-184-177-54-48-160-34-146-22-18-108-69-159-181-42-5-41-193-139-68-140-93-117-143-0-46-115-59-118-51-133-79-63-180"
58,72672,100,23475,96147,2,"64-144-14-138-165-40-185-90-81-196-179-145-78-31-56-113-175-171-16-25-44-120-75-86-26-189-94-63-79-80-176-133-151-51-118-59-115-46-0-137-23-186-89-183-143-117-93-140-68-139-193-41-5-42-181-159-69-108-18-22-146-34-160-48-54-177-190-184-43-116-65-131-149-162-123-127-70-135-154-180-53-100-101-1-97-152-2-129-92-57-55-52-106-178-49-102-62-9-148-15"
59,71226,100,22804,94030,3,"183-143-0-117-93-140-68-46-139-193-41-115-5-42-181-159-69-108-18-22-146-34-160-48-54-177-10-190-84-184-43-116-65-59-118-51-151-133-162-123-127-70-135-154-180-53-121-100-26-86-75-44-25-16-171-175-113-56-31-78-145-179-196-81-90-40-165-185-106-178-138-14-144-62-9-148-102-49-52-55-92-57-129-82-120-2-101-1-97-152-124-94-63-79-80-176-137-23-186-89"
60,72083,100,23661,95744,3,"184-43-65-116-59-118-115-46-0-51-151-133-162-123-127-70-135-154-180-53-121-100-26-86-75-44-25-16-171-175-113-56-31-78-145-179-196-81-90-40-165-185-106-178-138-14-144-62-9-148-102-49-52-55-92-57-129-82-120-2-101-1-97-152-124-94-63-79-80-176-137-23-186-89-183-143-117-93-140-68-139-193-41-5-42-181-159-69-108-18-22-146-34-160-48-54-177-10-190-84"
61,72501,100,23471,95972,3,"28-43-65-116-131-149-123-127-162-151-133-135-70-154-180-53-121-100-26-86-75-44-25-16-171-175-113-56-31-78-145-179-196-81-90-40-165-185-106-178-138-14-144-62-9-148-102-49-52-55-92-57-129-82-120-2-101-1-97-152-124-94-63-79-80-176-137-23-186-89-183-143-117-0-51-59-118-115-46-68-139-193-41-5-42-181-159-69-108-18-22-146-34-160-48-54-177-10-190-184"
62,72164,100,23636,95800,2,"71-164-7-95-39-165-138-14-144-62-9-148-102-49-178-106-52-55-57-92-129-2-152-97-1-101-100-53-180-154-135-70-127-123-162-149-65-116-43-184-177-54-48-160-34-146-22-18-108-69-159-181-42-5-41-193-139-68-140-93-117-143-183-89-23-137-0-46-115-59-118-51-151-133-176-80-79-63-94-26-86-75-120-44-25-16-171-175-113-56-31-78-145-179-196-81-185-40-90-27"
63,72345,100,23817,96162,3,"75-44-25-16-171-175-113-56-31-78-145-179-196-81-90-40-165-185-106-178-138-14-144-62-9-148-102-49-52-55-92-57-129-82-120-2-1-152-97-101-100-53-180-154-135-70-127-123-162-149-131-65-116-43-184-190-10-177-54-48-160-34-146-22-18-108-69-159-181-42-5-41-193-139-68-140-93-117-143-183-89-186-23-137-0-46-115-59-118-51-151-133-176-80-79-63-94-189-26-86"
64,72824,100,23488,96312,3,"141-23-186-89-183-143-117-0-93-140-68-46-115-139-193-41-5-42-181-159-69-108-18-22-146-34-160-48-54-177-10-190-184-43-116-65-59-118-51-151-133-162-123-127-70-135-154-180-53-121-100-26-86-75-44-25-16-171-175-113-56-31-78-145-179-196-81-90-40-165-185-106-178-138-14-144-62-9-148-102-49-52-55-92-57-129-82-120-2-101-1-97-152-124-94-63-79-80-176-137"
65,73110,100,23928,97038,2,"104-54-48-34-160-181-42-195-146-22-18-108-69-159-41-193-139-68-140-93-117-143-183-89-186-23-137-176-80-79-63-94-124-152-97-1-101-2-120-82-129-57-92-55-52-49-102-148-9-62-144-14-138-178-106-185-165-40-90-81-196-179-145-78-31-56-113-175-171-16-25-44-75-86-26-100-121-53-180-154-135-70-127-123-162-133-151-51-0-46-115-118-59-116-65-43-184-4-10-177"
66,71708,100,23286,94994,3,"140-117-143-183-89-186-23-137-176-80-79-63-94-124-152-97-1-101-2-120-82-129-57-92-55-52-49-102-148-9-62-144-14-138-178-106-185-165-40-90-81-196-179-145-78-31-56-113-175-171-16-25-44-75-86-26-100-121-53-180-154-135-70-127-123-162-133-151-51-118-59-65-116-43-184-84-190-10-177-54-48-160-34-146-22-18-108-69-159-181-42-5-115-41-193-139-68-46-0-93"
67,73093,100,23811,96904,2,"17-196-81-90-27-164-39-165-40-185-106-178-138-14-144-62-9-148-102-49-52-55-57-129-92-179-145-78-82-2-152-97-1-101-100-53-180-154-135-70-127-123-162-149-65-116-43-184-177-54-48-160-34-146-22-18-108-69-159-181-42-5-41-193-139-68-140-93-117-143-183-89-23-137-0-46-115-59-118-51-151-133-176-80-79-63-94-26-86-75-120-44-25-16-171-175-113-56-31-157"
68,72985,100,23643,96628,3,"50-175-171-16-25-44-120-75-86-26-189-94-63-79-80-176-133-151-51-118-59-115-46-0-137-23-186-89-183-143-117-93-140-68-139-193-41-5-42-181-159-69-108-18-22-146-34-160-48-54-177-10-190-184-43-116-65-131-149-162-123-127-70-135-154-180-53-100-101-1-97-152-2-129-57-55-52-49-102-148-9-62-144-14-138-178-106-185-165-40-90-81-196-179-92-78-145-31-56-113"
69,72645,100,23364,96009,3,"67-108-69-18-22-146-159-193-41-5-42-181-34-160-48-54-177-10-190-84-184-43-116-65-149-123-127-162-151-133-135-70-154-180-53-121-100-26-86-75-44-25-16-171-175-113-56-31-78-145-179-196-81-90-40-165-185-106-178-138-14-144-62-9-148-102-49-52-55-92-57-129-82-120-2-101-1-97-152-124-94-63-79-80-176-137-51-118-59-115-139-46-68-0-89-183-143-117-93-140"
70,72456,100,23554,96010,2,"73-15-148-9-62-102-49-178-106-52-55-57-92-129-2-152-97-1-101-100-53-180-154-135-70-127-123-162-149-131-65-116-43-184-190-177-54-48-160-34-146-22-18-108-69-159-181-42-5-41-193-139-68-140-93-117-143-183-89-186-23-137-0-46-115-59-118-51-151-133-176-80-79-63-94-189-26-86-75-120-44-25-16-171-175-113-56-31-78-145-179-196-81-90-185-40-165-138-14-144"
71,71750,100,23180,94930,3,"70-154-158-53-121-100-26-86-75-101-1-97-152-94-124-148-102-49-178-106-52-55-57-92-129-2-120-44-25-16-171-175-113-56-31-78-145-179-196-81-90-185-40-165-138-14-144-62-9-15-114-186-89-183-23-137-176-80-151-162-127-123-149-65-116-43-184-177-54-48-160-34-146-22-18-108-69-159-181-42-5-41-193-139-68-140-93-117-143-0-46-115-59-118-51-133-79-63-180-135"
72,72244,100,23214,95458,3,"187-196-40-185-179-145-78-31-56-113-175-171-16-25-44-120-75-86-26-189-94-63-79-80-176-133-151-51-118-59-115-46-0-137-23-186-89-183-143-117-93-140-68-139-193-41-5-42-181-159-69-108-18-22-146-34-160-48-54-177-10-190-184-43-116-65-131-149-162-123-127-70-135-154-180-53-100-101-1-97-152-2-129-92-57-55-52-106-178-49-102-148-9-62-144-14-138-165-90-81"
73,71523,100,23197,94720,2,"178-49-102-148-9-62-144-14-138-165-40-185-90-81-196-179-145-78-31-56-113-175-171-16-25-44-120-75-86-26-189-94-63-79-80-176-133-151-51-118-59-115-46-0-137-23-186-89-183-143-117-93-140-68-139-193-41-5-42-181-159-69-108-18-22-146-34-160-48-54-177-10-190-84-184-43-116-65-131-149-162-123-127-70-135-154-180-53-100-101-1-97-152-2-129-92-57-55-52-106"
74,71947,100,23578,95525,2,"139-68-46-115-59-118-51-0-117-143-183-89-186-23-137-176-80-79-63-94-124-152-97-1-101-2-120-82-129-57-92-55-52-49-102-148-9-62-144-14-138-178-106-185-165-40-90-81-196-179-145-78-31-56-113-175-171-16-25-44-75-86-26-100-121-53-180-154-70-135-133-151-162-127-123-149-65-116-43-184-84-4-190-10-177-54-48-160-34-146-22-18-108-69-159-181-42-5-41-193"
75,71750,100,23180,94930,3,"86-26-100-121-53-158-154-70-135-180-63-79-133-51-118-59-115-46-0-143-117-93-140-68-139-193-41-5-42-181-159-69-108-18-22-146-34-160-48-54-177-184-43-116-65-149-123-127-162-151-80-176-137-23-183-89-186-114-15-9-62-144-14-138-165-40-185-90-81-196-179-145-78-31-56-113-175-171-16-25-44-120-2-129-92-57-55-52-106-178-49-102-148-124-94-152-97-1-101-75"
76,72791,100,23521,96312,3,"60-46-115-139-193-41-5-42-181-159-69-108-18-22-146-34-160-48-54-177-10-190-4-84-184-43-116-65-149-123-127-162-151-133-135-70-154-180-53-121-100-26-86-75-44-25-16-171-175-113-56-31-78-145-179-196-81-90-40-165-185-106-178-138-14-144-62-9-148-102-49-52-55-92-57-129-82-120-2-101-1-97-152-124-94-63-79-80-176-137-23-186-89-183-143-117-0-51-59-118"
77,71836,100,23029,94865,2,"153-0-117-143-183-89-186-23-137-176-80-79-63-94-124-152-97-1-101-2-120-82-129-57-92-55-52-49-102-148-9-62-144-14-138-178-106-185-165-40-90-81-196-179-145-78-31-56-113-175-171-16-25-44-75-86-26-100-121-53-180-154-135-70-127-123-162-133-151-51-118-59-65-116-43-184-84-4-190-10-177-54-48-160-34-146-22-18-108-69-159-181-42-5-115-41-193-139-68-46"
78,71947,100,23578,95525,2,"59-115-46-68-139-193-41-5-42-181-159-69-108-18-22-146-34-160-48-54-177-10-190-4-84-184-43-116-65-149-123-127-162-151-133-135-70-154-180-53-121-100-26-86-75-44-25-16-171-175-113-56-31-78-145-179-196-81-90-40-165-185-106-178-138-14-144-62-9-148-102-49-52-55-92-57-129-82-120-2-101-1-97-152-124-94-63-79-80-176-137-23-186-89-183-143-117-0-51-118"
79,72553,100,23540,96093,3,"85-31-145-78-92-179-196-81-90-40-165-185-106-178-138-14-144-62-9-148-102-49-52-55-57-129-2-152-97-1-101-100-53-180-154-135-70-127-123-162-149-131-65-116-43-184-190-10-177-54-48-160-34-146-22-18-108-69-159-181-42-5-41-193-139-68-140-93-117-143-183-89-186-23-137-0-46-115-59-118-51-151-133-176-80-79-63-94-189-26-86-75-120-44-25-16-171-175-113-56"
80,71523,100,23197,94720,2,"40-165-138-14-144-62-9-148-102-49-178-106-52-55-57-92-129-2-152-97-1-101-100-53-180-154-135-70-127-123-162-149-131-65-116-43-184-84-190-10-177-54-48-160-34-146-22-18-108-69-159-181-42-5-41-193-139-68-140-93-117-143-183-89-186-23-137-0-46-115-59-118-51-151-133-176-80-79-63-94-189-26-86-75-120-44-25-16-171-175-113-56-31-78-145-179-196-81-90-185"
81,73395,100,23511,96906,3,"125-2-120-82-129-57-92-179-145-78-31-56-113-175-171-16-25-44-75-86-53-154-70-135-180-63-79-133-51-118-59-115-46-0-143-117-93-140-68-139-193-41-5-42-181-159-69-108-18-22-146-34-160-48-54-177-184-43-116-65-149-123-162-151-80-176-137-23-183-89-186-114-15-9-62-144-14-138-165-90-81-196-40-185-55-52-106-178-49-102-148-124-94-189-100-26-1-101-97-152"
82,71847,100,23063,94910,3,"8-165-40-185-90-81-196-179-145-78-31-56-113-175-171-16-25-44-120-75-86-26-189-94-63-79-80-176-133-151-51-118-59-115-46-0-137-23-186-89-183-143-117-93-140-68-139-193-41-5-42-181-159-69-108-18-22-146-34-160-48-54-177-10-190-184-43-116-65-131-149-162-123-127-70-135-154-180-53-100-101-1-97-152-2-129-92-57-55-52-106-178-49-102-148-9-62-144-14-138"
83,72536,100,23768,96304,2,"136-121-100-26-86-75-44-25-16-171-175-113-56-31-78-145-179-196-81-90-40-165-185-106-178-138-14-144-62-9-148-102-49-52-55-92-57-129-82-120-2-101-1-97-152-124-94-63-79-80-176-137-23-186-89-183-143-117-0-51-118-59-115-46-68-139-193-41-5-42-181-159-69-108-18-22-146-34-160-48-54-177-10-190-84-184-43-116-65-149-123-127-162-151-133-180-135-70-154-53"
84,71905,100,23579,95484,3,"44-25-16-171-175-113-56-31-78-145-179-196-81-90-40-165-185-106-178-138-14-144-62-9-148-102-49-52-55-92-57-129-2-152-97-1-101-100-53-180-154-135-70-127-123-162-149-131-65-116-43-184-84-190-10-177-54-48-160-34-146-22-18-108-69-159-181-42-5-41-193-139-68-140-93-117-143-183-89-186-23-137-0-46-115-59-118-51-151-133-176-80-79-63-94-189-26-86-75-120"
85,72214,100,24115,96329,2,"190-4-112-127-70-135-154-180-53-121-100-26-86-75-44-25-16-171-175-113-56-31-78-145-179-196-81-90-40-165-185-106-178-138-14-144-62-9-148-102-49-52-55-92-57-129-82-120-2-101-1-97-152-124-94-63-79-80-176-137-23-89-183-143-117-0-51-133-151-162-123-149-131-35-184-43-65-116-59-118-115-46-68-139-193-41-159-69-108-18-22-146-42-181-160-34-48-54-177-10"
86,71597,100,23235,94832,3,"103-34-160-48-54-177-10-190-4-112-84-184-42-43-116-65-149-123-127-162-151-133-135-70-154-180-53-121-100-26-86-75-44-25-16-171-175-113-56-31-78-145-179-196-81-90-40-165-185-106-178-138-14-144-62-9-148-102-49-52-55-92-57-129-82-120-2-101-1-97-152-124-94-63-79-80-176-137-23-186-89-183-143-117-0-51-118-59-115-46-68-139-41-193-159-69-108-18-22-146"
87,72516,100,23391,95907,2,"11-35-84-4-112-127-123-162-151-133-135-70-154-180-53-121-100-26-86-75-44-25-16-171-175-113-56-31-78-145-179-196-81-90-40-165-185-106-178-138-14-144-62-9-148-102-49-52-55-92-57-129-82-120-2-101-1-97-152-124-94-63-79-80-176-137-23-186-89-183-143-117-0-51-118-59-115-139-68-46-65-116-43-42-5-41-193-159-69-108-18-22-146-181-34-160-48-54-177-184"
88,72039,100,23020,95059,3,"155-14-138-165-40-185-90-81-196-179-145-78-31-56-113-175-171-16-25-44-120-75-86-26-189-94-63-79-80-176-133-151-51-118-59-115-46-0-137-23-186-89-183-143-117-93-140-68-139-193-41-5-42-181-159-69-108-18-22-146-34-160-48-54-177-10-190-184-43-116-65-131-149-162-123-127-70-135-154-180-53-100-101-1-97-152-2-129-92-57-55-52-106-178-49-102-148-9-62-144"
89,71750,100,23180,94930,2,"63-180-135-70-154-158-53-121-100-26-86-75-101-1-97-152-94-124-148-102-49-178-106-52-55-57-92-129-2-120-44-25-16-171-175-113-56-31-78-145-179-196-81-90-185-40-165-138-14-144-62-9-15-114-186-89-183-23-137-176-80-151-162-127-123-149-65-116-43-184-177-54-48-160-34-146-22-18-108-69-159-181-42-5-41-193-139-68-140-93-117-143-0-46-115-59-118-51-133-79"
90,71687,100,23361,95048,3,"55-178-106-49-102-148-9-62-144-14-138-165-40-185-90-81-196-179-145-78-31-56-113-175-171-16-25-44-120-75-86-26-189-94-63-79-80-176-133-151-51-118-59-115-46-0-137-23-186-89-183-143-117-93-140-68-139-193-41-5-42-181-159-69-108-18-22-146-34-160-48-54-177-10-190-84-184-43-116-65-131-149-162-123-127-70-135-154-180-53-100-101-1-97-152-2-129-92-57-52"
91,71940,100,23456,95396,2,"80-79-63-94-124-152-97-1-101-2-120-82-129-57-92-55-52-49-102-148-9-62-144-14-138-178-106-185-165-40-90-81-196-179-145-78-31-56-113-175-171-16-25-44-75-86-26-100-121-53-180-154-135-70-127-123-162-133-151-149-131-65-116-43-184-84-190-10-177-54-48-160-34-146-22-18-108-69-159-181-42-5-41-193-139-68-46-115-59-118-51-0-117-143-183-89-186-23-137-176"
92,71523,100,23197,94720,3,"62-144-14-138-165-40-185-90-81-196-179-145-78-31-56-113-175-171-16-25-44-120-75-86-26-189-94-63-79-80-176-133-151-51-118-59-115-46-0-137-23-186-89-183-143-117-93-140-68-139-193-41-5-42-181-159-69-108-18-22-146-34-160-48-54-177-10-190-84-184-43-116-65-131-149-162-123-127-70-135-154-180-53-100-101-1-97-152-2-129-92-57-55-52-106-178-49-102-148-9"
93,72345,100,23817,96162,3,"75-44-25-16-171-175-113-56-31-78-145-179-196-81-90-40-165-185-106-178-138-14-144-62-9-148-102-49-52-55-92-57-129-82-120-2-1-152-97-101-100-53-180-154-135-70-127-123-162-149-131-65-116-43-184-190-10-177-54-48-160-34-146-22-18-108-69-159-181-42-5-41-193-139-68-140-93-117-143-183-89-186-23-137-0-46-115-59-118-51-151-133-176-80-79-63-94-189-26-86"
94,71523,100,23197,94720,3,"148-102-49-178-106-52-55-57-92-129-2-152-97-1-101-100-53-180-154-135-70-127-123-162-149-131-65-116-43-184-84-190-10-177-54-48-160-34-146-22-18-108-69-159-181-42-5-41-193-139-68-140-93-117-143-183-89-186-23-137-0-46-115-59-118-51-151-133-176-80-79-63-94-189-26-86-75-120-44-25-16-171-175-113-56-31-78-145-179-196-81-90-185-40-165-138-14-144-62-9"
95,72529,100,23490,96019,2,"191-193-41-5-42-181-159-69-108-18-22-146-34-160-48-54-177-10-190-84-184-43-116-65-149-123-127-162-151-133-135-70-154-180-53-121-100-26-86-75-44-25-16-171-175-113-56-31-78-145-179-196-81-90-40-165-185-106-178-138-14-144-62-9-148-102-49-52-55-92-57-129-82-120-2-101-1-97-152-124-94-63-79-80-176-137-23-186-89-183-143-117-0-51-118-59-115-46-68-139"
96,71905,100,23579,95484,3,"25-44-120-75-86-26-189-94-63-79-80-176-133-151-51-118-59-115-46-0-137-23-186-89-183-143-117-93-140-68-139-193-41-5-42-181-159-69-108-18-22-146-34-160-48-54-177-10-190-84-184-43-116-65-131-149-162-123-127-70-135-154-180-53-100-101-1-97-152-2-129-57-92-55-52-49-102-148-9-62-144-14-138-178-106-185-165-40-90-81-196-179-145-78-31-56-113-175-171-16"
97,71940,100,23456,95396,2,"80-79-63-94-124-152-97-1-101-2-120-82-129-57-92-55-52-49-102-148-9-62-144-14-138-178-106-185-165-40-90-81-196-179-145-78-31-56-113-175-171-16-25-44-75-86-26-100-121-53-180-154-135-70-127-123-162-133-151-149-131-65-116-43-184-84-190-10-177-54-48-160-34-146-22-18-108-69-159-181-42-5-41-193-139-68-46-115-59-118-51-0-117-143-183-89-186-23-137-176"
98,72098,100,23628,95726,3,"39-95-7-164-27-90-40-185-81-196-179-145-78-31-56-113-175-171-16-25-44-120-75-86-26-189-94-63-79-80-176-133-151-51-118-59-115-46-0-137-23-89-183-143-117-93-140-68-139-193-41-5-42-181-159-69-108-18-22-146-34-160-48-54-177-184-43-116-65-149-162-123-127-70-135-154-180-53-100-101-1-97-152-2-129-92-57-55-52-106-178-49-102-148-9-62-144-14-138-165"
99,71523,100,23197,94720,3,"178-49-102-148-9-62-144-14-138-165-40-185-90-81-196-179-145-78-31-56-113-175-171-16-25-44-120-75-86-26-189-94-63-79-80-176-133-151-51-118-59-115-46-0-137-23-186-89-183-143-117-93-140-68-139-193-41-5-42-181-159-69-108-18-22-146-34-160-48-54-177-10-190-84-184-43-116-65-131-149-162-123-127-70-135-154-180-53-100-101-1-97-152-2-129-92-57-55-52-106"
100,71523,100,23197,94720,2,"148-102-49-178-106-52-55-57-92-129-2-152-97-1-101-100-53-180-154-135-70-127-123-162-149-131-65-116-43-184-84-190-10-177-54-48-160-34-146-22-18-108-69-159-181-42-5-41-193-139-68-140-93-117-143-183-89-186-23-137-0-46-115-59-118-51-151-133-176-80-79-63-94-189-26-86-75-120-44-25-16-171-175-113-56-31-78-145-179-196-81-90-185-40-165-138-14-144-62-9"
101,71940,100,23456,95396,3,"80-79-63-94-124-152-97-1-101-2-120-82-129-57-92-55-52-49-102-148-9-62-144-14-138-178-106-185-165-40-90-81-196-179-145-78-31-56-113-175-171-16-25-44-75-86-26-100-121-53-180-154-135-70-127-123-162-133-151-149-131-65-116-43-184-84-190-10-177-54-48-160-34-146-22-18-108-69-159-181-42-5-41-193-139-68-46-115-59-118-51-0-117-143-183-89-186-23-137-176"
102,71523,100,23197,94720,2,"178-49-102-148-9-62-144-14-138-165-40-185-90-81-196-179-145-78-31-56-113-175-171-16-25-44-120-75-86-26-189-94-63-79-80-176-133-151-51-118-59-115-46-0-137-23-186-89-183-143-117-93-140-68-139-193-41-5-42-181-159-69-108-18-22-146-34-160-48-54-177-10-190-84-184-43-116-65-131-149-162-123-127-70-135-154-180-53-100-101-1-97-152-2-129-92-57-55-52-106"
103,71523,100,23197,94720,3,"178-49-102-148-9-62-144-14-138-165-40-185-90-81-196-179-145-78-31-56-113-175-171-16-25-44-120-75-86-26-189-94-63-79-80-176-133-151-51-118-59-115-46-0-137-23-186-89-183-143-117-93-140-68-139-193-41-5-42-181-159-69-108-18-22-146-34-160-48-54-177-10-190-84-184-43-116-65-131-149-162-123-127-70-135-154-180-53-100-101-1-97-152-2-129-92-57-55-52-106"
104,71947,100,23578,95525,2,"68-46-115-59-118-51-0-117-143-183-89-186-23-137-176-80-79-63-94-124-152-97-1-101-2-120-82-129-57-92-55-52-49-102-148-9-62-144-14-138-178-106-185-165-40-90-81-196-179-145-78-31-56-113-175-171-16-25-44-75-86-26-100-121-53-180-154-70-135-133-151-162-127-123-149-65-116-43-184-84-4-190-10-177-54-48-160-34-146-22-18-108-69-159-181-42-5-41-193-139"
105,72749,100,23378,96127,3,"99-97-26-100-86-75-101-1-152-94-124-148-102-49-178-106-52-55-57-92-129-2-120-44-25-16-171-175-113-56-31-78-145-179-196-81-90-185-40-165-138-14-144-62-9-15-114-186-89-183-23-137-176-80-151-162-127-123-149-65-116-43-184-177-54-48-160-34-146-22-18-108-69-159-181-42-5-41-193-139-68-140-93-117-143-0-46-115-59-118-51-133-79-63-180-135-70-154-158-53"
106,71935,100,23606,95541,3,"4-84-35-184-190-177-54-48-160-34-181-146-22-18-108-69-159-193-41-5-42-43-116-65-46-68-139-115-59-118-51-0-117-143-183-89-186-23-137-176-80-79-63-94-124-152-97-1-101-2-120-82-129-57-92-55-52-49-102-148-9-62-144-14-138-178-106-185-165-40-90-81-196-179-145-78-31-56-113-175-171-16-25-44-75-86-26-100-121-53-180-154-70-135-133-151-162-123-127-112"
107,71523,100,23197,94720,2,"9-148-102-49-178-106-52-55-57-92-129-2-152-97-1-101-100-53-180-154-135-70-127-123-162-149-131-65-116-43-184-84-190-10-177-54-48-160-34-146-22-18-108-69-159-181-42-5-41-193-139-68-140-93-117-143-183-89-186-23-137-0-46-115-59-118-51-151-133-176-80-79-63-94-189-26-86-75-120-44-25-16-171-175-113-56-31-78-145-179-196-81-90-185-40-165-138-14-144-62"
108,71750,100,23180,94930,3,"53-158-154-70-135-180-63-79-133-51-118-59-115-46-0-143-117-93-140-68-139-193-41-5-42-181-159-69-108-18-22-146-34-160-48-54-177-184-43-116-65-149-123-127-162-151-80-176-137-23-183-89-186-114-15-9-62-144-14-138-165-40-185-90-81-196-179-145-78-31-56-113-175-171-16-25-44-120-2-129-92-57-55-52-106-178-49-102-148-124-94-152-97-1-101-75-86-26-100-121"
109,72645,100,23364,96009,2,"67-108-69-18-22-146-159-193-41-5-42-181-34-160-48-54-177-10-190-84-184-43-116-65-149-123-127-162-151-133-135-70-154-180-53-121-100-26-86-75-44-25-16-171-175-113-56-31-78-145-179-196-81-90-40-165-185-106-178-138-14-144-62-9-148-102-49-52-55-92-57-129-82-120-2-101-1-97-152-124-94-63-79-80-176-137-51-118-59-115-139-46-68-0-89-183-143-117-93-140"
110,72431,100,23408,95839,3,"156-127-123-162-151-133-135-70-154-180-53-121-100-26-86-75-44-25-16-171-175-113-56-31-78-145-179-196-81-90-40-165-185-106-178-138-14-144-62-9-148-102-49-52-55-92-57-129-82-120-2-101-1-97-152-124-94-63-79-80-176-137-23-186-89-183-143-117-0-51-118-59-115-139-68-46-65-116-43-42-5-41-193-159-69-108-18-22-146-181-34-160-48-54-177-184-35-84-4-112"
111,71750,100,23180,94930,2,"135-180-63-79-133-51-118-59-115-46-0-143-117-93-140-68-139-193-41-5-42-181-159-69-108-18-22-146-34-160-48-54-177-184-43-116-65-149-123-127-162-151-80-176-137-23-183-89-186-114-15-9-62-144-14-138-165-40-185-90-81-196-179-145-78-31-56-113-175-171-16-25-44-120-2-129-92-57-55-52-106-178-49-102-148-124-94-152-97-1-101-75-86-26-100-121-53-158-154-70"
112,71385,100,23490,94875,2,"146-181-34-160-48-54-177-10-190-4-112-84-184-42-43-116-65-149-123-127-162-151-133-135-70-154-180-53-121-100-26-86-75-44-25-16-171-175-113-56-31-78-145-179-196-81-90-40-165-185-106-178-138-14-144-62-9-148-102-49-52-55-92-57-129-82-120-2-101-1-97-152-124-94-63-79-80-176-137-23-186-89-183-143-117-0-51-118-59-115-46-68-139-41-193-159-69-108-18-22"
113,71993,100,23509,95502,3,"131-149-123-127-162-151-133-135-70-154-180-53-121-100-26-86-75-44-25-16-171-175-113-56-31-78-145-179-196-81-90-40-165-185-106-178-138-14-144-62-9-148-102-49-52-55-92-57-129-82-120-2-101-1-97-152-124-94-63-79-80-176-137-23-186-89-183-143-117-0-51-118-59-115-46-68-139-193-41-5-42-181-159-69-108-18-22-146-34-160-48-54-177-10-190-84-184-43-116-65"
114,72261,100,22842,95103,3,"83-89-183-143-117-0-46-68-139-193-41-115-5-42-181-159-69-108-18-22-146-34-160-48-54-177-10-190-4-84-184-43-116-65-59-118-51-151-133-162-123-127-70-135-154-180-53-121-100-26-86-75-44-25-16-171-175-113-56-31-78-145-179-196-81-90-40-165-185-106-178-138-14-144-62-9-148-102-49-52-55-92-57-129-82-120-2-101-1-97-152-124-94-63-79-80-176-137-23-186"
115,71704,100,23378,95082,2,"179-196-81-90-40-165-185-106-178-138-14-144-62-9-148-102-49-52-55-57-92-129-2-152-97-1-101-100-53-180-154-135-70-127-123-162-149-131-65-116-43-184-84-190-10-177-54-48-160-34-146-22-18-108-69-159-181-42-5-41-193-139-68-140-93-117-143-183-89-186-23-137-0-46-115-59-118-51-151-133-176-80-79-63-94-189-26-86-75-120-44-25-16-171-175-113-56-31-78-145"
116,72017,100,23691,95708,3,"175-113-56-31-145-78-92-179-196-81-90-40-165-185-106-178-138-14-144-62-9-148-102-49-52-55-57-129-2-152-97-1-101-100-53-180-154-135-70-127-123-162-149-131-65-116-43-184-84-190-10-177-54-48-160-34-146-22-18-108-69-159-181-42-5-41-193-139-68-140-93-117-143-183-89-186-23-137-0-46-115-59-118-51-151-133-176-80-79-63-94-189-26-86-75-120-44-25-16-171"
117,72098,100,23628,95726,2,"39-95-7-164-27-90-40-185-81-196-179-145-78-31-56-113-175-171-16-25-44-120-75-86-26-189-94-63-79-80-176-133-151-51-118-59-115-46-0-137-23-89-183-143-117-93-140-68-139-193-41-5-42-181-159-69-108-18-22-146-34-160-48-54-177-184-43-116-65-149-162-123-127-70-135-154-180-53-100-101-1-97-152-2-129-92-57-55-52-106-178-49-102-148-9-62-144-14-138-165"
118,72420,100,23391,95811,4,"126-127-123-162-151-133-135-70-154-180-53-121-100-26-86-75-44-25-16-171-175-113-56-31-78-145-179-196-81-90-40-165-185-106-178-138-14-144-62-9-148-102-49-52-55-92-57-129-82-120-2-101-1-97-152-124-94-63-79-80-176-137-23-186-89-183-143-117-0-51-118-59-115-139-68-46-65-116-43-42-5-41-193-159-69-108-18-22-146-181-34-160-48-54-177-184-35-84-4-112"
119,72083,100,23661,95744,2,"43-65-116-59-118-115-46-0-51-151-133-162-123-127-70-135-154-180-53-121-100-26-86-75-44-25-16-171-175-113-56-31-78-145-179-196-81-90-40-165-185-106-178-138-14-144-62-9-148-102-49-52-55-92-57-129-82-120-2-101-1-97-152-124-94-63-79-80-176-137-23-186-89-183-143-117-93-140-68-139-193-41-5-42-181-159-69-108-18-22-146-34-160-48-54-177-10-190-84-184"
120,71968,100,23472,95440,3,"159-146-22-18-69-108-140-93-117-143-183-89-0-68-46-139-115-59-118-51-137-176-80-79-63-94-124-152-97-1-101-2-120-82-129-57-92-55-52-49-102-148-9-62-144-14-138-178-106-185-165-40-90-81-196-179-145-78-31-56-113-175-171-16-25-44-75-86-26-100-121-53-180-154-70-135-133-151-162-127-123-149-65-116-43-184-84-4-190-10-177-54-48-160-34-181-42-5-41-193"
121,73217,100,24027,97244,2,"98-196-157-31-56-113-175-171-16-25-44-120-75-86-26-94-63-79-80-176-133-151-51-118-59-115-46-0-137-23-89-183-143-117-93-140-68-139-193-41-5-42-181-159-69-108-18-22-146-34-160-48-54-177-184-43-116-65-149-162-123-127-70-135-154-180-53-100-101-1-97-152-2-82-78-145-179-92-129-57-55-52-49-102-148-9-62-144-14-138-178-106-185-40-165-39-164-27-90-81"
122,71947,100,23578,95525,3,"149-123-127-162-151-133-135-70-154-180-53-121-100-26-86-75-44-25-16-171-175-113-56-31-78-145-179-196-81-90-40-165-185-106-178-138-14-144-62-9-148-102-49-52-55-92-57-129-82-120-2-101-1-97-152-124-94-63-79-80-176-137-23-186-89-183-143-117-0-51-118-59-115-46-68-139-193-41-5-42-181-159-69-108-18-22-146-34-160-48-54-177-10-190-4-84-184-43-116-65"
123,72098,100,23628,95726,2,"39-95-7-164-27-90-40-185-81-196-179-145-78-31-56-113-175-171-16-25-44-120-75-86-26-189-94-63-79-80-176-133-151-51-118-59-115-46-0-137-23-89-183-143-117-93-140-68-139-193-41-5-42-181-159-69-108-18-22-146-34-160-48-54-177-184-43-116-65-149-162-123-127-70-135-154-180-53-100-101-1-97-152-2-129-92-57-55-52-106-178-49-102-148-9-62-144-14-138-165"
124,72193,100,23609,95802,3,"127-70-135-154-180-53-121-100-26-86-75-44-25-16-171-175-113-56-31-78-145-179-196-81-90-40-165-185-106-178-138-14-144-62-9-148-102-49-52-55-92-57-129-82-120-2-101-1-97-152-124-94-63-79-80-176-133-151-51-118-59-115-46-0-137-23-186-89-183-143-117-93-140-68-139-193-41-5-42-181-159-69-108-18-22-146-34-160-48-54-177-190-184-43-116-65-131-149-162-123"
125,72330,100,23522,95852,2,"79-80-176-133-151-51-118-59-115-46-0-137-23-186-89-183-143-117-93-140-68-139-193-41-5-42-181-159-69-108-18-22-146-34-160-48-54-177-184-43-116-65-131-149-162-123-127-70-135-180-154-158-53-121-100-26-86-75-44-25-16-171-175-113-56-31-78-145-179-196-81-90-40-165-185-106-178-138-14-144-62-9-148-102-49-52-55-92-57-129-82-120-2-101-1-97-152-124-94-63"
126,71385,100,23490,94875,3,"181-146-22-18-108-69-159-193-41-139-68-46-115-59-118-51-0-117-143-183-89-186-23-137-176-80-79-63-94-124-152-97-1-101-2-120-82-129-57-92-55-52-49-102-148-9-62-144-14-138-178-106-185-165-40-90-81-196-179-145-78-31-56-113-175-171-16-25-44-75-86-26-100-121-53-180-154-70-135-133-151-162-127-123-149-65-116-43-42-184-84-112-4-190-10-177-54-48-160-34"
127,71947,100,23578,95525,2,"139-68-46-115-59-118-51-0-117-143-183-89-186-23-137-176-80-79-63-94-124-152-97-1-101-2-120-82-129-57-92-55-52-49-102-148-9-62-144-14-138-178-106-185-165-40-90-81-196-179-145-78-31-56-113-175-171-16-25-44-75-86-26-100-121-53-180-154-70-135-133-151-162-127-123-149-65-116-43-184-84-4-190-10-177-54-48-160-34-146-22-18-108-69-159-181-42-5-41-193"
128,71523,100,23197,94720,3,"62-144-14-138-165-40-185-90-81-196-179-145-78-31-56-113-175-171-16-25-44-120-75-86-26-189-94-63-79-80-176-133-151-51-118-59-115-46-0-137-23-186-89-183-143-117-93-140-68-139-193-41-5-42-181-159-69-108-18-22-146-34-160-48-54-177-10-190-84-184-43-116-65-131-149-162-123-127-70-135-154-180-53-100-101-1-97-152-2-129-92-57-55-52-106-178-49-102-148-9"
129,71947,100,23578,95525,2,"115-59-118-51-0-117-143-183-89-186-23-137-176-80-79-63-94-124-152-97-1-101-2-120-82-129-57-92-55-52-49-102-148-9-62-144-14-138-178-106-185-165-40-90-81-196-179-145-78-31-56-113-175-171-16-25-44-75-86-26-100-121-53-180-154-70-135-133-151-162-127-123-149-65-116-43-184-84-4-190-10-177-54-48-160-34-146-22-18-108-69-159-181-42-5-41-193-139-68-46"
130,72576,100,23444,96020,2,"122-176-80-79-133-151-51-118-59-115-46-0-137-23-89-183-143-117-93-140-68-139-193-41-5-42-181-159-69-108-18-22-146-34-160-48-54-177-184-43-116-65-131-149-162-123-127-70-135-180-154-158-53-121-100-26-86-75-44-25-16-171-175-113-56-31-78-145-179-196-81-90-40-165-185-106-178-138-14-144-62-9-148-102-49-52-55-92-57-129-82-120-2-101-1-97-152-124-94-63"
131,73045,100,23657,96702,3,"188-31-145-78-92-179-196-81-90-40-165-185-106-178-138-14-144-62-9-148-102-49-52-55-57-129-2-152-97-1-101-100-53-180-154-135-70-127-123-162-149-131-65-116-43-184-190-10-177-54-48-160-34-146-22-18-108-69-159-181-42-5-41-193-139-68-140-93-117-143-183-89-186-23-137-0-46-115-59-118-51-151-133-176-80-79-63-94-189-26-86-75-120-44-25-16-171-175-113-56"
132,72267,100,23379,95646,2,"128-167-148-9-62-102-144-14-49-178-106-165-40-185-90-81-196-179-145-78-31-56-113-175-171-16-25-44-120-75-86-26-189-94-63-79-80-176-133-151-51-118-59-115-46-0-137-23-186-89-183-143-117-93-140-68-139-193-41-5-42-181-159-69-108-18-22-146-34-160-48-54-177-10-190-184-43-116-65-131-149-162-123-127-70-135-154-180-53-100-101-1-97-152-2-129-92-57-52-55"
133,72218,100,23381,95599,3,"18-20-22-146-159-193-41-5-42-181-34-160-48-54-177-10-190-84-184-43-116-65-149-123-127-162-151-133-135-70-154-180-53-121-100-26-86-75-44-25-16-171-175-113-56-31-78-145-179-196-81-90-40-165-185-106-178-138-14-144-62-9-148-102-49-52-55-92-57-129-82-120-2-101-1-97-152-124-94-63-79-80-176-137-23-186-89-183-143-117-0-51-118-59-115-46-68-139-69-108"
134,72672,100,23475,96147,2,"64-144-14-138-165-40-185-90-81-196-179-145-78-31-56-113-175-171-16-25-44-120-75-86-26-189-94-63-79-80-176-133-151-51-118-59-115-46-0-137-23-186-89-183-143-117-93-140-68-139-193-41-5-42-181-159-69-108-18-22-146-34-160-48-54-177-190-184-43-116-65-131-149-162-123-127-70-135-154-180-53-100-101-1-97-152-2-129-92-57-55-52-106-178-49-102-62-9-148-15"
135,72193,100,23609,95802,3,"127-70-135-154-180-53-121-100-26-86-75-44-25-16-171-175-113-56-31-78-145-179-196-81-90-40-165-185-106-178-138-14-144-62-9-148-102-49-52-55-92-57-129-82-120-2-101-1-97-152-124-94-63-79-80-176-133-151-51-118-59-115-46-0-137-23-186-89-183-143-117-93-140-68-139-193-41-5-42-181-159-69-108-18-22-146-34-160-48-54-177-190-184-43-116-65-131-149-162-123"
136,72899,100,23524,96423,3,"12-148-102-49-178-106-52-55-185-40-196-81-90-165-138-14-144-62-9-15-114-186-89-183-23-137-176-80-151-162-123-149-65-116-43-184-177-54-48-160-34-146-22-18-108-69-159-181-42-5-41-193-139-68-140-93-117-143-0-46-115-59-118-51-133-79-63-180-135-70-154-158-53-121-100-26-86-75-44-25-16-171-175-113-56-31-78-145-179-92-57-129-82-120-2-101-1-97-152-94"
137,72558,100,23584,96142,2,"110-193-41-5-42-181-159-69-108-18-22-146-34-160-48-54-177-10-190-84-184-43-116-65-149-123-127-162-151-133-135-70-154-180-53-121-100-26-86-75-44-25-16-171-175-113-56-31-78-145-179-196-81-90-40-165-185-106-178-138-14-144-62-9-148-102-49-52-55-92-57-129-82-120-2-101-1-97-152-124-94-63-79-80-176-137-23-186-89-183-143-117-0-51-118-59-115-46-68-139"
138,72017,100,23691,95708,3,"175-113-56-31-145-78-92-179-196-81-90-40-165-185-106-178-138-14-144-62-9-148-102-49-52-55-57-129-2-152-97-1-101-100-53-180-154-135-70-127-123-162-149-131-65-116-43-184-84-190-10-177-54-48-160-34-146-22-18-108-69-159-181-42-5-41-193-139-68-140-93-117-143-183-89-186-23-137-0-46-115-59-118-51-151-133-176-80-79-63-94-189-26-86-75-120-44-25-16-171"
139,71947,100,23578,95525,2,"193-139-68-46-115-59-118-51-0-117-143-183-89-186-23-137-176-80-79-63-94-124-152-97-1-101-2-120-82-129-57-92-55-52-49-102-148-9-62-144-14-138-178-106-185-165-40-90-81-196-179-145-78-31-56-113-175-171-16-25-44-75-86-26-100-121-53-180-154-70-135-133-151-162-127-123-149-65-116-43-184-84-4-190-10-177-54-48-160-34-146-22-18-108-69-159-181-42-5-41"
140,71226,100,22804,94030,3,"183-143-0-117-93-140-68-46-139-193-41-115-5-42-181-159-69-108-18-22-146-34-160-48-54-177-10-190-84-184-43-116-65-59-118-51-151-133-162-123-127-70-135-154-180-53-121-100-26-86-75-44-25-16-171-175-113-56-31-78-145-179-196-81-90-40-165-185-106-178-138-14-144-62-9-148-102-49-52-55-92-57-129-82-120-2-101-1-97-152-124-94-63-79-80-176-137-23-186-89"
141,72794,100,23350,96144,2,"172-152-97-1-101-100-53-180-154-135-70-127-123-162-149-131-65-116-43-184-177-54-48-160-34-146-22-18-108-69-159-181-42-5-41-193-139-68-140-93-117-143-183-89-186-23-137-0-46-115-59-118-51-151-133-176-80-79-63-94-189-26-86-75-2-120-44-25-16-171-175-113-56-31-78-145-179-92-129-57-55-52-185-40-196-81-90-27-39-165-106-178-49-14-144-102-62-9-148-167"
142,72909,100,23572,96481,3,"142-139-68-46-115-59-118-51-0-117-143-183-89-186-23-137-176-80-79-63-94-124-152-97-1-101-2-120-82-129-57-92-55-52-49-102-148-9-62-144-14-138-178-106-185-165-40-90-81-196-179-145-78-31-56-113-175-171-16-25-44-75-86-26-100-121-53-180-154-70-135-133-151-162-127-123-149-65-116-43-184-84-190-10-177-54-48-160-34-146-22-18-108-69-159-181-42-5-41-193"
143,72287,100,23801,96088,2,"177-54-48-34-160-181-42-195-146-22-18-108-69-159-41-193-139-68-140-93-117-143-183-89-186-23-137-176-80-79-63-94-124-152-97-1-101-2-120-82-129-57-92-55-52-49-102-148-9-62-144-14-138-178-106-185-165-40-90-81-196-179-145-78-31-56-113-175-171-16-25-44-75-86-26-100-121-53-180-154-135-70-127-123-162-133-151-51-0-46-115-118-59-116-65-43-184-84-190-10"
144,71836,100,23029,94865,3,"153-0-117-143-183-89-186-23-137-176-80-79-63-94-124-152-97-1-101-2-120-82-129-57-92-55-52-49-102-148-9-62-144-14-138-178-106-185-165-40-90-81-196-179-145-78-31-56-113-175-171-16-25-44-75-86-26-100-121-53-180-154-135-70-127-123-162-133-151-51-118-59-65-116-43-184-84-4-190-10-177-54-48-160-34-146-22-18-108-69-159-181-42-5-115-41-193-139-68-46"
145,71750,100,23180,94930,3,"154-158-53-121-100-26-86-75-101-1-97-152-94-124-148-102-49-178-106-52-55-57-92-129-2-120-44-25-16-171-175-113-56-31-78-145-179-196-81-90-185-40-165-138-14-144-62-9-15-114-186-89-183-23-137-176-80-151-162-127-123-149-65-116-43-184-177-54-48-160-34-146-22-18-108-69-159-181-42-5-41-193-139-68-140-93-117-143-0-46-115-59-118-51-133-79-63-180-135-70"
146,72645,100,23364,96009,2,"67-108-69-18-22-146-159-193-41-5-42-181-34-160-48-54-177-10-190-84-184-43-116-65-149-123-127-162-151-133-135-70-154-180-53-121-100-26-86-75-44-25-16-171-175-113-56-31-78-145-179-196-81-90-40-165-185-106-178-138-14-144-62-9-148-102-49-52-55-92-57-129-82-120-2-101-1-97-152-124-94-63-79-80-176-137-51-118-59-115-139-46-68-0-89-183-143-117-93-140"
147,72017,100,23691,95708,3,"56-31-145-78-92-179-196-81-90-40-165-185-106-178-138-14-144-62-9-148-102-49-52-55-57-129-2-152-97-1-101-100-53-180-154-135-70-127-123-162-149-131-65-116-43-184-84-190-10-177-54-48-160-34-146-22-18-108-69-159-181-42-5-41-193-139-68-140-93-117-143-183-89-186-23-137-0-46-115-59-118-51-151-133-176-80-79-63-94-189-26-86-75-120-44-25-16-171-175-113"
148,72244,100,23214,95458,3,"187-196-40-185-179-145-78-31-56-113-175-171-16-25-44-120-75-86-26-189-94-63-79-80-176-133-151-51-118-59-115-46-0-137-23-186-89-183-143-117-93-140-68-139-193-41-5-42-181-159-69-108-18-22-146-34-160-48-54-177-10-190-184-43-116-65-131-149-162-123-127-70-135-154-180-53-100-101-1-97-152-2-129-92-57-55-52-106-178-49-102-148-9-62-144-14-138-165-90-81"
149,71945,100,22885,94830,2,"189-152-97-1-101-75-86-26-100-121-53-158-154-70-135-180-63-79-133-51-118-59-115-46-0-143-117-93-140-68-139-193-41-5-42-181-159-69-108-18-22-146-34-160-48-54-177-184-43-116-65-149-123-162-151-80-176-137-23-183-89-186-114-15-9-62-144-14-138-165-40-185-90-81-196-179-145-78-31-56-113-175-171-16-25-44-120-2-129-92-57-55-52-106-178-49-102-148-124-94"
150,72248,100,23594,95842,3,"47-116-43-184-84-190-10-177-54-48-160-34-146-22-18-108-69-159-181-42-5-41-193-139-68-46-115-118-59-51-0-117-143-183-89-186-23-137-176-80-79-63-94-124-152-97-1-101-2-120-82-129-57-92-55-52-49-102-148-9-62-144-14-138-178-106-185-165-40-90-81-196-179-145-78-31-56-113-175-171-16-25-44-75-86-26-100-121-53-180-154-70-135-133-151-162-127-123-149-65"
151,72861,100,23747,96608,3,"111-124-94-137-176-80-151-162-127-123-149-65-116-43-184-177-54-48-160-34-146-22-18-108-69-159-181-42-5-41-193-139-68-140-93-117-143-183-89-0-46-115-59-118-51-133-79-63-180-135-70-154-158-53-121-100-26-86-75-101-1-97-152-2-120-44-25-16-171-175-113-56-31-78-145-179-92-129-57-55-52-185-40-196-81-90-27-164-95-39-165-106-178-49-14-144-102-62-9-148"
152,71947,100,23578,95525,2,"139-68-46-115-59-118-51-0-117-143-183-89-186-23-137-176-80-79-63-94-124-152-97-1-101-2-120-82-129-57-92-55-52-49-102-148-9-62-144-14-138-178-106-185-165-40-90-81-196-179-145-78-31-56-113-175-171-16-25-44-75-86-26-100-121-53-180-154-70-135-133-151-162-127-123-149-65-116-43-184-84-4-190-10-177-54-48-160-34-146-22-18-108-69-159-181-42-5-41-193"
153,72261,100,22842,95103,3,"83-89-183-143-117-0-46-68-139-193-41-115-5-42-181-159-69-108-18-22-146-34-160-48-54-177-10-190-4-84-184-43-116-65-59-118-51-151-133-162-123-127-70-135-154-180-53-121-100-26-86-75-44-25-16-171-175-113-56-31-78-145-179-196-81-90-40-165-185-106-178-138-14-144-62-9-148-102-49-52-55-92-57-129-82-120-2-101-1-97-152-124-94-63-79-80-176-137-23-186"
154,71813,100,23409,95222,2,"3-14-144-62-9-148-102-49-178-106-52-55-57-92-129-2-152-97-1-101-100-53-180-154-135-70-127-123-162-149-131-65-116-43-184-84-190-10-177-54-48-160-34-146-22-18-108-69-159-181-42-5-41-193-139-68-140-93-117-143-183-89-186-23-137-0-46-115-59-118-51-151-133-176-80-79-63-94-189-26-86-75-120-44-25-16-171-175-113-56-31-78-145-179-196-81-90-185-40-165"
155,72529,100,23535,96064,3,"38-145-78-92-179-196-81-90-40-165-185-106-178-138-14-144-62-9-148-102-49-52-55-57-129-2-152-97-1-101-100-53-180-154-135-70-127-123-162-149-131-65-116-43-184-190-10-177-54-48-160-34-146-22-18-108-69-159-181-42-5-41-193-139-68-140-93-117-143-183-89-186-23-137-0-46-115-59-118-51-151-133-176-80-79-63-94-189-26-86-75-120-44-25-16-171-175-113-56-31"
156,71988,100,23819,95807,2,"21-144-62-9-148-102-49-178-106-52-55-57-92-129-2-152-97-1-101-100-53-180-154-135-70-127-123-162-149-131-65-116-43-184-190-10-177-54-48-160-34-146-22-18-108-69-159-181-42-5-41-193-139-68-140-93-117-143-183-89-186-23-137-0-46-115-59-118-51-151-133-176-80-79-63-94-189-26-86-75-120-44-25-16-171-175-113-56-31-78-145-179-196-81-90-185-40-165-138-14"
157,71940,100,23456,95396,3,"80-79-63-94-124-152-97-1-101-2-120-82-129-57-92-55-52-49-102-148-9-62-144-14-138-178-106-185-165-40-90-81-196-179-145-78-31-56-113-175-171-16-25-44-75-86-26-100-121-53-180-154-135-70-127-123-162-133-151-149-131-65-116-43-184-84-190-10-177-54-48-160-34-146-22-18-108-69-159-181-42-5-41-193-139-68-46-115-59-118-51-0-117-143-183-89-186-23-137-176"
158,71523,100,23197,94720,2,"14-144-62-9-148-102-49-178-106-52-55-57-92-129-2-152-97-1-101-100-53-180-154-135-70-127-123-162-149-131-65-116-43-184-84-190-10-177-54-48-160-34-146-22-18-108-69-159-181-42-5-41-193-139-68-140-93-117-143-183-89-186-23-137-0-46-115-59-118-51-151-133-176-80-79-63-94-189-26-86-75-120-44-25-16-171-175-113-56-31-78-145-179-196-81-90-185-40-165-138"
159,71933,100,23455,95388,3,"97-26-100-189-94-124-148-102-49-178-106-52-55-57-92-129-2-120-44-25-16-171-175-113-56-31-78-145-179-196-81-90-185-40-165-138-14-144-62-9-15-114-186-89-183-23-137-176-80-151-162-127-123-149-65-116-43-184-190-177-54-48-160-34-146-22-18-108-69-159-181-42-5-41-193-139-68-140-93-117-143-0-46-115-59-118-51-133-79-63-180-135-70-154-53-86-75-101-1-152"
160,71933,100,23455,95388,2,"101-1-152-97-26-100-189-94-124-148-102-49-178-106-52-55-57-92-129-2-120-44-25-16-171-175-113-56-31-78-145-179-196-81-90-185-40-165-138-14-144-62-9-15-114-186-89-183-23-137-176-80-151-162-127-123-149-65-116-43-184-190-177-54-48-160-34-146-22-18-108-69-159-181-42-5-41-193-139-68-140-93-117-143-0-46-115-59-118-51-133-79-63-180-135-70-154-53-86-75"
161,72431,100,23484,95915,3,"24-149-65-116-43-184-84-190-10-177-54-48-160-34-146-22-18-108-69-159-181-42-5-41-193-139-68-46-115-59-118-51-0-117-143-183-89-186-23-137-176-80-79-63-94-124-152-97-1-101-2-120-82-129-57-92-55-52-49-102-148-9-62-144-14-138-178-106-185-165-40-90-81-196-179-145-78-31-56-113-175-171-16-25-44-75-86-26-100-121-53-180-154-70-135-133-151-162-127-123"
162,72976,100,23779,96755,2,"66-51-118-59-115-46-0-89-183-143-117-93-140-68-139-193-41-5-42-181-159-69-108-18-22-146-34-160-48-54-177-10-190-84-184-43-116-65-149-123-127-162-151-133-135-70-154-180-53-121-100-26-86-75-44-25-16-171-175-113-56-31-78-145-179-196-81-90-40-165-185-106-178-138-14-144-62-9-148-102-49-52-55-92-57-129-82-120-2-101-1-97-152-124-94-63-79-80-176-137"
163,71836,100,23029,94865,3,"153-0-117-143-183-89-186-23-137-176-80-79-63-94-124-152-97-1-101-2-120-82-129-57-92-55-52-49-102-148-9-62-144-14-138-178-106-185-165-40-90-81-196-179-145-78-31-56-113-175-171-16-25-44-75-86-26-100-121-53-180-154-135-70-127-123-162-133-151-51-118-59-65-116-43-184-84-4-190-10-177-54-48-160-34-146-22-18-108-69-159-181-42-5-115-41-193-139-68-46"
164,71523,100,23197,94720,3,"185-90-81-196-179-145-78-31-56-113-175-171-16-25-44-120-75-86-26-189-94-63-79-80-176-133-151-51-118-59-115-46-0-137-23-186-89-183-143-117-93-140-68-139-193-41-5-42-181-159-69-108-18-22-146-34-160-48-54-177-10-190-84-184-43-116-65-131-149-162-123-127-70-135-154-180-53-100-101-1-97-152-2-129-92-57-55-52-106-178-49-102-148-9-62-144-14-138-165-40"
165,73321,100,23737,97058,2,"76-176-80-151-162-127-123-149-65-116-43-184-190-177-54-48-160-34-146-22-18-108-69-159-181-42-5-41-193-139-68-46-115-59-118-51-133-79-63-180-135-70-154-158-53-121-100-26-86-75-101-1-97-152-94-124-148-102-49-178-106-52-55-57-92-129-2-120-44-25-16-171-175-113-56-31-78-145-179-196-81-90-185-40-165-138-14-144-62-9-15-114-186-137-23-89-183-143-117-0"
166,71523,100,23197,94720,3,"40-165-138-14-144-62-9-148-102-49-178-106-52-55-57-92-129-2-152-97-1-101-100-53-180-154-135-70-127-123-162-149-131-65-116-43-184-84-190-10-177-54-48-160-34-146-22-18-108-69-159-181-42-5-41-193-139-68-140-93-117-143-183-89-186-23-137-0-46-115-59-118-51-151-133-176-80-79-63-94-189-26-86-75-120-44-25-16-171-175-113-56-31-78-145-179-196-81-90-185"
167,71523,100,23197,94720,3,"178-49-102-148-9-62-144-14-138-165-40-185-90-81-196-179-145-78-31-56-113-175-171-16-25-44-120-75-86-26-189-94-63-79-80-176-133-151-51-118-59-115-46-0-137-23-186-89-183-143-117-93-140-68-139-193-41-5-42-181-159-69-108-18-22-146-34-160-48-54-177-10-190-84-184-43-116-65-131-149-162-123-127-70-135-154-180-53-100-101-1-97-152-2-129-92-57-55-52-106"
168,71597,100,23235,94832,2,"103-34-160-48-54-177-10-190-4-112-84-184-42-43-116-65-149-123-127-162-151-133-135-70-154-180-53-121-100-26-86-75-44-25-16-171-175-113-56-31-78-145-179-196-81-90-40-165-185-106-178-138-14-144-62-9-148-102-49-52-55-92-57-129-82-120-2-101-1-97-152-124-94-63-79-80-176-137-23-186-89-183-143-117-0-51-118-59-115-46-68-139-41-193-159-69-108-18-22-146"
169,71523,100,23197,94720,3,"178-49-102-148-9-62-144-14-138-165-40-185-90-81-196-179-145-78-31-56-113-175-171-16-25-44-120-75-86-26-189-94-63-79-80-176-133-151-51-118-59-115-46-0-137-23-186-89-183-143-117-93-140-68-139-193-41-5-42-181-159-69-108-18-22-146-34-160-48-54-177-10-190-84-184-43-116-65-131-149-162-123-127-70-135-154-180-53-100-101-1-97-152-2-129-92-57-55-52-106"
170,72006,100,23637,95643,2,"118-115-46-68-139-193-41-5-42-181-159-69-108-18-22-146-34-160-48-54-177-10-190-4-84-184-43-116-65-149-123-127-162-151-133-135-70-154-180-53-121-100-26-86-75-44-25-16-171-175-113-56-31-78-145-179-196-81-90-40-165-185-106-178-138-14-144-62-9-148-102-49-52-55-92-57-129-82-120-2-101-1-97-152-124-94-63-79-80-176-137-23-186-89-183-143-117-0-51-59"
171,71523,100,23197,94720,2,"178-49-102-148-9-62-144-14-138-165-40-185-90-81-196-179-145-78-31-56-113-175-171-16-25-44-120-75-86-26-189-94-63-79-80-176-133-151-51-118-59-115-46-0-137-23-186-89-183-143-117-93-140-68-139-193-41-5-42-181-159-69-108-18-22-146-34-160-48-54-177-10-190-84-184-43-116-65-131-149-162-123-127-70-135-154-180-53-100-101-1-97-152-2-129-92-57-55-52-106"
172,72402,100,23479,95881,3,"169-40-90-165-138-14-144-62-9-148-102-49-178-106-52-55-57-92-129-2-152-97-1-101-100-53-180-154-135-70-127-123-162-149-131-65-116-43-184-190-10-177-54-48-160-34-146-22-18-108-69-159-181-42-5-41-193-139-68-140-93-117-143-183-89-186-23-137-0-46-115-59-118-51-151-133-176-80-79-63-94-189-26-86-75-120-44-25-16-171-175-113-56-31-78-145-179-185-81-196"
173,71523,100,23197,94720,3,"144-14-138-165-40-185-90-81-196-179-145-78-31-56-113-175-171-16-25-44-120-75-86-26-189-94-63-79-80-176-133-151-51-118-59-115-46-0-137-23-186-89-183-143-117-93-140-68-139-193-41-5-42-181-159-69-108-18-22-146-34-160-48-54-177-10-190-84-184-43-116-65-131-149-162-123-127-70-135-154-180-53-100-101-1-97-152-2-129-92-57-55-52-106-178-49-102-148-9-62"
174,72083,100,23661,95744,2,"184-43-65-116-59-118-115-46-0-51-151-133-162-123-127-70-135-154-180-53-121-100-26-86-75-44-25-16-171-175-113-56-31-78-145-179-196-81-90-40-165-185-106-178-138-14-144-62-9-148-102-49-52-55-92-57-129-82-120-2-101-1-97-152-124-94-63-79-80-176-137-23-186-89-183-143-117-93-140-68-139-193-41-5-42-181-159-69-108-18-22-146-34-160-48-54-177-10-190-84"
175,71935,100,23606,95541,3,"84-4-112-127-123-162-151-133-135-70-154-180-53-121-100-26-86-75-44-25-16-171-175-113-56-31-78-145-179-196-81-90-40-165-185-106-178-138-14-144-62-9-148-102-49-52-55-92-57-129-82-120-2-101-1-97-152-124-94-63-79-80-176-137-23-186-89-183-143-117-0-51-118-59-115-139-68-46-65-116-43-42-5-41-193-159-69-108-18-22-146-181-34-160-48-54-177-190-184-35"
176,71226,100,22804,94030,2,"89-186-23-137-176-80-79-63-94-124-152-97-1-101-2-120-82-129-57-92-55-52-49-102-148-9-62-144-14-138-178-106-185-165-40-90-81-196-179-145-78-31-56-113-175-171-16-25-44-75-86-26-100-121-53-180-154-135-70-127-123-162-133-151-51-118-59-65-116-43-184-84-190-10-177-54-48-160-34-146-22-18-108-69-159-181-42-5-115-41-193-139-46-68-140-93-117-0-143-183"
177,73297,100,23511,96808,3,"87-2-120-82-129-57-92-179-145-78-31-56-113-175-171-16-25-44-75-86-53-154-70-135-180-63-79-133-51-118-59-115-46-0-143-117-93-140-68-139-193-41-5-42-181-159-69-108-18-22-146-34-160-48-54-177-184-43-116-65-149-123-162-151-80-176-137-23-183-89-186-114-15-9-62-144-14-138-165-90-81-196-40-185-55-52-106-178-49-102-148-124-94-189-100-26-1-101-97-152"
178,72621,100,23434,96055,2,"132-14-138-165-40-185-90-81-196-179-145-78-31-56-113-175-171-16-25-44-120-75-86-26-189-94-63-79-80-176-133-151-51-118-59-115-46-0-137-23-186-89-183-143-117-93-140-68-139-193-41-5-42-181-159-69-108-18-22-146-34-160-48-54-177-10-190-184-43-116-65-131-149-162-123-127-70-135-154-180-53-100-101-1-97-152-2-129-92-57-55-52-106-178-49-102-148-9-62-144"
179,71679,100,23015,94694,2,"37-102-49-178-106-52-55-57-92-129-2-152-97-1-101-100-53-180-154-135-70-127-123-162-149-131-65-116-43-184-190-10-177-54-48-160-34-146-22-18-108-69-159-181-42-5-41-193-139-68-140-93-117-143-183-89-186-23-137-0-46-115-59-118-51-151-133-176-80-79-63-94-189-26-86-75-120-44-25-16-171-175-113-56-31-78-145-179-196-81-90-185-40-165-138-14-144-62-9-148"
180,71750,100,23180,94930,4,"158-154-70-135-180-63-79-133-51-118-59-115-46-0-143-117-93-140-68-139-193-41-5-42-181-159-69-108-18-22-146-34-160-48-54-177-184-43-116-65-149-123-127-162-151-80-176-137-23-183-89-186-114-15-9-62-144-14-138-165-40-185-90-81-196-179-145-78-31-56-113-175-171-16-25-44-120-2-129-92-57-55-52-106-178-49-102-148-124-94-152-97-1-101-75-86-26-100-121-53"
181,71947,100,23578,95525,2,"42-5-41-193-139-68-46-115-59-118-51-0-117-143-183-89-186-23-137-176-80-79-63-94-124-152-97-1-101-2-120-82-129-57-92-55-52-49-102-148-9-62-144-14-138-178-106-185-165-40-90-81-196-179-145-78-31-56-113-175-171-16-25-44-75-86-26-100-121-53-180-154-70-135-133-151-162-127-123-149-65-116-43-184-84-4-190-10-177-54-48-160-34-146-22-18-108-69-159-181"
182,71630,100,23304,94934,2,"81-196-40-185-179-145-78-31-56-113-175-171-16-25-44-120-75-86-26-189-94-63-79-80-176-133-151-51-118-59-115-46-0-137-23-186-89-183-143-117-93-140-68-139-193-41-5-42-181-159-69-108-18-22-146-34-160-48-54-177-10-190-84-184-43-116-65-131-149-162-123-127-70-135-154-180-53-100-101-1-97-152-2-129-92-57-55-52-106-178-49-102-148-9-62-144-14-138-165-90"
183,71750,100,23180,94930,3,"180-63-79-133-51-118-59-115-46-0-143-117-93-140-68-139-193-41-5-42-181-159-69-108-18-22-146-34-160-48-54-177-184-43-116-65-149-123-127-162-151-80-176-137-23-183-89-186-114-15-9-62-144-14-138-165-40-185-90-81-196-179-145-78-31-56-113-175-171-16-25-44-120-2-129-92-57-55-52-106-178-49-102-148-124-94-152-97-1-101-75-86-26-100-121-53-158-154-70-135"
184,73395,100,23511,96906,3,"125-2-120-82-129-57-92-179-145-78-31-56-113-175-171-16-25-44-75-86-53-154-70-135-180-63-79-133-51-118-59-115-46-0-143-117-93-140-68-139-193-41-5-42-181-159-69-108-18-22-146-34-160-48-54-177-184-43-116-65-149-123-162-151-80-176-137-23-183-89-186-114-15-9-62-144-14-138-165-90-81-196-40-185-55-52-106-178-49-102-148-124-94-189-100-26-1-101-97-152"
185,73391,100,23933,97324,3,"147-177-10-4-184-43-65-116-59-118-115-46-0-51-151-133-162-123-127-70-135-154-180-53-121-100-26-86-75-44-25-16-171-175-113-56-31-78-145-179-196-81-90-40-165-185-106-178-138-14-144-62-9-148-102-49-52-55-92-57-129-82-120-2-101-1-97-152-124-94-63-79-80-176-137-23-186-89-183-143-117-93-140-68-139-193-41-159-69-108-18-22-146-195-42-181-160-34-48-54"
186,71933,100,23455,95388,2,"101-1-152-97-26-100-189-94-124-148-102-49-178-106-52-55-57-92-129-2-120-44-25-16-171-175-113-56-31-78-145-179-196-81-90-185-40-165-138-14-144-62-9-15-114-186-89-183-23-137-176-80-151-162-127-123-149-65-116-43-184-190-177-54-48-160-34-146-22-18-108-69-159-181-42-5-41-193-139-68-140-93-117-143-0-46-115-59-118-51-133-79-63-180-135-70-154-53-86-75"
187,72267,100,23379,95646,3,"128-167-148-9-62-102-144-14-49-178-106-165-40-185-90-81-196-179-145-78-31-56-113-175-171-16-25-44-120-75-86-26-189-94-63-79-80-176-133-151-51-118-59-115-46-0-137-23-186-89-183-143-117-93-140-68-139-193-41-5-42-181-159-69-108-18-22-146-34-160-48-54-177-10-190-184-43-116-65-131-149-162-123-127-70-135-154-180-53-100-101-1-97-152-2-129-92-57-52-55"
188,73395,100,23511,96906,2,"125-2-120-82-129-57-92-179-145-78-31-56-113-175-171-16-25-44-75-86-53-154-70-135-180-63-79-133-51-118-59-115-46-0-143-117-93-140-68-139-193-41-5-42-181-159-69-108-18-22-146-34-160-48-54-177-184-43-116-65-149-123-162-151-80-176-137-23-183-89-186-114-15-9-62-144-14-138-165-90-81-196-40-185-55-52-106-178-49-102-148-124-94-189-100-26-1-101-97-152"
189,72244,100,23214,95458,3,"187-196-40-185-179-145-78-31-56-113-175-171-16-25-44-120-75-86-26-189-94-63-79-80-176-133-151-51-118-59-115-46-0-137-23-186-89-183-143-117-93-140-68-139-193-41-5-42-181-159-69-108-18-22-146-34-160-48-54-177-10-190-184-43-116-65-131-149-162-123-127-70-135-154-180-53-100-101-1-97-152-2-129-92-57-55-52-106-178-49-102-148-9-62-144-14-138-165-90-81"
190,72791,100,23521,96312,2,"60-46-115-139-193-41-5-42-181-159-69-108-18-22-146-34-160-48-54-177-10-190-4-84-184-43-116-65-149-123-127-162-151-133-135-70-154-180-53-121-100-26-86-75-44-25-16-171-175-113-56-31-78-145-179-196-81-90-40-165-185-106-178-138-14-144-62-9-148-102-49-52-55-92-57-129-82-120-2-101-1-97-152-124-94-63-79-80-176-137-23-186-89-183-143-117-0-51-59-118"
191,72287,100,23801,96088,2,"48-34-160-181-42-195-146-22-18-108-69-159-41-193-139-68-140-93-117-143-183-89-186-23-137-176-80-79-63-94-124-152-97-1-101-2-120-82-129-57-92-55-52-49-102-148-9-62-144-14-138-178-106-185-165-40-90-81-196-179-145-78-31-56-113-175-171-16-25-44-75-86-26-100-121-53-180-154-135-70-127-123-162-133-151-51-0-46-115-118-59-116-65-43-184-84-190-10-177-54"
192,72637,100,24199,96836,3,"7-21-144-62-9-148-102-14-49-178-106-52-55-165-185-40-179-145-78-92-57-129-2-152-97-1-101-100-53-180-154-135-70-127-123-162-149-65-116-43-184-177-54-48-160-34-146-22-18-108-69-159-181-42-5-41-193-139-68-140-93-117-143-183-89-23-137-0-46-115-59-118-51-151-133-176-80-79-63-94-189-26-86-75-120-44-25-16-171-175-113-56-31-157-196-81-90-27-71-164"
193,72083,100,23661,95744,2,"43-65-116-59-118-115-46-0-51-151-133-162-123-127-70-135-154-180-53-121-100-26-86-75-44-25-16-171-175-113-56-31-78-145-179-196-81-90-40-165-185-106-178-138-14-144-62-9-148-102-49-52-55-92-57-129-82-120-2-101-1-97-152-124-94-63-79-80-176-137-23-186-89-183-143-117-93-140-68-139-193-41-5-42-181-159-69-108-18-22-146-34-160-48-54-177-10-190-84-184"
194,71947,100,23578,95525,3,"42-5-41-193-139-68-46-115-59-118-51-0-117-143-183-89-186-23-137-176-80-79-63-94-124-152-97-1-101-2-120-82-129-57-92-55-52-49-102-148-9-62-144-14-138-178-106-185-165-40-90-81-196-179-145-78-31-56-113-175-171-16-25-44-75-86-26-100-121-53-180-154-70-135-133-151-162-127-123-149-65-116-43-184-84-4-190-10-177-54-48-160-34-146-22-18-108-69-159-181"
195,71523,100,23197,94720,2,"62-144-14-138-165-40-185-90-81-196-179-145-78-31-56-113-175-171-16-25-44-120-75-86-26-189-94-63-79-80-176-133-151-51-118-59-115-46-0-137-23-186-89-183-143-117-93-140-68-139-193-41-5-42-181-159-69-108-18-22-146-34-160-48-54-177-10-190-84-184-43-116-65-131-149-162-123-127-70-135-154-180-53-100-101-1-97-152-2-129-92-57-55-52-106-178-49-102-148-9"
196,72431,100,23484,95915,3,"24-149-65-116-43-184-84-190-10-177-54-48-160-34-146-22-18-108-69-159-181-42-5-41-193-139-68-46-115-59-118-51-0-117-143-183-89-186-23-137-176-80-79-63-94-124-152-97-1-101-2-120-82-129-57-92-55-52-49-102-148-9-62-144-14-138-178-106-185-165-40-90-81-196-179-145-78-31-56-113-175-171-16-25-44-75-86-26-100-121-53-180-154-70-135-133-151-162-127-123"
197,72791,100,23521,96312,2,"60-46-115-139-193-41-5-42-181-159-69-108-18-22-146-34-160-48-54-177-10-190-4-84-184-43-116-65-149-123-127-162-151-133-135-70-154-180-53-121-100-26-86-75-44-25-16-171-175-113-56-31-78-145-179-196-81-90-40-165-185-106-178-138-14-144-62-9-148-102-49-52-55-92-57-129-82-120-2-101-1-97-152-124-94-63-79-80-176-137-23-186-89-183-143-117-0-51-59-118"
198,72151,100,23295,95446,3,"32-14-144-62-9-148-102-49-178-106-52-55-57-92-129-2-152-97-1-101-100-53-180-154-135-70-127-123-162-149-131-65-116-43-184-84-190-10-177-54-48-160-34-146-22-18-108-69-159-181-42-5-41-193-139-68-140-93-117-143-183-89-186-23-137-0-46-115-59-118-51-151-133-176-80-79-63-94-189-26-86-75-120-44-25-16-171-175-113-56-31-78-145-179-196-81-90-185-40-165"
199,72529,100,23490,96019,2,"191-193-41-5-42-181-159-69-108-18-22-146-34-160-48-54-177-10-190-84-184-43-116-65-149-123-127-162-151-133-135-70-154-180-53-121-100-26-86-75-44-25-16-171-175-113-56-31-78-145-179-196-81-90-40-165-185-106-178-138-14-144-62-9-148-102-49-52-55-92-57-129-82-120-2-101-1-97-152-124-94-63-79-80-176-137-23-186-89-183-143-117-0-51-118-59-115-46-68-139"
200,71641,100,22771,94412,3,"170-117-0-46-68-139-193-41-115-5-42-181-159-69-108-18-22-146-34-160-48-54-177-10-190-4-84-184-43-116-65-59-118-51-151-133-162-123-127-70-135-154-180-53-121-100-26-86-75-44-25-16-171-175-113-56-31-78-145-179-196-81-90-40-165-185-106-178-138-14-144-62-9-148-102-49-52-55-92-57-129-82-120-2-101-1-97-152-124-94-63-79-80-176-137-23-186-89-183-143"
