SolutionID,TotalCost,NumNodes,TotalDistance,ObjectiveFunction,Cycle
1,71108,100,22981,94089,"0-46-68-139-193-41-115-5-42-181-159-69-108-18-22-146-34-160-48-54-177-10-190-4-112-84-184-43-116-65-59-118-51-151-133-162-123-127-70-135-154-180-53-121-100-26-86-75-44-25-16-171-175-113-56-31-78-145-179-196-81-90-40-165-185-106-178-138-14-144-62-9-148-102-49-52-55-92-57-129-82-120-2-101-1-97-152-124-94-63-79-80-176-137-23-186-89-183-143-117"
2,71933,100,23455,95388,"1-101-75-86-53-154-70-135-180-63-79-133-51-118-59-115-46-0-143-117-93-140-68-139-193-41-5-42-181-159-69-108-18-22-146-34-160-48-54-177-190-184-43-116-65-149-123-127-162-151-80-176-137-23-183-89-186-114-15-9-62-144-14-138-165-40-185-90-81-196-179-145-78-31-56-113-175-171-16-25-44-120-2-129-92-57-55-52-106-178-49-102-148-124-94-189-100-26-97-152"
3,71905,100,23579,95484,"2-129-57-92-55-52-49-102-148-9-62-144-14-138-178-106-185-165-40-90-81-196-179-145-78-31-56-113-175-171-16-25-44-120-75-86-26-189-94-63-79-80-176-133-151-51-118-59-115-46-0-137-23-186-89-183-143-117-93-140-68-139-193-41-5-42-181-159-69-108-18-22-146-34-160-48-54-177-10-190-84-184-43-116-65-131-149-162-123-127-70-135-154-180-53-100-101-1-97-152"
4,71813,100,23409,95222,"3-14-144-62-9-148-102-49-178-106-52-55-57-92-129-2-152-97-1-101-100-53-180-154-135-70-127-123-162-149-131-65-116-43-184-84-190-10-177-54-48-160-34-146-22-18-108-69-159-181-42-5-41-193-139-68-140-93-117-143-183-89-186-23-137-0-46-115-59-118-51-151-133-176-80-79-63-94-189-26-86-75-120-44-25-16-171-175-113-56-31-78-145-179-196-81-90-185-40-165"
5,71935,100,23606,95541,"4-84-35-184-190-177-54-48-160-34-181-146-22-18-108-69-159-193-41-5-42-43-116-65-46-68-139-115-59-118-51-0-117-143-183-89-186-23-137-176-80-79-63-94-124-152-97-1-101-2-120-82-129-57-92-55-52-49-102-148-9-62-144-14-138-178-106-185-165-40-90-81-196-179-145-78-31-56-113-175-171-16-25-44-75-86-26-100-121-53-180-154-70-135-133-151-162-123-127-112"
6,71757,100,23388,95145,"5-43-116-65-149-123-127-162-151-133-135-70-154-180-53-121-100-26-86-75-44-25-16-171-175-113-56-31-78-145-179-196-81-90-40-165-185-106-178-138-14-144-62-9-148-102-49-52-55-92-57-129-82-120-2-101-1-97-152-124-94-63-79-80-176-137-23-186-89-183-143-117-0-51-118-59-115-46-68-139-41-193-159-69-108-18-22-146-181-34-160-48-54-177-10-190-4-84-184-42"
7,72451,100,23177,95628,"6-154-53-121-100-26-86-75-101-1-97-152-94-124-148-102-49-178-106-52-55-57-92-129-2-120-44-25-16-171-175-113-56-31-78-145-179-196-81-90-185-40-165-138-14-144-62-9-15-114-186-89-183-23-137-176-80-151-162-127-123-149-65-116-43-184-177-54-48-160-34-146-22-18-108-69-159-181-42-5-41-193-139-68-140-93-117-143-0-46-115-59-118-51-133-79-63-180-70-135"
8,72637,100,24199,96836,"7-21-144-62-9-148-102-14-49-178-106-52-55-165-185-40-179-145-78-92-57-129-2-152-97-1-101-100-53-180-154-135-70-127-123-162-149-65-116-43-184-177-54-48-160-34-146-22-18-108-69-159-181-42-5-41-193-139-68-140-93-117-143-183-89-23-137-0-46-115-59-118-51-151-133-176-80-79-63-94-189-26-86-75-120-44-25-16-171-175-113-56-31-157-196-81-90-27-71-164"
9,71847,100,23063,94910,"8-165-40-185-90-81-196-179-145-78-31-56-113-175-171-16-25-44-120-75-86-26-189-94-63-79-80-176-133-151-51-118-59-115-46-0-137-23-186-89-183-143-117-93-140-68-139-193-41-5-42-181-159-69-108-18-22-146-34-160-48-54-177-10-190-184-43-116-65-131-149-162-123-127-70-135-154-180-53-100-101-1-97-152-2-129-92-57-55-52-106-178-49-102-148-9-62-144-14-138"
10,71523,100,23197,94720,"9-148-102-49-178-106-52-55-57-92-129-2-152-97-1-101-100-53-180-154-135-70-127-123-162-149-131-65-116-43-184-84-190-10-177-54-48-160-34-146-22-18-108-69-159-181-42-5-41-193-139-68-140-93-117-143-183-89-186-23-137-0-46-115-59-118-51-151-133-176-80-79-63-94-189-26-86-75-120-44-25-16-171-175-113-56-31-78-145-179-196-81-90-185-40-165-138-14-144-62"
11,72214,100,24115,96329,"10-190-4-112-127-70-135-154-180-53-121-100-26-86-75-44-25-16-171-175-113-56-31-78-145-179-196-81-90-40-165-185-106-178-138-14-144-62-9-148-102-49-52-55-92-57-129-82-120-2-101-1-97-152-124-94-63-79-80-176-137-23-89-183-143-117-0-51-133-151-162-123-149-131-35-184-43-65-116-59-118-115-46-68-139-193-41-159-69-108-18-22-146-42-181-160-34-48-54-177"
12,72516,100,23391,95907,"11-35-84-4-112-127-123-162-151-133-135-70-154-180-53-121-100-26-86-75-44-25-16-171-175-113-56-31-78-145-179-196-81-90-40-165-185-106-178-138-14-144-62-9-148-102-49-52-55-92-57-129-82-120-2-101-1-97-152-124-94-63-79-80-176-137-23-186-89-183-143-117-0-51-118-59-115-139-68-46-65-116-43-42-5-41-193-159-69-108-18-22-146-181-34-160-48-54-177-184"
13,72899,100,23524,96423,"12-148-102-49-178-106-52-55-185-40-196-81-90-165-138-14-144-62-9-15-114-186-89-183-23-137-176-80-151-162-123-149-65-116-43-184-177-54-48-160-34-146-22-18-108-69-159-181-42-5-41-193-139-68-140-93-117-143-0-46-115-59-118-51-133-79-63-180-135-70-154-158-53-121-100-26-86-75-44-25-16-171-175-113-56-31-78-145-179-92-57-129-82-120-2-101-1-97-152-94"
14,72754,100,23520,96274,"13-31-145-78-92-179-196-81-90-40-165-185-106-178-138-14-144-62-9-148-102-49-52-55-57-129-2-152-97-1-101-100-53-180-154-135-70-127-123-162-149-131-65-116-43-184-190-10-177-54-48-160-34-146-22-18-108-69-159-181-42-5-41-193-139-68-140-93-117-143-183-89-186-23-137-0-46-115-59-118-51-151-133-176-80-79-63-94-189-26-86-75-120-44-25-16-171-175-113-56"
15,71523,100,23197,94720,"14-144-62-9-148-102-49-178-106-52-55-57-92-129-2-152-97-1-101-100-53-180-154-135-70-127-123-162-149-131-65-116-43-184-84-190-10-177-54-48-160-34-146-22-18-108-69-159-181-42-5-41-193-139-68-140-93-117-143-183-89-186-23-137-0-46-115-59-118-51-151-133-176-80-79-63-94-189-26-86-75-120-44-25-16-171-175-113-56-31-78-145-179-196-81-90-185-40-165-138"
16,71602,100,23316,94918,"15-144-14-138-165-40-185-90-81-196-179-145-78-31-56-113-175-171-16-25-44-120-75-86-26-189-94-63-79-80-176-133-151-51-118-59-115-46-0-137-23-186-89-183-143-117-93-140-68-139-193-41-5-42-181-159-69-108-18-22-146-34-160-48-54-177-10-190-184-43-116-65-131-149-162-123-127-70-135-154-180-53-100-101-1-97-152-2-129-92-57-55-52-106-178-49-102-62-9-148"
17,72017,100,23691,95708,"16-25-44-120-75-86-26-189-94-63-79-80-176-133-151-51-118-59-115-46-0-137-23-186-89-183-143-117-93-140-68-139-193-41-5-42-181-159-69-108-18-22-146-34-160-48-54-177-10-190-84-184-43-116-65-131-149-162-123-127-70-135-154-180-53-100-101-1-97-152-2-129-57-55-52-49-102-148-9-62-144-14-138-178-106-185-165-40-90-81-196-179-92-78-145-31-56-113-175-171"
18,73093,100,23811,96904,"17-196-81-90-27-164-39-165-40-185-106-178-138-14-144-62-9-148-102-49-52-55-57-129-92-179-145-78-82-2-152-97-1-101-100-53-180-154-135-70-127-123-162-149-65-116-43-184-177-54-48-160-34-146-22-18-108-69-159-181-42-5-41-193-139-68-140-93-117-143-183-89-23-137-0-46-115-59-118-51-151-133-176-80-79-63-94-26-86-75-120-44-25-16-171-175-113-56-31-157"
19,72218,100,23381,95599,"18-20-22-146-159-193-41-5-42-181-34-160-48-54-177-10-190-84-184-43-116-65-149-123-127-162-151-133-135-70-154-180-53-121-100-26-86-75-44-25-16-171-175-113-56-31-78-145-179-196-81-90-40-165-185-106-178-138-14-144-62-9-148-102-49-52-55-92-57-129-82-120-2-101-1-97-152-124-94-63-79-80-176-137-23-186-89-183-143-117-0-51-118-59-115-46-68-139-69-108"
20,72895,100,23941,96836,"19-152-1-101-100-26-97-2-120-82-129-57-92-179-145-78-31-56-113-175-171-16-25-44-75-86-53-154-70-135-180-63-79-133-51-118-59-115-46-0-143-117-93-140-68-139-193-41-5-42-181-159-69-108-18-22-146-34-160-48-54-177-184-43-116-65-149-123-127-162-151-80-176-137-23-183-89-186-114-15-9-62-144-14-138-165-90-81-196-40-185-55-52-106-178-49-102-148-124-94"
21,72394,100,23430,95824,"20-22-146-159-193-41-5-42-181-34-160-48-54-177-10-190-84-184-43-116-65-149-123-127-162-151-133-135-70-154-180-53-121-100-26-86-75-44-25-16-171-175-113-56-31-78-145-179-196-81-90-40-165-185-106-178-138-14-144-62-9-148-102-49-52-55-92-57-129-82-120-2-101-1-97-152-124-94-63-79-80-176-137-51-118-59-115-139-46-68-0-89-183-143-117-93-140-108-69-18"
22,71988,100,23819,95807,"21-144-62-9-148-102-49-178-106-52-55-57-92-129-2-152-97-1-101-100-53-180-154-135-70-127-123-162-149-131-65-116-43-184-190-10-177-54-48-160-34-146-22-18-108-69-159-181-42-5-41-193-139-68-140-93-117-143-183-89-186-23-137-0-46-115-59-118-51-151-133-176-80-79-63-94-189-26-86-75-120-44-25-16-171-175-113-56-31-78-145-179-196-81-90-185-40-165-138-14"
23,71385,100,23490,94875,"22-146-181-34-160-48-54-177-10-190-4-112-84-184-42-43-116-65-149-123-127-162-151-133-135-70-154-180-53-121-100-26-86-75-44-25-16-171-175-113-56-31-78-145-179-196-81-90-40-165-185-106-178-138-14-144-62-9-148-102-49-52-55-92-57-129-82-120-2-101-1-97-152-124-94-63-79-80-176-137-23-186-89-183-143-117-0-51-118-59-115-46-68-139-41-193-159-69-108-18"
24,71108,100,22981,94089,"23-137-176-80-79-63-94-124-152-97-1-101-2-120-82-129-57-92-55-52-49-102-148-9-62-144-14-138-178-106-185-165-40-90-81-196-179-145-78-31-56-113-175-171-16-25-44-75-86-26-100-121-53-180-154-135-70-127-123-162-133-151-51-118-59-65-116-43-184-84-112-4-190-10-177-54-48-160-34-146-22-18-108-69-159-181-42-5-115-41-193-139-68-46-0-117-143-183-89-186"
25,72431,100,23484,95915,"24-149-65-116-43-184-84-190-10-177-54-48-160-34-146-22-18-108-69-159-181-42-5-41-193-139-68-46-115-59-118-51-0-117-143-183-89-186-23-137-176-80-79-63-94-124-152-97-1-101-2-120-82-129-57-92-55-52-49-102-148-9-62-144-14-138-178-106-185-165-40-90-81-196-179-145-78-31-56-113-175-171-16-25-44-75-86-26-100-121-53-180-154-70-135-133-151-162-127-123"
26,71905,100,23579,95484,"25-44-120-75-86-26-189-94-63-79-80-176-133-151-51-118-59-115-46-0-137-23-186-89-183-143-117-93-140-68-139-193-41-5-42-181-159-69-108-18-22-146-34-160-48-54-177-10-190-84-184-43-116-65-131-149-162-123-127-70-135-154-180-53-100-101-1-97-152-2-129-57-92-55-52-49-102-148-9-62-144-14-138-178-106-185-165-40-90-81-196-179-145-78-31-56-113-175-171-16"
27,71591,100,23565,95156,"26-100-152-94-124-148-102-49-178-106-52-55-57-92-129-2-120-44-25-16-171-175-113-56-31-78-145-179-196-81-90-185-40-165-138-14-144-62-9-15-114-186-89-183-23-137-176-80-151-162-127-123-149-65-116-43-184-190-10-177-54-48-160-34-146-22-18-108-69-159-181-42-5-41-193-139-68-140-93-117-143-0-46-115-59-118-51-133-79-63-180-135-70-154-53-86-75-101-1-97"
28,72164,100,23636,95800,"27-71-164-7-95-39-165-138-14-144-62-9-148-102-49-178-106-52-55-57-92-129-2-152-97-1-101-100-53-180-154-135-70-127-123-162-149-65-116-43-184-177-54-48-160-34-146-22-18-108-69-159-181-42-5-41-193-139-68-140-93-117-143-183-89-23-137-0-46-115-59-118-51-151-133-176-80-79-63-94-26-86-75-120-44-25-16-171-175-113-56-31-78-145-179-196-81-185-40-90"
29,72501,100,23471,95972,"28-43-65-116-131-149-123-127-162-151-133-135-70-154-180-53-121-100-26-86-75-44-25-16-171-175-113-56-31-78-145-179-196-81-90-40-165-185-106-178-138-14-144-62-9-148-102-49-52-55-92-57-129-82-120-2-101-1-97-152-124-94-63-79-80-176-137-23-186-89-183-143-117-0-51-59-118-115-46-68-139-193-41-5-42-181-159-69-108-18-22-146-34-160-48-54-177-10-190-184"
30,72298,100,23401,95699,"29-112-4-84-35-184-177-54-48-160-34-181-146-22-18-108-69-159-193-41-5-42-43-116-65-46-68-139-115-59-118-51-0-117-143-183-89-186-23-137-176-80-79-63-94-124-152-97-1-101-2-120-82-129-57-92-55-52-49-102-148-9-62-144-14-138-178-106-185-165-40-90-81-196-179-145-78-31-56-113-175-171-16-25-44-75-86-26-100-121-53-180-154-70-135-133-151-162-123-127"
31,72324,100,23799,96123,"30-34-160-181-42-195-146-22-18-108-69-159-41-193-139-68-140-93-117-143-183-89-186-23-137-176-80-79-63-94-124-152-97-1-101-2-120-82-129-57-92-55-52-49-102-148-9-62-144-14-138-178-106-185-165-40-90-81-196-179-145-78-31-56-113-175-171-16-25-44-75-86-26-100-121-53-180-154-135-70-127-123-162-133-151-51-0-46-115-118-59-116-65-43-184-84-190-10-177-54"
32,72017,100,23691,95708,"31-145-78-92-179-196-81-90-40-165-185-106-178-138-14-144-62-9-148-102-49-52-55-57-129-2-152-97-1-101-100-53-180-154-135-70-127-123-162-149-131-65-116-43-184-84-190-10-177-54-48-160-34-146-22-18-108-69-159-181-42-5-41-193-139-68-140-93-117-143-183-89-186-23-137-0-46-115-59-118-51-151-133-176-80-79-63-94-189-26-86-75-120-44-25-16-171-175-113-56"
33,72151,100,23295,95446,"32-14-144-62-9-148-102-49-178-106-52-55-57-92-129-2-152-97-1-101-100-53-180-154-135-70-127-123-162-149-131-65-116-43-184-84-190-10-177-54-48-160-34-146-22-18-108-69-159-181-42-5-41-193-139-68-140-93-117-143-183-89-186-23-137-0-46-115-59-118-51-151-133-176-80-79-63-94-189-26-86-75-120-44-25-16-171-175-113-56-31-78-145-179-196-81-90-185-40-165"
34,72265,100,23015,95280,"33-102-49-178-106-52-55-57-92-129-2-152-97-1-101-100-53-180-154-135-70-127-123-162-149-131-65-116-43-184-190-10-177-54-48-160-34-146-22-18-108-69-159-181-42-5-41-193-139-68-140-93-117-143-183-89-186-23-137-0-46-115-59-118-51-151-133-176-80-79-63-94-189-26-86-75-120-44-25-16-171-175-113-56-31-78-145-179-196-81-90-185-40-165-138-14-144-62-9-148"
35,71385,100,23490,94875,"34-181-146-22-18-108-69-159-193-41-139-68-46-115-59-118-51-0-117-143-183-89-186-23-137-176-80-79-63-94-124-152-97-1-101-2-120-82-129-57-92-55-52-49-102-148-9-62-144-14-138-178-106-185-165-40-90-81-196-179-145-78-31-56-113-175-171-16-25-44-75-86-26-100-121-53-180-154-70-135-133-151-162-127-123-149-65-116-43-42-184-84-112-4-190-10-177-54-48-160"
36,71935,100,23606,95541,"35-84-4-112-127-123-162-151-133-135-70-154-180-53-121-100-26-86-75-44-25-16-171-175-113-56-31-78-145-179-196-81-90-40-165-185-106-178-138-14-144-62-9-148-102-49-52-55-92-57-129-82-120-2-101-1-97-152-124-94-63-79-80-176-137-23-186-89-183-143-117-0-51-118-59-115-139-68-46-65-116-43-42-5-41-193-159-69-108-18-22-146-181-34-160-48-54-177-190-184"
37,72462,100,23372,95834,"36-108-69-18-22-146-159-193-41-5-42-181-34-160-48-54-177-10-190-84-184-43-116-65-149-123-127-162-151-133-135-70-154-180-53-121-100-26-86-75-44-25-16-171-175-113-56-31-78-145-179-196-81-90-40-165-185-106-178-138-14-144-62-9-148-102-49-52-55-92-57-129-82-120-2-101-1-97-152-124-94-63-79-80-176-137-51-118-59-115-139-46-68-0-89-183-143-117-93-140"
38,71679,100,23015,94694,"37-102-49-178-106-52-55-57-92-129-2-152-97-1-101-100-53-180-154-135-70-127-123-162-149-131-65-116-43-184-190-10-177-54-48-160-34-146-22-18-108-69-159-181-42-5-41-193-139-68-140-93-117-143-183-89-186-23-137-0-46-115-59-118-51-151-133-176-80-79-63-94-189-26-86-75-120-44-25-16-171-175-113-56-31-78-145-179-196-81-90-185-40-165-138-14-144-62-9-148"
39,72529,100,23535,96064,"38-145-78-92-179-196-81-90-40-165-185-106-178-138-14-144-62-9-148-102-49-52-55-57-129-2-152-97-1-101-100-53-180-154-135-70-127-123-162-149-131-65-116-43-184-190-10-177-54-48-160-34-146-22-18-108-69-159-181-42-5-41-193-139-68-140-93-117-143-183-89-186-23-137-0-46-115-59-118-51-151-133-176-80-79-63-94-189-26-86-75-120-44-25-16-171-175-113-56-31"
40,72098,100,23628,95726,"39-95-7-164-27-90-40-185-81-196-179-145-78-31-56-113-175-171-16-25-44-120-75-86-26-189-94-63-79-80-176-133-151-51-118-59-115-46-0-137-23-89-183-143-117-93-140-68-139-193-41-5-42-181-159-69-108-18-22-146-34-160-48-54-177-184-43-116-65-149-162-123-127-70-135-154-180-53-100-101-1-97-152-2-129-92-57-55-52-106-178-49-102-148-9-62-144-14-138-165"
41,71523,100,23197,94720,"40-165-138-14-144-62-9-148-102-49-178-106-52-55-57-92-129-2-152-97-1-101-100-53-180-154-135-70-127-123-162-149-131-65-116-43-184-84-190-10-177-54-48-160-34-146-22-18-108-69-159-181-42-5-41-193-139-68-140-93-117-143-183-89-186-23-137-0-46-115-59-118-51-151-133-176-80-79-63-94-189-26-86-75-120-44-25-16-171-175-113-56-31-78-145-179-196-81-90-185"
42,71947,100,23578,95525,"41-5-42-181-159-69-108-18-22-146-34-160-48-54-177-10-190-4-84-184-43-116-65-149-123-127-162-151-133-135-70-154-180-53-121-100-26-86-75-44-25-16-171-175-113-56-31-78-145-179-196-81-90-40-165-185-106-178-138-14-144-62-9-148-102-49-52-55-92-57-129-82-120-2-101-1-97-152-124-94-63-79-80-176-137-23-186-89-183-143-117-0-51-118-59-115-46-68-139-193"
43,71947,100,23578,95525,"42-5-41-193-139-68-46-115-59-118-51-0-117-143-183-89-186-23-137-176-80-79-63-94-124-152-97-1-101-2-120-82-129-57-92-55-52-49-102-148-9-62-144-14-138-178-106-185-165-40-90-81-196-179-145-78-31-56-113-175-171-16-25-44-75-86-26-100-121-53-180-154-70-135-133-151-162-127-123-149-65-116-43-184-84-4-190-10-177-54-48-160-34-146-22-18-108-69-159-181"
44,72083,100,23661,95744,"43-65-116-59-118-115-46-0-51-151-133-162-123-127-70-135-154-180-53-121-100-26-86-75-44-25-16-171-175-113-56-31-78-145-179-196-81-90-40-165-185-106-178-138-14-144-62-9-148-102-49-52-55-92-57-129-82-120-2-101-1-97-152-124-94-63-79-80-176-137-23-186-89-183-143-117-93-140-68-139-193-41-5-42-181-159-69-108-18-22-146-34-160-48-54-177-10-190-84-184"
45,71905,100,23579,95484,"44-25-16-171-175-113-56-31-78-145-179-196-81-90-40-165-185-106-178-138-14-144-62-9-148-102-49-52-55-92-57-129-2-152-97-1-101-100-53-180-154-135-70-127-123-162-149-131-65-116-43-184-84-190-10-177-54-48-160-34-146-22-18-108-69-159-181-42-5-41-193-139-68-140-93-117-143-183-89-186-23-137-0-46-115-59-118-51-151-133-176-80-79-63-94-189-26-86-75-120"
46,73081,100,23748,96829,"45-162-133-135-70-154-180-53-121-100-26-86-75-44-25-16-171-175-113-56-31-78-145-179-196-81-90-40-165-185-106-178-138-14-144-62-9-148-102-49-52-55-92-57-129-82-120-2-101-1-97-152-124-94-63-79-80-176-137-23-186-89-183-143-117-0-51-118-59-115-46-68-139-193-41-5-42-181-159-69-108-18-22-146-34-160-48-54-177-10-190-84-184-43-116-65-149-123-127-151"
47,71947,100,23578,95525,"46-115-59-118-51-0-117-143-183-89-186-23-137-176-80-79-63-94-124-152-97-1-101-2-120-82-129-57-92-55-52-49-102-148-9-62-144-14-138-178-106-185-165-40-90-81-196-179-145-78-31-56-113-175-171-16-25-44-75-86-26-100-121-53-180-154-70-135-133-151-162-127-123-149-65-116-43-184-84-4-190-10-177-54-48-160-34-146-22-18-108-69-159-181-42-5-41-193-139-68"
48,72248,100,23594,95842,"47-116-43-184-84-190-10-177-54-48-160-34-146-22-18-108-69-159-181-42-5-41-193-139-68-46-115-118-59-51-0-117-143-183-89-186-23-137-176-80-79-63-94-124-152-97-1-101-2-120-82-129-57-92-55-52-49-102-148-9-62-144-14-138-178-106-185-165-40-90-81-196-179-145-78-31-56-113-175-171-16-25-44-75-86-26-100-121-53-180-154-70-135-133-151-162-127-123-149-65"
49,72287,100,23801,96088,"48-34-160-181-42-195-146-22-18-108-69-159-41-193-139-68-140-93-117-143-183-89-186-23-137-176-80-79-63-94-124-152-97-1-101-2-120-82-129-57-92-55-52-49-102-148-9-62-144-14-138-178-106-185-165-40-90-81-196-179-145-78-31-56-113-175-171-16-25-44-75-86-26-100-121-53-180-154-135-70-127-123-162-133-151-51-0-46-115-118-59-116-65-43-184-84-190-10-177-54"
50,71523,100,23197,94720,"49-102-148-9-62-144-14-138-165-40-185-90-81-196-179-145-78-31-56-113-175-171-16-25-44-120-75-86-26-189-94-63-79-80-176-133-151-51-118-59-115-46-0-137-23-186-89-183-143-117-93-140-68-139-193-41-5-42-181-159-69-108-18-22-146-34-160-48-54-177-10-190-84-184-43-116-65-131-149-162-123-127-70-135-154-180-53-100-101-1-97-152-2-129-92-57-55-52-106-178"
51,72985,100,23643,96628,"50-175-171-16-25-44-120-75-86-26-189-94-63-79-80-176-133-151-51-118-59-115-46-0-137-23-186-89-183-143-117-93-140-68-139-193-41-5-42-181-159-69-108-18-22-146-34-160-48-54-177-10-190-184-43-116-65-131-149-162-123-127-70-135-154-180-53-100-101-1-97-152-2-129-57-55-52-49-102-148-9-62-144-14-138-178-106-185-165-40-90-81-196-179-92-78-145-31-56-113"
52,71947,100,23578,95525,"51-118-59-115-46-68-139-193-41-5-42-181-159-69-108-18-22-146-34-160-48-54-177-10-190-4-84-184-43-116-65-149-123-127-162-151-133-135-70-154-180-53-121-100-26-86-75-44-25-16-171-175-113-56-31-78-145-179-196-81-90-40-165-185-106-178-138-14-144-62-9-148-102-49-52-55-92-57-129-82-120-2-101-1-97-152-124-94-63-79-80-176-137-23-186-89-183-143-117-0"
53,71590,100,23264,94854,"52-178-106-49-102-148-9-62-144-14-138-165-40-185-90-81-196-179-145-78-31-56-113-175-171-16-25-44-120-75-86-26-189-94-63-79-80-176-133-151-51-118-59-115-46-0-137-23-186-89-183-143-117-93-140-68-139-193-41-5-42-181-159-69-108-18-22-146-34-160-48-54-177-10-190-84-184-43-116-65-131-149-162-123-127-70-135-154-180-53-100-101-1-97-152-2-129-92-57-55"
54,71750,100,23180,94930,"53-158-154-70-135-180-63-79-133-51-118-59-115-46-0-143-117-93-140-68-139-193-41-5-42-181-159-69-108-18-22-146-34-160-48-54-177-184-43-116-65-149-123-127-162-151-80-176-137-23-183-89-186-114-15-9-62-144-14-138-165-40-185-90-81-196-179-145-78-31-56-113-175-171-16-25-44-120-2-129-92-57-55-52-106-178-49-102-148-124-94-152-97-1-101-75-86-26-100-121"
55,72287,100,23801,96088,"54-48-34-160-181-42-195-146-22-18-108-69-159-41-193-139-68-140-93-117-143-183-89-186-23-137-176-80-79-63-94-124-152-97-1-101-2-120-82-129-57-92-55-52-49-102-148-9-62-144-14-138-178-106-185-165-40-90-81-196-179-145-78-31-56-113-175-171-16-25-44-75-86-26-100-121-53-180-154-135-70-127-123-162-133-151-51-0-46-115-118-59-116-65-43-184-84-190-10-177"
56,71687,100,23361,95048,"55-178-106-49-102-148-9-62-144-14-138-165-40-185-90-81-196-179-145-78-31-56-113-175-171-16-25-44-120-75-86-26-189-94-63-79-80-176-133-151-51-118-59-115-46-0-137-23-186-89-183-143-117-93-140-68-139-193-41-5-42-181-159-69-108-18-22-146-34-160-48-54-177-10-190-84-184-43-116-65-131-149-162-123-127-70-135-154-180-53-100-101-1-97-152-2-129-92-57-52"
57,72017,100,23691,95708,"56-31-145-78-92-179-196-81-90-40-165-185-106-178-138-14-144-62-9-148-102-49-52-55-57-129-2-152-97-1-101-100-53-180-154-135-70-127-123-162-149-131-65-116-43-184-84-190-10-177-54-48-160-34-146-22-18-108-69-159-181-42-5-41-193-139-68-140-93-117-143-183-89-186-23-137-0-46-115-59-118-51-151-133-176-80-79-63-94-189-26-86-75-120-44-25-16-171-175-113"
58,71704,100,23378,95082,"57-55-52-49-102-148-9-62-144-14-138-178-106-185-165-40-90-81-196-179-145-78-31-56-113-175-171-16-25-44-120-75-86-26-189-94-63-79-80-176-133-151-51-118-59-115-46-0-137-23-186-89-183-143-117-93-140-68-139-193-41-5-42-181-159-69-108-18-22-146-34-160-48-54-177-10-190-84-184-43-116-65-131-149-162-123-127-70-135-154-180-53-100-101-1-97-152-2-129-92"
59,72703,100,24207,96910,"58-71-27-90-81-196-157-31-56-113-175-171-16-25-44-120-75-86-26-94-63-79-80-176-133-151-51-118-59-115-46-0-137-23-89-183-143-117-93-140-68-139-193-41-5-42-181-159-69-108-18-22-146-34-160-48-54-177-184-43-116-65-149-162-123-127-70-135-154-180-53-100-101-1-97-152-2-129-57-92-78-145-179-40-185-165-55-52-106-178-49-14-102-148-9-62-144-21-7-164"
60,71947,100,23578,95525,"59-115-46-68-139-193-41-5-42-181-159-69-108-18-22-146-34-160-48-54-177-10-190-4-84-184-43-116-65-149-123-127-162-151-133-135-70-154-180-53-121-100-26-86-75-44-25-16-171-175-113-56-31-78-145-179-196-81-90-40-165-185-106-178-138-14-144-62-9-148-102-49-52-55-92-57-129-82-120-2-101-1-97-152-124-94-63-79-80-176-137-23-186-89-183-143-117-0-51-118"
61,72791,100,23521,96312,"60-46-115-139-193-41-5-42-181-159-69-108-18-22-146-34-160-48-54-177-10-190-4-84-184-43-116-65-149-123-127-162-151-133-135-70-154-180-53-121-100-26-86-75-44-25-16-171-175-113-56-31-78-145-179-196-81-90-40-165-185-106-178-138-14-144-62-9-148-102-49-52-55-92-57-129-82-120-2-101-1-97-152-124-94-63-79-80-176-137-23-186-89-183-143-117-0-51-59-118"
62,72475,100,23085,95560,"61-144-14-138-165-40-185-90-81-196-179-145-78-31-56-113-175-171-16-25-44-120-75-86-26-189-94-63-79-80-176-133-151-51-118-59-115-46-0-137-23-186-89-183-143-117-93-140-68-139-193-41-5-42-181-159-69-108-18-22-146-34-160-48-54-177-10-190-184-43-116-65-131-149-162-123-127-70-135-154-180-53-100-101-1-97-152-2-129-92-57-55-52-106-178-49-102-62-9-148"
63,71523,100,23197,94720,"62-144-14-138-165-40-185-90-81-196-179-145-78-31-56-113-175-171-16-25-44-120-75-86-26-189-94-63-79-80-176-133-151-51-118-59-115-46-0-137-23-186-89-183-143-117-93-140-68-139-193-41-5-42-181-159-69-108-18-22-146-34-160-48-54-177-10-190-84-184-43-116-65-131-149-162-123-127-70-135-154-180-53-100-101-1-97-152-2-129-92-57-55-52-106-178-49-102-148-9"
64,71750,100,23180,94930,"63-180-135-70-154-158-53-121-100-26-86-75-101-1-97-152-94-124-148-102-49-178-106-52-55-57-92-129-2-120-44-25-16-171-175-113-56-31-78-145-179-196-81-90-185-40-165-138-14-144-62-9-15-114-186-89-183-23-137-176-80-151-162-127-123-149-65-116-43-184-177-54-48-160-34-146-22-18-108-69-159-181-42-5-41-193-139-68-140-93-117-143-0-46-115-59-118-51-133-79"
65,72672,100,23475,96147,"64-144-14-138-165-40-185-90-81-196-179-145-78-31-56-113-175-171-16-25-44-120-75-86-26-189-94-63-79-80-176-133-151-51-118-59-115-46-0-137-23-186-89-183-143-117-93-140-68-139-193-41-5-42-181-159-69-108-18-22-146-34-160-48-54-177-190-184-43-116-65-131-149-162-123-127-70-135-154-180-53-100-101-1-97-152-2-129-92-57-55-52-106-178-49-102-62-9-148-15"
66,71947,100,23578,95525,"65-149-123-127-162-151-133-135-70-154-180-53-121-100-26-86-75-44-25-16-171-175-113-56-31-78-145-179-196-81-90-40-165-185-106-178-138-14-144-62-9-148-102-49-52-55-92-57-129-82-120-2-101-1-97-152-124-94-63-79-80-176-137-23-186-89-183-143-117-0-51-118-59-115-46-68-139-193-41-5-42-181-159-69-108-18-22-146-34-160-48-54-177-10-190-4-84-184-43-116"
67,72976,100,23779,96755,"66-51-118-59-115-46-0-89-183-143-117-93-140-68-139-193-41-5-42-181-159-69-108-18-22-146-34-160-48-54-177-10-190-84-184-43-116-65-149-123-127-162-151-133-135-70-154-180-53-121-100-26-86-75-44-25-16-171-175-113-56-31-78-145-179-196-81-90-40-165-185-106-178-138-14-144-62-9-148-102-49-52-55-92-57-129-82-120-2-101-1-97-152-124-94-63-79-80-176-137"
68,72645,100,23364,96009,"67-108-69-18-22-146-159-193-41-5-42-181-34-160-48-54-177-10-190-84-184-43-116-65-149-123-127-162-151-133-135-70-154-180-53-121-100-26-86-75-44-25-16-171-175-113-56-31-78-145-179-196-81-90-40-165-185-106-178-138-14-144-62-9-148-102-49-52-55-92-57-129-82-120-2-101-1-97-152-124-94-63-79-80-176-137-51-118-59-115-139-46-68-0-89-183-143-117-93-140"
69,71947,100,23578,95525,"68-46-115-59-118-51-0-117-143-183-89-186-23-137-176-80-79-63-94-124-152-97-1-101-2-120-82-129-57-92-55-52-49-102-148-9-62-144-14-138-178-106-185-165-40-90-81-196-179-145-78-31-56-113-175-171-16-25-44-75-86-26-100-121-53-180-154-70-135-133-151-162-127-123-149-65-116-43-184-84-4-190-10-177-54-48-160-34-146-22-18-108-69-159-181-42-5-41-193-139"
70,72218,100,23381,95599,"69-108-18-20-22-146-159-193-41-5-42-181-34-160-48-54-177-10-190-84-184-43-116-65-149-123-127-162-151-133-135-70-154-180-53-121-100-26-86-75-44-25-16-171-175-113-56-31-78-145-179-196-81-90-40-165-185-106-178-138-14-144-62-9-148-102-49-52-55-92-57-129-82-120-2-101-1-97-152-124-94-63-79-80-176-137-23-186-89-183-143-117-0-51-118-59-115-46-68-139"
71,71750,100,23180,94930,"70-154-158-53-121-100-26-86-75-101-1-97-152-94-124-148-102-49-178-106-52-55-57-92-129-2-120-44-25-16-171-175-113-56-31-78-145-179-196-81-90-185-40-165-138-14-144-62-9-15-114-186-89-183-23-137-176-80-151-162-127-123-149-65-116-43-184-177-54-48-160-34-146-22-18-108-69-159-181-42-5-41-193-139-68-140-93-117-143-0-46-115-59-118-51-133-79-63-180-135"
72,72164,100,23636,95800,"71-164-7-95-39-165-138-14-144-62-9-148-102-49-178-106-52-55-57-92-129-2-152-97-1-101-100-53-180-154-135-70-127-123-162-149-65-116-43-184-177-54-48-160-34-146-22-18-108-69-159-181-42-5-41-193-139-68-140-93-117-143-183-89-23-137-0-46-115-59-118-51-151-133-176-80-79-63-94-26-86-75-120-44-25-16-171-175-113-56-31-78-145-179-196-81-185-40-90-27"
73,72377,100,23627,96004,"72-51-0-117-143-183-89-186-23-137-176-80-79-63-94-124-152-97-1-101-2-120-82-129-57-92-55-52-49-102-148-9-62-144-14-138-178-106-185-165-40-90-81-196-179-145-78-31-56-113-175-171-16-25-44-75-86-26-100-121-53-180-154-70-135-133-151-162-127-123-149-65-116-43-184-84-190-10-177-54-48-160-34-146-22-18-108-69-159-181-42-5-41-193-139-68-46-115-118-59"
74,72456,100,23554,96010,"73-15-148-9-62-102-49-178-106-52-55-57-92-129-2-152-97-1-101-100-53-180-154-135-70-127-123-162-149-131-65-116-43-184-190-177-54-48-160-34-146-22-18-108-69-159-181-42-5-41-193-139-68-140-93-117-143-183-89-186-23-137-0-46-115-59-118-51-151-133-176-80-79-63-94-189-26-86-75-120-44-25-16-171-175-113-56-31-78-145-179-196-81-90-185-40-165-138-14-144"
75,72489,100,23273,95762,"74-1-101-75-86-53-154-70-135-180-63-79-133-51-118-59-115-46-0-143-117-93-140-68-139-193-41-5-42-181-159-69-108-18-22-146-34-160-48-54-177-184-43-116-65-149-123-127-162-151-80-176-137-23-183-89-186-114-15-9-62-144-14-138-165-40-185-90-81-196-179-145-78-31-56-113-175-171-16-25-44-120-2-129-92-57-55-52-106-178-49-102-148-124-94-189-100-26-97-152"
76,72345,100,23817,96162,"75-44-25-16-171-175-113-56-31-78-145-179-196-81-90-40-165-185-106-178-138-14-144-62-9-148-102-49-52-55-92-57-129-82-120-2-1-152-97-101-100-53-180-154-135-70-127-123-162-149-131-65-116-43-184-190-10-177-54-48-160-34-146-22-18-108-69-159-181-42-5-41-193-139-68-140-93-117-143-183-89-186-23-137-0-46-115-59-118-51-151-133-176-80-79-63-94-189-26-86"
77,73321,100,23737,97058,"76-176-80-151-162-127-123-149-65-116-43-184-190-177-54-48-160-34-146-22-18-108-69-159-181-42-5-41-193-139-68-46-115-59-118-51-133-79-63-180-135-70-154-158-53-121-100-26-86-75-101-1-97-152-94-124-148-102-49-178-106-52-55-57-92-129-2-120-44-25-16-171-175-113-56-31-78-145-179-196-81-90-185-40-165-138-14-144-62-9-15-114-186-137-23-89-183-143-117-0"
78,72370,100,23528,95898,"77-43-184-190-10-177-54-48-160-34-146-22-18-108-69-159-181-42-5-41-193-139-68-140-93-117-143-183-89-186-23-137-176-80-79-63-94-124-152-97-1-101-2-120-82-129-57-92-55-52-49-102-148-9-62-144-14-138-178-106-185-165-40-90-81-196-179-145-78-31-56-113-175-171-16-25-44-75-86-26-100-121-53-180-154-135-70-127-123-162-133-151-51-0-46-115-118-59-116-65"
79,71905,100,23579,95484,"78-31-56-113-175-171-16-25-44-120-75-86-26-189-94-63-79-80-176-133-151-51-118-59-115-46-0-137-23-186-89-183-143-117-93-140-68-139-193-41-5-42-181-159-69-108-18-22-146-34-160-48-54-177-10-190-84-184-43-116-65-131-149-162-123-127-70-135-154-180-53-100-101-1-97-152-2-129-57-92-55-52-49-102-148-9-62-144-14-138-178-106-185-165-40-90-81-196-179-145"
80,72330,100,23522,95852,"79-80-176-133-151-51-118-59-115-46-0-137-23-186-89-183-143-117-93-140-68-139-193-41-5-42-181-159-69-108-18-22-146-34-160-48-54-177-184-43-116-65-131-149-162-123-127-70-135-180-154-158-53-121-100-26-86-75-44-25-16-171-175-113-56-31-78-145-179-196-81-90-40-165-185-106-178-138-14-144-62-9-148-102-49-52-55-92-57-129-82-120-2-101-1-97-152-124-94-63"
81,71940,100,23456,95396,"80-79-63-94-124-152-97-1-101-2-120-82-129-57-92-55-52-49-102-148-9-62-144-14-138-178-106-185-165-40-90-81-196-179-145-78-31-56-113-175-171-16-25-44-75-86-26-100-121-53-180-154-135-70-127-123-162-133-151-149-131-65-116-43-184-84-190-10-177-54-48-160-34-146-22-18-108-69-159-181-42-5-41-193-139-68-46-115-59-118-51-0-117-143-183-89-186-23-137-176"
82,71630,100,23304,94934,"81-196-40-185-179-145-78-31-56-113-175-171-16-25-44-120-75-86-26-189-94-63-79-80-176-133-151-51-118-59-115-46-0-137-23-186-89-183-143-117-93-140-68-139-193-41-5-42-181-159-69-108-18-22-146-34-160-48-54-177-10-190-84-184-43-116-65-131-149-162-123-127-70-135-154-180-53-100-101-1-97-152-2-129-92-57-55-52-106-178-49-102-148-9-62-144-14-138-165-90"
83,72236,100,23708,95944,"82-2-75-86-26-189-94-63-79-80-176-133-151-51-118-59-115-46-0-137-23-186-89-183-143-117-93-140-68-139-193-41-5-42-181-159-69-108-18-22-146-34-160-48-54-177-10-190-184-43-116-65-131-149-162-123-127-70-135-154-180-53-100-101-1-97-152-129-57-92-55-52-49-102-148-9-62-144-14-138-178-106-185-165-40-90-81-196-179-145-78-31-56-113-175-171-16-25-44-120"
84,72261,100,22842,95103,"83-89-183-143-117-0-46-68-139-193-41-115-5-42-181-159-69-108-18-22-146-34-160-48-54-177-10-190-4-84-184-43-116-65-59-118-51-151-133-162-123-127-70-135-154-180-53-121-100-26-86-75-44-25-16-171-175-113-56-31-78-145-179-196-81-90-40-165-185-106-178-138-14-144-62-9-148-102-49-52-55-92-57-129-82-120-2-101-1-97-152-124-94-63-79-80-176-137-23-186"
85,71935,100,23606,95541,"84-4-112-127-123-162-151-133-135-70-154-180-53-121-100-26-86-75-44-25-16-171-175-113-56-31-78-145-179-196-81-90-40-165-185-106-178-138-14-144-62-9-148-102-49-52-55-92-57-129-82-120-2-101-1-97-152-124-94-63-79-80-176-137-23-186-89-183-143-117-0-51-118-59-115-139-68-46-65-116-43-42-5-41-193-159-69-108-18-22-146-181-34-160-48-54-177-190-184-35"
86,72553,100,23540,96093,"85-31-145-78-92-179-196-81-90-40-165-185-106-178-138-14-144-62-9-148-102-49-52-55-57-129-2-152-97-1-101-100-53-180-154-135-70-127-123-162-149-131-65-116-43-184-190-10-177-54-48-160-34-146-22-18-108-69-159-181-42-5-41-193-139-68-140-93-117-143-183-89-186-23-137-0-46-115-59-118-51-151-133-176-80-79-63-94-189-26-86-75-120-44-25-16-171-175-113-56"
87,71750,100,23180,94930,"86-26-100-121-53-158-154-70-135-180-63-79-133-51-118-59-115-46-0-143-117-93-140-68-139-193-41-5-42-181-159-69-108-18-22-146-34-160-48-54-177-184-43-116-65-149-123-127-162-151-80-176-137-23-183-89-186-114-15-9-62-144-14-138-165-40-185-90-81-196-179-145-78-31-56-113-175-171-16-25-44-120-2-129-92-57-55-52-106-178-49-102-148-124-94-152-97-1-101-75"
88,73297,100,23511,96808,"87-2-120-82-129-57-92-179-145-78-31-56-113-175-171-16-25-44-75-86-53-154-70-135-180-63-79-133-51-118-59-115-46-0-143-117-93-140-68-139-193-41-5-42-181-159-69-108-18-22-146-34-160-48-54-177-184-43-116-65-149-123-162-151-80-176-137-23-183-89-186-114-15-9-62-144-14-138-165-90-81-196-40-185-55-52-106-178-49-102-148-124-94-189-100-26-1-101-97-152"
89,72887,100,23626,96513,"88-25-44-120-75-86-26-189-94-63-79-80-176-133-151-51-118-59-115-46-0-137-23-186-89-183-143-117-93-140-68-139-193-41-5-42-181-159-69-108-18-22-146-34-160-48-54-177-10-190-184-43-116-65-131-149-162-123-127-70-135-154-180-53-100-101-1-97-152-2-129-57-55-52-49-102-148-9-62-144-14-138-178-106-185-165-40-90-81-196-179-92-78-145-31-56-113-175-171-16"
90,71226,100,22804,94030,"89-186-23-137-176-80-79-63-94-124-152-97-1-101-2-120-82-129-57-92-55-52-49-102-148-9-62-144-14-138-178-106-185-165-40-90-81-196-179-145-78-31-56-113-175-171-16-25-44-75-86-26-100-121-53-180-154-135-70-127-123-162-133-151-51-118-59-65-116-43-184-84-190-10-177-54-48-160-34-146-22-18-108-69-159-181-42-5-115-41-193-139-46-68-140-93-117-0-143-183"
91,71673,100,23347,95020,"90-40-185-81-196-179-145-78-31-56-113-175-171-16-25-44-120-75-86-26-189-94-63-79-80-176-133-151-51-118-59-115-46-0-137-23-186-89-183-143-117-93-140-68-139-193-41-5-42-181-159-69-108-18-22-146-34-160-48-54-177-10-190-84-184-43-116-65-131-149-162-123-127-70-135-154-180-53-100-101-1-97-152-2-129-92-57-55-52-106-178-49-102-148-9-62-144-14-138-165"
92,72110,100,23205,95315,"91-196-81-90-40-165-185-106-178-138-14-144-62-9-148-102-49-52-55-57-92-129-2-152-97-1-101-100-53-180-154-135-70-127-123-162-149-131-65-116-43-184-190-10-177-54-48-160-34-146-22-18-108-69-159-181-42-5-41-193-139-68-140-93-117-143-183-89-186-23-137-0-46-115-59-118-51-151-133-176-80-79-63-94-189-26-86-75-120-44-25-16-171-175-113-56-31-78-145-179"
93,71905,100,23579,95484,"92-57-129-2-152-97-1-101-100-53-180-154-135-70-127-123-162-149-131-65-116-43-184-84-190-10-177-54-48-160-34-146-22-18-108-69-159-181-42-5-41-193-139-68-140-93-117-143-183-89-186-23-137-0-46-115-59-118-51-151-133-176-80-79-63-94-189-26-86-75-120-44-25-16-171-175-113-56-31-78-145-179-196-81-90-40-165-185-106-178-138-14-144-62-9-148-102-49-52-55"
94,71708,100,23286,94994,"93-0-46-68-139-193-41-115-5-42-181-159-69-108-18-22-146-34-160-48-54-177-10-190-84-184-43-116-65-59-118-51-151-133-162-123-127-70-135-154-180-53-121-100-26-86-75-44-25-16-171-175-113-56-31-78-145-179-196-81-90-40-165-185-106-178-138-14-144-62-9-148-102-49-52-55-92-57-129-82-120-2-101-1-97-152-124-94-63-79-80-176-137-23-186-89-183-143-117-140"
95,71750,100,23180,94930,"94-152-97-1-101-75-86-26-100-121-53-158-154-70-135-180-63-79-133-51-118-59-115-46-0-143-117-93-140-68-139-193-41-5-42-181-159-69-108-18-22-146-34-160-48-54-177-184-43-116-65-149-123-127-162-151-80-176-137-23-183-89-186-114-15-9-62-144-14-138-165-40-185-90-81-196-179-145-78-31-56-113-175-171-16-25-44-120-2-129-92-57-55-52-106-178-49-102-148-124"
96,72164,100,23636,95800,"95-7-164-71-27-90-40-185-81-196-179-145-78-31-56-113-175-171-16-25-44-120-75-86-26-94-63-79-80-176-133-151-51-118-59-115-46-0-137-23-89-183-143-117-93-140-68-139-193-41-5-42-181-159-69-108-18-22-146-34-160-48-54-177-184-43-116-65-149-162-123-127-70-135-154-180-53-100-101-1-97-152-2-129-92-57-55-52-106-178-49-102-148-9-62-144-14-138-165-39"
97,72114,100,23548,95662,"96-43-116-65-149-123-127-162-151-133-135-70-154-180-53-121-100-26-86-75-44-25-16-171-175-113-56-31-78-145-179-196-81-90-40-165-185-106-178-138-14-144-62-9-148-102-49-52-55-92-57-129-82-120-2-101-1-97-152-124-94-63-79-80-176-137-23-186-89-183-143-117-0-51-118-59-115-46-68-139-41-193-159-69-108-18-22-146-181-34-160-48-54-177-10-190-4-84-184-42"
98,71933,100,23455,95388,"97-26-100-189-94-124-148-102-49-178-106-52-55-57-92-129-2-120-44-25-16-171-175-113-56-31-78-145-179-196-81-90-185-40-165-138-14-144-62-9-15-114-186-89-183-23-137-176-80-151-162-127-123-149-65-116-43-184-190-177-54-48-160-34-146-22-18-108-69-159-181-42-5-41-193-139-68-140-93-117-143-0-46-115-59-118-51-133-79-63-180-135-70-154-53-86-75-101-1-152"
99,73217,100,24027,97244,"98-196-157-31-56-113-175-171-16-25-44-120-75-86-26-94-63-79-80-176-133-151-51-118-59-115-46-0-137-23-89-183-143-117-93-140-68-139-193-41-5-42-181-159-69-108-18-22-146-34-160-48-54-177-184-43-116-65-149-162-123-127-70-135-154-180-53-100-101-1-97-152-2-82-78-145-179-92-129-57-55-52-49-102-148-9-62-144-14-138-178-106-185-40-165-39-164-27-90-81"
100,72749,100,23378,96127,"99-97-26-100-86-75-101-1-152-94-124-148-102-49-178-106-52-55-57-92-129-2-120-44-25-16-171-175-113-56-31-78-145-179-196-81-90-185-40-165-138-14-144-62-9-15-114-186-89-183-23-137-176-80-151-162-127-123-149-65-116-43-184-177-54-48-160-34-146-22-18-108-69-159-181-42-5-41-193-139-68-140-93-117-143-0-46-115-59-118-51-133-79-63-180-135-70-154-158-53"
