SolutionID,TotalCost,NumNodes,TotalDistance,ObjectiveFunction,Cycle
1,71607,100,23637,95244,"0-46-68-139-193-41-115-5-42-181-159-69-108-18-22-146-34-160-48-54-177-10-190-4-112-84-35-184-43-116-65-59-118-51-151-133-162-123-127-70-135-180-154-53-121-100-26-86-75-44-25-16-171-175-113-56-31-78-145-92-57-179-40-196-81-90-165-185-106-178-138-14-144-62-9-148-102-49-52-55-129-120-2-101-1-97-152-124-94-63-79-80-176-137-23-186-89-183-143-117"
2,72798,100,23673,96471,"1-101-2-120-129-57-92-179-145-78-31-56-113-175-171-16-25-44-75-86-53-154-70-135-180-63-79-133-51-118-59-115-46-68-139-193-41-5-42-181-159-69-108-18-22-146-34-160-48-54-177-10-190-4-112-84-35-184-43-116-65-131-149-123-127-162-151-80-176-137-23-183-89-186-114-15-9-62-144-14-138-165-90-81-196-40-185-55-52-106-178-49-102-148-124-94-100-26-97-152"
3,72376,100,24468,96844,"2-129-55-52-49-102-148-9-62-144-14-138-178-106-185-165-90-81-196-40-179-57-92-145-78-31-56-113-175-171-16-25-44-120-75-86-26-94-63-79-80-137-176-133-151-51-118-59-115-46-0-89-183-143-117-93-140-68-139-193-41-5-42-181-159-69-108-18-22-146-34-160-48-54-177-10-190-4-112-84-35-184-43-116-65-131-149-162-123-127-70-135-154-180-53-100-101-1-97-152"
4,71897,100,23792,95689,"3-14-144-62-9-148-102-49-178-106-52-55-57-92-129-2-152-97-1-101-100-53-180-154-135-70-127-123-162-149-131-65-116-43-184-35-84-112-4-190-10-177-54-48-160-34-146-22-18-108-69-159-181-42-5-41-193-139-68-93-117-143-183-89-0-46-115-59-118-51-151-133-176-137-80-79-63-94-26-86-75-120-44-25-16-171-175-113-56-31-78-145-179-196-81-90-185-40-119-165"
5,72547,100,24420,96967,"4-84-190-10-177-54-48-184-160-34-146-22-18-108-69-159-181-42-43-116-65-5-41-193-139-68-46-115-59-118-51-0-117-143-183-89-186-23-137-176-80-79-63-94-124-152-97-1-101-2-120-82-129-55-52-49-102-148-9-62-144-14-138-178-106-185-165-90-81-196-40-179-57-92-145-78-31-56-113-175-171-16-25-44-75-86-26-100-121-53-154-180-70-135-133-151-162-123-127-112"
6,71957,100,23950,95907,"5-43-116-65-131-149-123-162-151-133-135-70-180-154-53-100-26-86-75-44-25-16-171-175-113-56-31-78-145-92-57-179-40-196-81-90-165-185-106-178-138-14-144-62-9-148-102-49-52-55-129-120-2-101-1-97-152-124-94-63-79-80-176-137-23-186-89-183-143-117-0-51-59-118-115-46-68-139-41-193-159-69-108-18-22-146-181-34-160-48-54-177-10-190-4-112-84-35-184-42"
7,73417,100,23169,96586,"6-154-53-100-26-86-75-44-25-16-171-175-113-56-31-78-145-179-92-57-129-120-2-101-1-97-152-94-124-148-102-49-178-106-52-55-185-40-196-81-90-165-138-14-144-62-9-15-114-186-89-183-23-137-176-80-151-162-123-149-131-65-116-43-184-35-84-112-4-190-10-177-54-48-160-34-146-22-18-108-69-159-181-42-5-41-193-139-68-46-115-59-118-51-133-79-63-180-70-135"
8,72954,100,23903,96857,"7-21-39-165-138-14-144-62-9-148-102-49-178-106-52-55-57-92-129-2-152-97-1-101-100-53-180-154-135-70-127-123-162-149-131-65-116-43-184-35-84-112-4-190-10-177-54-48-160-34-146-22-18-108-69-159-181-42-5-41-193-139-68-143-0-46-115-59-118-51-151-133-176-137-80-79-63-94-26-86-75-120-44-25-16-171-175-113-56-31-78-145-179-185-40-196-81-90-27-164"
9,72099,100,23437,95536,"8-165-119-40-185-90-81-196-179-145-78-31-56-113-175-171-16-25-44-120-75-86-26-94-63-79-80-137-176-133-151-51-118-59-115-46-0-183-143-117-93-68-139-193-41-5-42-181-159-69-108-18-22-146-34-160-48-54-177-10-190-4-112-84-35-184-43-116-65-131-149-162-123-127-70-135-154-180-53-100-101-1-97-152-2-129-92-57-55-52-106-178-49-102-148-9-62-144-14-138"
10,71607,100,23580,95187,"9-148-102-49-178-106-52-55-57-92-129-2-152-97-1-101-100-53-180-154-135-70-127-123-162-149-131-65-116-43-184-35-84-112-4-190-10-177-54-48-160-34-146-22-18-108-69-159-181-42-5-41-193-139-68-93-117-143-183-89-0-46-115-59-118-51-151-133-176-137-80-79-63-94-26-86-75-120-44-25-16-171-175-113-56-31-78-145-179-196-81-90-185-40-119-165-138-14-144-62"
11,72383,100,24721,97104,"10-190-4-112-84-35-184-43-65-116-131-149-123-127-162-151-133-135-70-180-154-53-100-26-86-75-44-25-16-171-175-113-56-31-78-145-92-57-179-40-196-81-90-165-185-106-178-138-14-144-62-9-148-102-49-52-55-129-120-2-101-1-97-152-124-94-63-79-80-176-137-23-186-89-183-143-117-0-51-59-118-115-46-68-139-193-41-159-69-108-18-22-146-42-181-160-34-48-54-177"
12,72996,100,24380,97376,"11-35-84-4-112-127-123-162-151-133-135-70-180-154-53-121-100-26-86-75-44-25-16-171-175-113-56-31-78-145-92-57-179-40-196-81-90-165-185-106-178-138-14-144-62-9-148-102-49-52-55-129-120-2-101-1-97-152-124-94-63-79-80-176-137-23-186-89-183-143-117-0-51-118-59-115-46-68-139-193-41-65-116-43-42-181-159-69-108-18-22-146-34-160-48-54-177-10-190-184"
13,73053,100,23294,96347,"12-148-102-49-178-106-52-55-185-40-196-81-90-165-138-14-144-62-9-15-114-186-89-183-23-137-176-80-151-162-123-149-131-65-116-43-184-35-84-112-4-190-10-177-54-48-160-34-146-22-18-108-69-159-181-42-5-41-193-139-68-46-115-59-118-51-133-79-63-180-135-70-154-53-100-26-86-75-44-25-16-171-175-113-56-31-78-145-179-92-57-129-120-2-101-1-97-152-94-124"
14,73342,100,24540,97882,"13-31-145-78-92-57-179-40-196-81-90-165-185-106-178-138-14-144-62-9-148-102-49-52-55-129-2-152-97-1-101-100-53-180-154-135-70-127-123-162-149-131-65-116-43-184-35-84-112-4-190-10-177-54-48-160-34-146-22-18-108-69-159-181-42-5-41-193-139-68-93-117-143-183-89-0-46-115-59-118-51-151-133-176-137-80-79-63-94-26-86-75-120-44-25-16-171-175-113-56"
15,71607,100,23580,95187,"14-144-62-9-148-102-49-178-106-52-55-57-92-129-2-152-97-1-101-100-53-180-154-135-70-127-123-162-149-131-65-116-43-184-35-84-112-4-190-10-177-54-48-160-34-146-22-18-108-69-159-181-42-5-41-193-139-68-93-117-143-183-89-0-46-115-59-118-51-151-133-176-137-80-79-63-94-26-86-75-120-44-25-16-171-175-113-56-31-78-145-179-196-81-90-185-40-119-165-138"
16,71854,100,23690,95544,"15-144-14-138-165-119-40-185-90-81-196-179-145-78-31-56-113-175-171-16-25-44-120-75-86-26-94-63-79-80-137-176-133-151-51-118-59-115-46-0-183-143-117-93-68-139-193-41-5-42-181-159-69-108-18-22-146-34-160-48-54-177-10-190-4-112-84-35-184-43-116-65-131-149-162-123-127-70-135-154-180-53-100-101-1-97-152-2-129-92-57-55-52-106-178-49-102-62-9-148"
17,72492,100,24584,97076,"16-25-44-120-75-86-26-94-63-79-80-137-176-133-151-51-118-59-115-46-0-89-183-143-117-93-140-68-139-193-41-5-42-181-159-69-108-18-22-146-34-160-48-54-177-10-190-4-112-84-35-184-43-116-65-131-149-162-123-127-70-135-154-180-53-100-101-1-97-152-2-129-55-52-49-102-148-9-62-144-14-138-178-106-185-165-90-81-196-40-179-57-92-78-145-31-56-113-175-171"
18,72951,100,23613,96564,"17-196-81-90-40-119-165-185-106-178-138-14-144-62-9-148-102-49-52-55-57-179-145-78-92-129-2-152-97-1-101-100-53-180-154-135-70-127-123-162-149-131-65-116-43-184-35-84-112-4-190-10-177-54-48-160-34-146-22-18-108-69-159-181-42-5-41-193-139-68-117-143-183-0-46-115-59-118-51-151-133-176-137-80-79-63-94-26-86-75-120-44-25-16-171-175-113-56-31-157"
19,71992,100,23985,95977,"18-22-146-159-193-41-5-42-181-34-160-48-54-177-10-190-4-112-84-35-184-43-116-65-131-149-123-162-151-133-135-70-180-154-53-100-26-86-75-44-25-16-171-175-113-56-31-78-145-92-57-179-40-196-81-90-165-185-106-178-138-14-144-62-9-148-102-49-52-55-129-120-2-101-1-97-152-124-94-63-79-80-176-137-23-186-89-183-143-117-0-51-59-118-115-46-68-139-69-108"
20,73224,100,23335,96559,"19-152-1-101-100-26-97-2-120-129-57-92-179-145-78-31-56-113-175-171-16-25-44-75-86-53-154-70-135-180-63-79-133-51-118-59-115-46-68-139-193-41-5-42-181-159-69-108-18-22-146-34-160-48-54-177-10-190-4-112-84-35-184-43-116-65-131-149-123-162-151-80-176-137-23-183-89-186-114-15-9-62-144-14-138-165-90-81-196-40-185-55-52-106-178-49-102-148-124-94"
21,72343,100,23998,96341,"20-22-146-159-193-41-5-42-181-34-160-48-54-177-10-190-4-112-84-35-184-43-116-65-131-149-123-162-151-133-135-70-180-154-53-100-26-86-75-44-25-16-171-175-113-56-31-78-145-92-57-179-40-196-81-90-165-185-106-178-138-14-144-62-9-148-102-49-52-55-129-120-2-101-1-97-152-124-94-63-79-80-176-137-23-186-89-183-143-117-0-51-59-118-115-46-68-139-108-18"
22,72240,100,24193,96433,"21-144-62-9-148-102-49-178-106-52-55-57-92-129-2-152-97-1-101-100-53-180-154-135-70-127-123-162-149-131-65-116-43-184-35-84-112-4-190-10-177-54-48-160-34-146-22-18-108-69-159-181-42-5-41-193-139-68-93-117-143-183-0-46-115-59-118-51-151-133-176-137-80-79-63-94-26-86-75-120-44-25-16-171-175-113-56-31-78-145-179-196-81-90-185-40-119-165-138-14"
23,71855,100,24193,96048,"22-146-181-34-160-48-54-177-10-190-4-112-84-35-184-42-43-116-65-131-149-123-127-162-151-133-135-70-180-154-53-100-26-86-75-44-25-16-171-175-113-56-31-78-145-92-57-179-40-196-81-90-165-185-106-178-138-14-144-62-9-148-102-49-52-55-129-120-2-101-1-97-152-124-94-63-79-80-176-137-23-186-89-183-143-117-0-51-59-118-115-46-68-139-41-193-159-69-108-18"
24,71163,100,23350,94513,"23-137-186-114-15-9-62-144-14-138-165-40-185-90-81-196-179-145-78-31-56-113-175-171-16-25-44-120-2-129-92-57-55-52-106-178-49-102-148-124-94-152-97-1-101-75-86-26-100-53-154-70-135-180-63-79-133-127-123-162-151-80-176-51-118-59-65-116-43-184-84-112-4-190-10-177-54-48-160-34-146-22-18-108-69-159-181-42-5-115-41-193-139-68-46-0-117-143-183-89"
25,72523,100,24090,96613,"24-149-131-116-65-43-184-35-84-112-4-190-10-177-54-48-160-34-146-22-18-108-69-159-181-42-5-41-193-139-68-46-115-59-118-51-0-117-143-183-89-186-23-137-176-80-79-63-94-124-152-97-1-101-2-120-129-55-52-49-102-148-9-62-144-14-178-106-185-165-90-81-196-40-179-57-92-145-78-31-56-113-175-171-16-25-44-75-86-26-100-53-154-180-70-135-133-151-162-123"
26,72376,100,24468,96844,"25-44-120-75-86-26-94-63-79-80-137-176-133-151-51-118-59-115-46-0-89-183-143-117-93-140-68-139-193-41-5-42-181-159-69-108-18-22-146-34-160-48-54-177-10-190-4-112-84-35-184-43-116-65-131-149-162-123-127-70-135-154-180-53-100-101-1-97-152-2-129-55-52-49-102-148-9-62-144-14-138-178-106-185-165-90-81-196-40-179-57-92-145-78-31-56-113-175-171-16"
27,72798,100,23673,96471,"26-100-94-124-148-102-49-178-106-52-55-185-40-196-81-90-165-138-14-144-62-9-15-114-186-89-183-23-137-176-80-151-162-127-123-149-131-65-116-43-184-35-84-112-4-190-10-177-54-48-160-34-146-22-18-108-69-159-181-42-5-41-193-139-68-46-115-59-118-51-133-79-63-180-135-70-154-53-86-75-44-25-16-171-175-113-56-31-78-145-179-92-57-129-120-2-101-1-152-97"
28,71976,100,23727,95703,"27-39-165-138-14-144-62-9-148-102-49-178-106-52-55-57-92-129-2-152-97-1-101-100-53-180-154-135-70-127-123-162-149-131-65-116-43-184-35-84-112-4-190-10-177-54-48-160-34-146-22-18-108-69-159-181-42-5-41-193-139-68-93-117-143-183-0-46-115-59-118-51-151-133-176-137-80-79-63-94-26-86-75-120-44-25-16-171-175-113-56-31-78-145-179-185-40-196-81-90"
29,72563,100,24134,96697,"28-43-65-116-131-149-123-162-151-133-135-70-180-154-53-100-26-86-75-44-25-16-171-175-113-56-31-78-145-92-57-179-40-196-81-90-165-185-106-178-14-144-62-9-148-102-49-52-55-129-120-2-101-1-97-152-124-94-63-79-80-176-137-23-186-89-183-143-117-0-51-59-118-115-46-68-139-193-41-5-42-181-159-69-108-18-22-146-34-160-48-54-177-10-190-4-112-84-35-184"
30,72778,100,24390,97168,"29-112-4-84-35-184-190-10-177-54-48-160-34-146-22-18-108-69-159-181-42-43-116-65-41-193-139-68-46-115-59-118-51-0-117-143-183-89-186-23-137-176-80-79-63-94-124-152-97-1-101-2-120-129-55-52-49-102-148-9-62-144-14-138-178-106-185-165-90-81-196-40-179-57-92-145-78-31-56-113-175-171-16-25-44-75-86-26-100-121-53-154-180-70-135-133-151-162-123-127"
31,72420,100,24719,97139,"30-34-160-181-42-146-22-18-108-69-159-41-193-139-68-46-115-118-59-51-0-117-143-183-89-186-23-137-176-80-79-63-94-124-152-97-1-101-2-120-129-55-52-49-102-148-9-62-144-14-138-178-106-185-165-90-81-196-40-179-57-92-145-78-31-56-113-175-171-16-25-44-75-86-26-100-53-154-180-70-135-133-151-162-127-123-149-131-116-65-43-184-35-84-112-4-190-10-177-54"
32,72492,100,24584,97076,"31-145-78-92-57-179-40-196-81-90-165-185-106-178-138-14-144-62-9-148-102-49-52-55-129-2-152-97-1-101-100-53-180-154-135-70-127-123-162-149-131-65-116-43-184-35-84-112-4-190-10-177-54-48-160-34-146-22-18-108-69-159-181-42-5-41-193-139-68-140-93-117-143-183-89-0-46-115-59-118-51-151-133-176-137-80-79-63-94-26-86-75-120-44-25-16-171-175-113-56"
33,72235,100,23678,95913,"32-14-144-62-9-148-102-49-178-106-52-55-57-92-129-2-152-97-1-101-100-53-180-154-135-70-127-123-162-149-131-65-116-43-184-35-84-112-4-190-10-177-54-48-160-34-146-22-18-108-69-159-181-42-5-41-193-139-68-93-117-143-183-89-0-46-115-59-118-51-151-133-176-137-80-79-63-94-26-86-75-120-44-25-16-171-175-113-56-31-78-145-179-196-81-90-185-40-119-165"
34,72517,100,23389,95906,"33-102-49-178-106-52-55-57-92-129-2-152-97-1-101-100-53-180-154-135-70-127-123-162-149-131-65-116-43-184-35-84-112-4-190-10-177-54-48-160-34-146-22-18-108-69-159-181-42-5-41-193-139-68-93-117-143-183-0-46-115-59-118-51-151-133-176-137-80-79-63-94-26-86-75-120-44-25-16-171-175-113-56-31-78-145-179-196-81-90-185-40-119-165-138-14-144-62-9-148"
35,71855,100,24193,96048,"34-181-146-22-18-108-69-159-193-41-139-68-46-115-118-59-51-0-117-143-183-89-186-23-137-176-80-79-63-94-124-152-97-1-101-2-120-129-55-52-49-102-148-9-62-144-14-138-178-106-185-165-90-81-196-40-179-57-92-145-78-31-56-113-175-171-16-25-44-75-86-26-100-53-154-180-70-135-133-151-162-127-123-149-131-65-116-43-42-184-35-84-112-4-190-10-177-54-48-160"
36,72389,100,24419,96808,"35-84-4-112-127-123-162-151-133-135-70-180-154-53-121-100-26-86-75-44-25-16-171-175-113-56-31-78-145-92-57-179-40-196-81-90-165-185-106-178-138-14-144-62-9-148-102-49-52-55-129-120-2-101-1-97-152-124-94-63-79-80-176-137-23-186-89-183-143-117-0-51-118-59-115-46-68-139-193-41-5-65-116-43-42-181-159-69-108-18-22-146-34-160-48-54-177-10-190-184"
37,72340,100,23965,96305,"36-108-69-18-22-146-159-193-41-5-42-181-34-160-48-54-177-10-190-112-84-184-43-116-65-131-149-123-162-151-133-135-70-180-154-53-100-26-86-75-44-25-16-171-175-113-56-31-78-145-92-57-179-40-196-81-90-165-185-106-178-14-144-62-9-148-102-49-52-55-129-120-2-101-1-97-152-124-94-63-79-80-176-137-23-186-89-183-143-117-0-51-59-118-115-139-46-68-93-140"
38,71931,100,23389,95320,"37-102-49-178-106-52-55-57-92-129-2-152-97-1-101-100-53-180-154-135-70-127-123-162-149-131-65-116-43-184-35-84-112-4-190-10-177-54-48-160-34-146-22-18-108-69-159-181-42-5-41-193-139-68-93-117-143-183-0-46-115-59-118-51-151-133-176-137-80-79-63-94-26-86-75-120-44-25-16-171-175-113-56-31-78-145-179-196-81-90-185-40-119-165-138-14-144-62-9-148"
39,73117,100,24555,97672,"38-145-78-92-57-179-40-196-81-90-165-185-106-178-138-14-144-62-9-148-102-49-52-55-129-2-152-97-1-101-100-53-180-154-135-70-127-123-162-149-131-65-116-43-184-35-84-112-4-190-10-177-54-48-160-34-146-22-18-108-69-159-181-42-5-41-193-139-68-93-117-143-183-89-0-46-115-59-118-51-151-133-176-137-80-79-63-94-26-86-75-120-44-25-16-171-175-113-56-31"
40,71976,100,23727,95703,"39-27-90-81-196-40-185-179-145-78-31-56-113-175-171-16-25-44-120-75-86-26-94-63-79-80-137-176-133-151-51-118-59-115-46-0-183-143-117-93-68-139-193-41-5-42-181-159-69-108-18-22-146-34-160-48-54-177-10-190-4-112-84-35-184-43-116-65-131-149-162-123-127-70-135-154-180-53-100-101-1-97-152-2-129-92-57-55-52-106-178-49-102-148-9-62-144-14-138-165"
41,71607,100,23580,95187,"40-119-165-138-14-144-62-9-148-102-49-178-106-52-55-57-92-129-2-152-97-1-101-100-53-180-154-135-70-127-123-162-149-131-65-116-43-184-35-84-112-4-190-10-177-54-48-160-34-146-22-18-108-69-159-181-42-5-41-193-139-68-93-117-143-183-89-0-46-115-59-118-51-151-133-176-137-80-79-63-94-26-86-75-120-44-25-16-171-175-113-56-31-78-145-179-196-81-90-185"
42,72147,100,24140,96287,"41-5-42-181-159-69-108-18-22-146-34-160-48-54-177-10-190-4-112-84-35-184-43-116-65-131-149-123-162-151-133-135-70-180-154-53-100-26-86-75-44-25-16-171-175-113-56-31-78-145-92-57-179-40-196-81-90-165-185-106-178-138-14-144-62-9-148-102-49-52-55-129-120-2-101-1-97-152-124-94-63-79-80-176-137-23-186-89-183-143-117-0-51-59-118-115-46-68-139-193"
43,72147,100,24140,96287,"42-5-41-193-139-68-46-115-118-59-51-0-117-143-183-89-186-23-137-176-80-79-63-94-124-152-97-1-101-2-120-129-55-52-49-102-148-9-62-144-14-138-178-106-185-165-90-81-196-40-179-57-92-145-78-31-56-113-175-171-16-25-44-75-86-26-100-53-154-180-70-135-133-151-162-123-149-131-65-116-43-184-35-84-112-4-190-10-177-54-48-160-34-146-22-18-108-69-159-181"
44,72234,100,24227,96461,"43-65-116-131-149-123-162-151-133-135-70-180-154-53-100-26-86-75-44-25-16-171-175-113-56-31-78-145-92-57-179-40-196-81-90-165-185-106-178-138-14-144-62-9-148-102-49-52-55-129-120-2-101-1-97-152-124-94-63-79-80-176-137-23-186-89-183-143-117-0-51-59-118-115-46-68-139-193-41-5-42-181-159-69-108-18-22-146-34-160-48-54-177-10-190-4-112-84-35-184"
45,72376,100,24468,96844,"44-25-16-171-175-113-56-31-78-145-92-57-179-40-196-81-90-165-185-106-178-138-14-144-62-9-148-102-49-52-55-129-2-152-97-1-101-100-53-180-154-135-70-127-123-162-149-131-65-116-43-184-35-84-112-4-190-10-177-54-48-160-34-146-22-18-108-69-159-181-42-5-41-193-139-68-140-93-117-143-183-89-0-46-115-59-118-51-151-133-176-137-80-79-63-94-26-86-75-120"
46,73013,100,24434,97447,"45-162-133-123-127-70-135-180-154-53-100-26-86-75-44-25-16-171-175-113-56-31-78-145-92-57-179-40-196-81-90-165-185-106-178-14-144-62-9-148-102-49-52-55-129-120-2-101-1-97-152-124-94-63-79-80-176-137-23-186-89-183-143-117-0-51-118-59-115-46-68-139-193-41-5-42-181-159-69-108-18-22-146-34-160-48-54-177-10-190-4-112-84-184-43-116-65-131-149-151"
47,72147,100,24140,96287,"46-115-118-59-51-0-117-143-183-89-186-23-137-176-80-79-63-94-124-152-97-1-101-2-120-129-55-52-49-102-148-9-62-144-14-138-178-106-185-165-90-81-196-40-179-57-92-145-78-31-56-113-175-171-16-25-44-75-86-26-100-53-154-180-70-135-133-151-162-123-149-131-65-116-43-184-35-84-112-4-190-10-177-54-48-160-34-146-22-18-108-69-159-181-42-5-41-193-139-68"
48,72253,100,24113,96366,"47-116-43-184-35-84-112-4-190-10-177-54-48-160-34-146-22-18-108-69-159-181-42-5-41-193-139-68-46-115-118-59-51-0-117-143-183-89-186-23-137-176-80-79-63-94-124-152-97-1-101-2-120-129-55-52-49-102-148-9-62-144-14-178-106-185-165-90-81-196-40-179-57-92-145-78-31-56-113-175-171-16-25-44-75-86-26-100-53-154-180-70-135-133-151-162-123-149-131-65"
49,72383,100,24721,97104,"48-34-160-181-42-146-22-18-108-69-159-41-193-139-68-46-115-118-59-51-0-117-143-183-89-186-23-137-176-80-79-63-94-124-152-97-1-101-2-120-129-55-52-49-102-148-9-62-144-14-138-178-106-185-165-90-81-196-40-179-57-92-145-78-31-56-113-175-171-16-25-44-75-86-26-100-53-154-180-70-135-133-151-162-127-123-149-131-116-65-43-184-35-84-112-4-190-10-177-54"
50,71607,100,23580,95187,"49-102-148-9-62-144-14-138-165-119-40-185-90-81-196-179-145-78-31-56-113-175-171-16-25-44-120-75-86-26-94-63-79-80-137-176-133-151-51-118-59-115-46-0-89-183-143-117-93-68-139-193-41-5-42-181-159-69-108-18-22-146-34-160-48-54-177-10-190-4-112-84-35-184-43-116-65-131-149-162-123-127-70-135-154-180-53-100-101-1-97-152-2-129-92-57-55-52-106-178"
51,73573,100,24663,98236,"50-175-171-16-25-44-120-75-86-26-94-63-79-80-137-176-133-151-51-118-59-115-46-0-89-183-143-117-93-68-139-193-41-5-42-181-159-69-108-18-22-146-34-160-48-54-177-10-190-4-112-84-35-184-43-116-65-131-149-162-123-127-70-135-154-180-53-100-101-1-97-152-2-129-55-52-49-102-148-9-62-144-14-138-178-106-185-165-90-81-196-40-179-57-92-78-145-31-56-113"
52,72088,100,24081,96169,"51-118-59-115-46-68-139-193-41-5-42-181-159-69-108-18-22-146-34-160-48-54-177-10-190-4-112-84-35-184-43-116-65-131-149-123-162-151-133-135-70-180-154-53-100-26-86-75-44-25-16-171-175-113-56-31-78-145-92-57-179-40-196-81-90-165-185-106-178-138-14-144-62-9-148-102-49-52-55-129-120-2-101-1-97-152-124-94-63-79-80-176-137-23-186-89-183-143-117-0"
53,71854,100,23937,95791,"52-55-49-102-148-9-62-144-14-178-106-165-119-40-185-90-81-196-179-145-78-31-56-113-175-171-16-25-44-120-75-86-26-94-63-79-80-137-176-133-151-51-118-59-115-46-0-89-183-143-117-93-140-68-139-193-41-5-42-181-159-69-108-18-22-146-34-160-48-54-177-10-190-4-112-84-35-184-43-116-65-131-149-162-123-127-70-135-154-180-53-100-101-1-97-152-2-129-92-57"
54,72648,100,23523,96171,"53-154-70-135-180-63-79-133-51-118-59-115-46-68-139-193-41-5-42-181-159-69-108-18-22-146-34-160-48-54-177-10-190-4-112-84-35-184-43-116-65-131-149-123-127-162-151-80-176-137-23-183-89-186-114-15-9-62-144-14-138-165-90-81-196-40-185-55-52-106-178-49-102-148-124-94-152-97-1-101-2-120-129-57-92-179-145-78-31-56-113-175-171-16-25-44-75-86-26-100"
55,72383,100,24721,97104,"54-48-34-160-181-42-146-22-18-108-69-159-41-193-139-68-46-115-118-59-51-0-117-143-183-89-186-23-137-176-80-79-63-94-124-152-97-1-101-2-120-129-55-52-49-102-148-9-62-144-14-138-178-106-185-165-90-81-196-40-179-57-92-145-78-31-56-113-175-171-16-25-44-75-86-26-100-53-154-180-70-135-133-151-162-127-123-149-131-116-65-43-184-35-84-112-4-190-10-177"
56,71854,100,23937,95791,"55-49-102-148-9-62-144-14-178-106-165-119-40-185-90-81-196-179-145-78-31-56-113-175-171-16-25-44-120-75-86-26-94-63-79-80-137-176-133-151-51-118-59-115-46-0-89-183-143-117-93-140-68-139-193-41-5-42-181-159-69-108-18-22-146-34-160-48-54-177-10-190-4-112-84-35-184-43-116-65-131-149-162-123-127-70-135-154-180-53-100-101-1-97-152-2-129-92-57-52"
57,72492,100,24584,97076,"56-31-145-78-92-57-179-40-196-81-90-165-185-106-178-138-14-144-62-9-148-102-49-52-55-129-2-152-97-1-101-100-53-180-154-135-70-127-123-162-149-131-65-116-43-184-35-84-112-4-190-10-177-54-48-160-34-146-22-18-108-69-159-181-42-5-41-193-139-68-140-93-117-143-183-89-0-46-115-59-118-51-151-133-176-137-80-79-63-94-26-86-75-120-44-25-16-171-175-113"
58,71788,100,23761,95549,"57-55-52-49-102-148-9-62-144-14-138-178-106-185-165-119-40-90-81-196-179-145-78-31-56-113-175-171-16-25-44-120-75-86-26-94-63-79-80-137-176-133-151-51-118-59-115-46-0-89-183-143-117-93-68-139-193-41-5-42-181-159-69-108-18-22-146-34-160-48-54-177-10-190-4-112-84-35-184-43-116-65-131-149-162-123-127-70-135-154-180-53-100-101-1-97-152-2-129-92"
59,73512,100,23601,97113,"58-27-90-81-196-40-185-179-145-78-31-56-113-175-171-16-25-44-120-75-86-26-94-63-79-80-137-176-133-151-51-118-59-115-46-0-68-139-193-41-5-42-181-159-69-108-18-22-146-34-160-48-54-177-10-190-4-112-84-35-184-43-116-65-131-149-162-123-127-70-135-154-180-53-100-101-1-97-152-2-129-92-57-55-52-106-178-49-102-148-9-62-144-14-138-165-39-21-7-164"
60,72147,100,24140,96287,"59-118-115-46-68-139-193-41-5-42-181-159-69-108-18-22-146-34-160-48-54-177-10-190-4-112-84-35-184-43-116-65-131-149-123-162-151-133-135-70-180-154-53-100-26-86-75-44-25-16-171-175-113-56-31-78-145-92-57-179-40-196-81-90-165-185-106-178-138-14-144-62-9-148-102-49-52-55-129-120-2-101-1-97-152-124-94-63-79-80-176-137-23-186-89-183-143-117-0-51"
61,72937,100,24066,97003,"60-46-115-139-193-41-5-42-181-159-69-108-18-22-146-34-160-48-54-177-10-190-4-112-84-35-184-43-116-65-59-118-151-133-162-123-127-70-135-180-154-53-121-100-26-86-75-44-25-16-171-175-113-56-31-78-145-92-57-179-40-196-81-90-165-185-106-178-138-14-144-62-9-148-102-49-52-55-129-120-2-101-1-97-152-124-94-63-79-80-176-137-23-186-89-183-143-117-0-51"
62,72727,100,23459,96186,"61-144-14-138-165-119-40-185-90-81-196-179-145-78-31-56-113-175-171-16-25-44-120-75-86-26-94-63-79-80-137-176-133-151-51-118-59-115-46-0-183-143-117-93-68-139-193-41-5-42-181-159-69-108-18-22-146-34-160-48-54-177-10-190-4-112-84-35-184-43-116-65-131-149-162-123-127-70-135-154-180-53-100-101-1-97-152-2-129-92-57-55-52-106-178-49-102-62-9-148"
63,71607,100,23580,95187,"62-144-14-138-165-119-40-185-90-81-196-179-145-78-31-56-113-175-171-16-25-44-120-75-86-26-94-63-79-80-137-176-133-151-51-118-59-115-46-0-89-183-143-117-93-68-139-193-41-5-42-181-159-69-108-18-22-146-34-160-48-54-177-10-190-4-112-84-35-184-43-116-65-131-149-162-123-127-70-135-154-180-53-100-101-1-97-152-2-129-92-57-55-52-106-178-49-102-148-9"
64,72648,100,23523,96171,"63-180-135-70-154-53-100-26-86-75-44-25-16-171-175-113-56-31-78-145-179-92-57-129-120-2-101-1-97-152-94-124-148-102-49-178-106-52-55-185-40-196-81-90-165-138-14-144-62-9-15-114-186-89-183-23-137-176-80-151-162-127-123-149-131-65-116-43-184-35-84-112-4-190-10-177-54-48-160-34-146-22-18-108-69-159-181-42-5-41-193-139-68-46-115-59-118-51-133-79"
65,72793,100,23804,96597,"64-144-14-138-165-119-40-185-90-81-196-179-145-78-31-56-113-175-171-16-25-44-120-75-86-26-94-63-79-80-137-176-133-151-51-118-59-115-46-0-183-143-117-68-139-193-41-5-42-181-159-69-108-18-22-146-34-160-48-54-177-10-190-4-112-84-35-184-43-116-65-131-149-162-123-127-70-135-154-180-53-100-101-1-97-152-2-129-92-57-55-52-106-178-49-102-62-9-148-15"
66,72147,100,24140,96287,"65-131-149-123-162-151-133-135-70-180-154-53-100-26-86-75-44-25-16-171-175-113-56-31-78-145-92-57-179-40-196-81-90-165-185-106-178-138-14-144-62-9-148-102-49-52-55-129-120-2-101-1-97-152-124-94-63-79-80-176-137-23-186-89-183-143-117-0-51-59-118-115-46-68-139-193-41-5-42-181-159-69-108-18-22-146-34-160-48-54-177-10-190-4-112-84-35-184-43-116"
67,72685,100,24129,96814,"66-51-118-59-115-46-68-139-193-41-5-42-181-159-69-108-18-22-146-34-160-48-54-177-10-190-4-112-84-35-184-43-116-65-131-149-123-162-151-133-135-70-180-154-53-100-26-86-75-44-25-16-171-175-113-56-31-78-145-92-57-179-40-196-81-90-165-185-106-178-14-144-62-9-148-102-49-52-55-129-120-2-101-1-97-152-124-94-63-79-80-176-137-23-186-89-183-143-117-0"
68,72787,100,24020,96807,"67-108-69-18-22-146-159-193-41-5-42-181-34-160-48-54-177-10-190-4-112-84-35-184-43-116-65-131-149-123-162-151-133-135-70-180-154-53-100-26-86-75-44-25-16-171-175-113-56-31-78-145-92-57-179-40-196-81-90-165-185-106-178-14-144-62-9-148-102-49-52-55-129-120-2-101-1-97-152-124-94-63-79-80-176-137-51-59-118-115-46-139-68-0-89-183-143-117-93-140"
69,71855,100,24193,96048,"68-46-115-118-59-51-0-117-143-183-89-186-23-137-176-80-79-63-94-124-152-97-1-101-2-120-129-55-52-49-102-148-9-62-144-14-138-178-106-185-165-90-81-196-40-179-57-92-145-78-31-56-113-175-171-16-25-44-75-86-26-100-53-154-180-70-135-133-151-162-127-123-149-131-65-116-43-42-184-35-84-112-4-190-10-177-54-48-160-34-181-146-22-18-108-69-159-193-41-139"
70,71992,100,23985,95977,"69-108-18-22-146-159-193-41-5-42-181-34-160-48-54-177-10-190-4-112-84-35-184-43-116-65-131-149-123-162-151-133-135-70-180-154-53-100-26-86-75-44-25-16-171-175-113-56-31-78-145-92-57-179-40-196-81-90-165-185-106-178-138-14-144-62-9-148-102-49-52-55-129-120-2-101-1-97-152-124-94-63-79-80-176-137-23-186-89-183-143-117-0-51-59-118-115-46-68-139"
71,72648,100,23523,96171,"70-154-53-100-26-86-75-44-25-16-171-175-113-56-31-78-145-179-92-57-129-120-2-101-1-97-152-94-124-148-102-49-178-106-52-55-185-40-196-81-90-165-138-14-144-62-9-15-114-186-89-183-23-137-176-80-151-162-127-123-149-131-65-116-43-184-35-84-112-4-190-10-177-54-48-160-34-146-22-18-108-69-159-181-42-5-41-193-139-68-46-115-59-118-51-133-79-63-180-135"
72,73466,100,23254,96720,"71-164-7-95-39-165-138-14-144-62-9-148-102-49-178-106-52-55-57-92-129-2-152-97-1-101-100-53-180-154-135-70-127-123-162-149-131-65-116-43-184-35-84-112-4-190-10-177-54-48-160-34-146-22-18-108-69-159-181-42-5-41-193-139-68-0-46-115-59-118-51-151-133-176-137-80-79-63-94-26-86-75-120-44-25-16-171-175-113-56-31-78-145-179-185-40-196-81-90-27"
73,72382,100,24146,96528,"72-51-0-117-143-183-89-186-23-137-176-80-79-63-94-124-152-97-1-101-2-120-129-55-52-49-102-148-9-62-144-14-178-106-185-165-90-81-196-40-179-57-92-145-78-31-56-113-175-171-16-25-44-75-86-26-100-53-154-180-70-135-133-151-162-123-149-131-65-116-43-184-35-84-112-4-190-10-177-54-48-160-34-146-22-18-108-69-159-181-42-5-41-193-139-68-46-115-118-59"
74,72587,100,23924,96511,"73-62-9-148-102-49-178-106-52-55-57-92-129-2-152-97-1-101-100-53-180-154-135-70-127-123-162-149-131-65-116-43-184-35-84-112-4-190-10-177-54-48-160-34-146-22-18-108-69-159-181-42-5-41-193-139-68-93-117-143-183-0-46-115-59-118-51-151-133-176-137-80-79-63-94-26-86-75-120-44-25-16-171-175-113-56-31-78-145-179-196-81-90-185-40-119-165-138-14-144"
75,73392,100,23334,96726,"74-1-101-2-120-129-57-92-179-145-78-31-56-113-175-171-16-25-44-75-86-53-154-70-135-180-63-79-133-51-118-59-115-46-68-139-193-41-5-42-181-159-69-108-18-22-146-34-160-48-54-177-10-190-4-112-84-35-184-43-116-65-131-149-123-162-151-80-176-137-23-183-89-186-114-15-9-62-144-14-138-165-90-81-196-40-185-55-52-106-178-49-102-148-124-94-100-26-97-152"
76,72782,100,24874,97656,"75-44-25-16-171-175-113-56-31-78-145-92-57-179-40-196-81-90-165-185-106-178-138-14-144-62-9-148-102-49-52-55-129-120-2-1-152-97-101-100-53-180-154-135-70-127-123-162-149-131-65-116-43-184-35-84-112-4-190-10-177-54-48-160-34-146-22-18-108-69-159-181-42-5-41-193-139-68-140-93-117-143-183-89-0-46-115-59-118-51-151-133-176-137-80-79-63-94-26-86"
77,72941,100,23619,96560,"76-176-80-151-162-123-149-131-65-116-43-184-84-190-10-177-54-48-160-34-146-22-18-108-69-159-181-42-5-41-193-139-68-46-115-59-118-51-133-79-63-180-135-70-154-53-100-26-86-75-101-1-97-152-94-124-148-102-49-178-106-52-55-57-92-129-2-120-44-25-16-171-175-113-56-31-78-145-179-196-81-90-185-40-165-138-14-144-62-9-15-114-186-137-23-89-183-143-117-0"
78,72480,100,24253,96733,"77-43-184-35-84-112-4-190-10-177-54-48-160-34-146-22-18-108-69-159-181-42-5-41-193-139-68-46-115-118-51-0-117-143-183-89-186-23-137-176-80-79-63-94-124-152-97-1-101-2-120-129-55-52-49-102-148-9-62-144-14-138-178-106-185-165-90-81-196-40-179-57-92-145-78-31-56-113-175-171-16-25-44-75-86-26-100-53-154-180-135-70-127-123-162-133-151-59-116-65"
79,72376,100,24468,96844,"78-31-56-113-175-171-16-25-44-120-75-86-26-94-63-79-80-137-176-133-151-51-118-59-115-46-0-89-183-143-117-93-140-68-139-193-41-5-42-181-159-69-108-18-22-146-34-160-48-54-177-10-190-4-112-84-35-184-43-116-65-131-149-162-123-127-70-135-154-180-53-100-101-1-97-152-2-129-55-52-49-102-148-9-62-144-14-138-178-106-185-165-90-81-196-40-179-57-92-145"
80,72693,100,24768,97461,"79-80-137-176-133-151-51-118-59-115-46-0-89-183-143-117-93-68-139-193-41-5-42-181-159-69-108-18-22-146-34-160-48-54-177-10-190-4-112-84-35-184-43-116-65-131-149-162-123-127-70-135-180-154-53-100-26-86-75-44-25-16-171-175-113-56-31-78-145-92-57-179-40-196-81-90-165-185-106-178-138-14-144-62-9-148-102-49-52-55-129-120-2-101-1-97-152-124-94-63"
81,72648,100,23523,96171,"80-151-162-127-123-149-131-65-116-43-184-35-84-112-4-190-10-177-54-48-160-34-146-22-18-108-69-159-181-42-5-41-193-139-68-46-115-59-118-51-133-79-63-180-135-70-154-53-100-26-86-75-44-25-16-171-175-113-56-31-78-145-179-92-57-129-120-2-101-1-97-152-94-124-148-102-49-178-106-52-55-185-40-196-81-90-165-138-14-144-62-9-15-114-186-89-183-23-137-176"
82,71652,100,23744,95396,"81-196-40-185-179-145-78-31-56-113-175-171-16-25-44-120-75-86-26-94-63-79-80-137-176-133-151-51-118-59-115-46-0-89-183-143-117-93-140-68-139-193-41-5-42-181-159-69-108-18-22-146-34-160-48-54-177-10-190-4-112-84-35-184-43-116-65-131-149-162-123-127-70-135-154-180-53-100-101-1-97-152-2-129-92-57-55-52-106-178-49-102-148-9-62-144-14-138-165-90"
83,72820,100,24724,97544,"82-2-75-86-26-94-63-79-80-137-176-133-151-51-118-59-115-46-0-89-183-143-117-93-68-139-193-41-5-42-181-159-69-108-18-22-146-34-160-48-54-177-10-190-4-112-84-35-184-43-116-65-131-149-162-123-127-70-135-154-180-53-100-101-1-97-152-129-55-52-49-102-148-9-62-144-14-138-178-106-185-165-90-81-196-40-179-57-92-145-78-31-56-113-175-171-16-25-44-120"
84,72092,100,23402,95494,"83-89-183-143-117-0-46-68-139-193-41-115-5-42-181-159-69-108-18-22-146-34-160-48-54-177-10-190-4-112-84-184-43-116-65-59-118-51-176-80-151-162-123-127-133-79-63-180-135-70-154-53-100-26-86-75-101-1-97-152-94-124-148-102-49-178-106-52-55-57-92-129-2-120-44-25-16-171-175-113-56-31-78-145-179-196-81-90-185-40-165-138-14-144-62-9-15-137-23-186"
85,72389,100,24419,96808,"84-4-112-127-123-162-151-133-135-70-180-154-53-121-100-26-86-75-44-25-16-171-175-113-56-31-78-145-92-57-179-40-196-81-90-165-185-106-178-138-14-144-62-9-148-102-49-52-55-129-120-2-101-1-97-152-124-94-63-79-80-176-137-23-186-89-183-143-117-0-51-118-59-115-46-68-139-193-41-5-65-116-43-42-181-159-69-108-18-22-146-34-160-48-54-177-10-190-184-35"
86,73141,100,24560,97701,"85-31-145-78-92-57-179-40-196-81-90-165-185-106-178-138-14-144-62-9-148-102-49-52-55-129-2-152-97-1-101-100-53-180-154-135-70-127-123-162-149-131-65-116-43-184-35-84-112-4-190-10-177-54-48-160-34-146-22-18-108-69-159-181-42-5-41-193-139-68-93-117-143-183-89-0-46-115-59-118-51-151-133-176-137-80-79-63-94-26-86-75-120-44-25-16-171-175-113-56"
87,72648,100,23523,96171,"86-26-100-53-154-70-135-180-63-79-133-51-118-59-115-46-68-139-193-41-5-42-181-159-69-108-18-22-146-34-160-48-54-177-10-190-4-112-84-35-184-43-116-65-131-149-123-127-162-151-80-176-137-23-183-89-186-114-15-9-62-144-14-138-165-90-81-196-40-185-55-52-106-178-49-102-148-124-94-152-97-1-101-2-120-129-57-92-179-145-78-31-56-113-175-171-16-25-44-75"
88,73507,100,23276,96783,"87-2-120-129-57-92-179-145-78-31-56-113-175-171-16-25-44-75-86-53-154-70-135-180-63-79-133-51-118-59-115-46-68-139-193-41-5-42-181-159-69-108-18-22-146-34-160-48-54-177-10-190-4-112-84-35-184-43-116-65-131-149-123-162-151-80-176-137-23-183-89-186-114-15-9-62-144-14-138-165-90-81-196-40-185-55-52-106-178-49-102-148-124-94-100-26-1-101-97-152"
89,73475,100,24646,98121,"88-25-44-120-75-86-26-94-63-79-80-137-176-133-151-51-118-59-115-46-0-89-183-143-117-93-68-139-193-41-5-42-181-159-69-108-18-22-146-34-160-48-54-177-10-190-4-112-84-35-184-43-116-65-131-149-162-123-127-70-135-154-180-53-100-101-1-97-152-2-129-55-52-49-102-148-9-62-144-14-138-178-106-185-165-90-81-196-40-179-57-92-78-145-31-56-113-175-171-16"
90,71163,100,23350,94513,"89-23-137-186-114-15-9-62-144-14-138-165-40-185-90-81-196-179-145-78-31-56-113-175-171-16-25-44-120-2-129-92-57-55-52-106-178-49-102-148-124-94-152-97-1-101-75-86-26-100-53-154-70-135-180-63-79-133-127-123-162-151-80-176-51-118-59-65-116-43-184-84-112-4-190-10-177-54-48-160-34-146-22-18-108-69-159-181-42-5-115-41-193-139-68-46-0-117-143-183"
91,71652,100,23744,95396,"90-81-196-40-185-179-145-78-31-56-113-175-171-16-25-44-120-75-86-26-94-63-79-80-137-176-133-151-51-118-59-115-46-0-89-183-143-117-93-140-68-139-193-41-5-42-181-159-69-108-18-22-146-34-160-48-54-177-10-190-4-112-84-35-184-43-116-65-131-149-162-123-127-70-135-154-180-53-100-101-1-97-152-2-129-92-57-55-52-106-178-49-102-148-9-62-144-14-138-165"
92,72362,100,23579,95941,"91-196-81-90-40-119-165-185-106-178-138-14-144-62-9-148-102-49-52-55-57-92-129-2-152-97-1-101-100-53-180-154-135-70-127-123-162-149-131-65-116-43-184-35-84-112-4-190-10-177-54-48-160-34-146-22-18-108-69-159-181-42-5-41-193-139-68-93-117-143-183-0-46-115-59-118-51-151-133-176-137-80-79-63-94-26-86-75-120-44-25-16-171-175-113-56-31-78-145-179"
93,72376,100,24468,96844,"92-57-179-40-196-81-90-165-185-106-178-138-14-144-62-9-148-102-49-52-55-129-2-152-97-1-101-100-53-180-154-135-70-127-123-162-149-131-65-116-43-184-35-84-112-4-190-10-177-54-48-160-34-146-22-18-108-69-159-181-42-5-41-193-139-68-140-93-117-143-183-89-0-46-115-59-118-51-151-133-176-137-80-79-63-94-26-86-75-120-44-25-16-171-175-113-56-31-78-145"
94,71745,100,24119,95864,"93-0-46-68-139-193-41-115-5-42-181-159-69-108-18-22-146-34-160-48-54-177-10-190-4-112-84-35-184-43-116-65-59-118-51-151-133-162-123-127-70-135-180-154-53-100-26-86-75-44-25-16-171-175-113-56-31-78-145-92-57-179-40-196-81-90-165-185-106-178-14-144-62-9-148-102-49-52-55-129-120-2-101-1-97-152-124-94-63-79-80-176-137-23-186-89-183-143-117-140"
95,72648,100,23523,96171,"94-152-97-1-101-2-120-129-57-92-179-145-78-31-56-113-175-171-16-25-44-75-86-26-100-53-154-70-135-180-63-79-133-51-118-59-115-46-68-139-193-41-5-42-181-159-69-108-18-22-146-34-160-48-54-177-10-190-4-112-84-35-184-43-116-65-131-149-123-127-162-151-80-176-137-23-183-89-186-114-15-9-62-144-14-138-165-90-81-196-40-185-55-52-106-178-49-102-148-124"
96,72901,100,23549,96450,"95-7-164-27-90-81-196-40-185-179-145-78-31-56-113-175-171-16-25-44-120-75-86-26-94-63-79-80-137-176-133-151-51-118-59-115-46-0-143-68-139-193-41-5-42-181-159-69-108-18-22-146-34-160-48-54-177-10-190-4-112-84-35-184-43-116-65-131-149-162-123-127-70-135-154-180-53-100-101-1-97-152-2-129-92-57-55-52-106-178-49-102-148-9-62-144-14-138-165-39"
97,72314,100,24110,96424,"96-43-116-65-131-149-123-162-151-133-135-70-180-154-53-100-26-86-75-44-25-16-171-175-113-56-31-78-145-92-57-179-40-196-81-90-165-185-106-178-138-14-144-62-9-148-102-49-52-55-129-120-2-101-1-97-152-124-94-63-79-80-176-137-23-186-89-183-143-117-0-51-59-118-115-46-68-139-41-193-159-69-108-18-22-146-181-34-160-48-54-177-10-190-4-112-84-35-184-42"
98,72798,100,23673,96471,"97-26-100-94-124-148-102-49-178-106-52-55-185-40-196-81-90-165-138-14-144-62-9-15-114-186-89-183-23-137-176-80-151-162-127-123-149-131-65-116-43-184-35-84-112-4-190-10-177-54-48-160-34-146-22-18-108-69-159-181-42-5-41-193-139-68-46-115-59-118-51-133-79-63-180-135-70-154-53-86-75-44-25-16-171-175-113-56-31-78-145-179-92-57-129-120-2-101-1-152"
99,73654,100,23318,96972,"98-196-157-31-56-113-175-171-16-25-44-120-75-86-26-94-63-79-80-137-176-133-151-51-118-59-115-46-0-143-117-68-139-193-41-5-42-181-159-69-108-18-22-146-34-160-48-54-177-10-190-4-112-84-35-184-43-116-65-131-149-162-123-127-70-135-154-180-53-100-101-1-97-152-2-82-78-145-179-92-129-57-55-52-49-102-148-9-62-144-14-138-178-106-185-165-119-40-90-81"
100,73707,100,23305,97012,"99-97-26-100-86-75-44-25-16-171-175-113-56-31-78-145-179-92-57-129-120-2-101-1-152-94-124-148-102-49-178-106-52-55-185-40-196-81-90-165-138-14-144-62-9-15-114-186-89-183-23-137-176-80-151-162-123-149-131-65-116-43-184-84-112-4-190-10-177-54-48-160-34-146-22-18-108-69-159-181-42-5-41-193-139-68-46-115-59-118-51-133-79-63-180-135-70-154-53-121"
