SolutionID,TotalCost,NumNodes,TotalDistance,ObjectiveFunction,TotalRunningTime,Cycle
1,68727,100,42238,110965,99,"144-0-109-29-160-33-138-182-191-147-6-188-132-169-134-74-118-25-123-136-190-80-45-141-187-165-127-89-103-113-194-166-77-73-193-1-135-63-122-90-34-62-124-106-81-153-179-47-94-148-20-140-183-95-111-82-91-61-21-8-11-168-195-121-54-31-164-13-70-3-15-145-35-143-86-185-130-152-155-189-139-112-117-198-42-156-131-51-98-55-18-128-176-163-36-78-175-142-5-177"
2,66722,100,41393,108115,30,"148-60-20-59-28-149-35-0-54-193-31-141-187-127-165-82-10-133-131-175-78-61-36-21-104-8-111-113-114-103-89-163-153-81-97-77-144-160-195-168-145-15-13-132-169-188-6-147-191-90-122-63-135-134-43-109-95-183-140-4-152-3-70-117-190-80-5-177-118-51-121-112-25-138-33-143-106-124-86-172-179-194-166-180-176-128-62-55-18-34-29-11-139-155-170-185-130-99-94-47"
3,67418,100,40282,107700,34,"199-189-15-3-155-184-152-170-134-71-120-51-118-74-18-62-124-106-81-77-78-175-153-194-166-86-185-95-54-117-198-1-38-63-135-122-90-191-147-6-188-169-70-145-13-132-195-168-5-45-183-140-28-149-4-69-139-11-33-160-8-21-87-82-111-55-34-109-29-0-35-176-113-103-163-187-141-61-36-177-138-182-121-112-19-136-80-190-193-31-73-25-104-144-143-179-94-47-148-20"
4,65627,100,39535,105162,24,"25-139-11-152-28-20-140-183-95-143-8-177-5-142-78-175-21-82-77-81-153-113-194-166-179-99-185-86-124-35-0-29-138-182-36-61-79-91-141-97-187-127-94-47-148-155-3-70-10-133-178-147-6-109-62-18-55-34-15-145-13-132-169-188-74-118-116-121-51-125-90-191-134-195-168-131-38-27-190-80-136-193-117-1-63-135-122-33-160-163-103-176-106-111-144-56-104-73-54-31"
5,67871,100,39260,107131,52,"134-6-147-51-121-80-190-5-177-21-82-68-8-56-104-61-36-91-62-181-86-113-103-127-89-165-163-187-137-114-170-152-140-183-0-160-33-132-13-195-29-77-141-97-14-15-3-145-11-138-144-111-95-148-47-20-28-149-70-188-169-155-94-66-176-180-194-166-48-172-179-22-185-99-130-109-35-143-124-128-106-153-81-41-18-55-34-189-168-43-139-31-54-193-117-135-122-90-191-118"
6,69066,100,42803,111869,24,"155-3-70-189-176-180-143-35-109-15-145-13-132-169-188-134-11-29-39-160-33-144-138-118-74-25-177-5-61-36-82-68-111-62-148-20-0-8-56-104-1-38-135-63-122-121-194-166-185-99-130-95-86-89-127-187-97-141-91-21-87-77-81-124-183-140-152-6-147-90-51-98-182-139-168-195-28-60-47-66-94-179-106-136-73-31-54-117-198-193-190-80-175-153-163-103-113-18-55-34"
7,65116,100,40652,105768,26,"80-175-36-21-8-160-145-15-3-34-55-185-130-95-13-195-168-29-97-77-176-166-194-113-114-127-137-165-89-187-141-91-61-131-135-122-90-132-70-152-183-99-179-86-106-143-35-0-33-25-54-31-193-73-104-109-66-94-47-148-20-28-149-4-140-18-62-124-111-144-138-182-118-51-191-147-6-188-169-139-121-117-198-156-1-63-40-107-133-11-180-103-163-153-81-82-177-5-45-190"
8,66220,100,38857,105077,24,"6-188-169-70-3-55-185-179-166-86-83-18-192-147-54-117-156-198-193-73-31-177-97-77-82-87-8-111-128-95-130-99-94-47-148-60-20-28-155-145-15-29-144-21-61-36-79-91-106-124-62-109-35-0-160-104-5-142-78-175-141-187-89-163-153-14-81-103-113-176-143-33-138-182-118-51-131-121-11-168-195-132-13-152-140-183-34-90-122-135-1-38-63-40-107-133-10-178-134-85"
9,68021,100,40792,108813,25,"134-147-10-133-122-90-33-160-138-135-107-40-63-156-198-117-193-31-54-139-168-195-13-132-145-15-70-3-152-183-140-28-20-95-128-124-21-45-80-190-162-142-175-78-143-35-126-169-188-6-11-8-82-77-81-41-37-106-166-179-185-86-111-1-16-27-38-131-51-29-109-0-155-184-34-55-18-62-121-112-19-73-136-5-141-187-163-89-103-113-194-88-176-153-91-36-61-177-25-182"
10,71535,100,43660,115195,22,"134-152-55-34-0-160-33-182-138-74-118-121-112-19-177-104-188-169-132-166-194-113-176-163-103-89-127-187-97-77-82-8-144-195-13-3-15-145-25-73-136-81-106-86-179-94-148-47-185-153-141-190-80-193-31-54-164-5-61-91-36-78-142-175-45-131-125-90-191-120-35-143-124-62-18-109-29-11-139-168-183-28-140-133-122-135-1-198-117-21-111-189-184-155-70-65-6-147-51-98"
11,71763,100,46470,118233,21,"66-94-47-148-99-95-130-145-195-168-29-35-143-106-124-86-185-179-166-153-8-121-131-1-117-193-54-31-73-177-141-187-127-114-113-194-18-62-176-88-55-34-188-6-51-118-134-170-183-140-20-60-28-152-147-133-40-107-5-78-175-36-77-81-111-126-132-169-191-90-122-16-27-38-63-102-135-139-33-160-0-109-189-155-184-103-89-163-69-3-15-70-13-11-138-80-190-25-104-144"
12,72080,100,47880,119960,25,"169-188-132-195-109-0-29-136-73-131-107-40-63-117-193-164-152-28-20-60-140-183-55-34-147-90-122-135-38-27-16-1-187-127-114-113-18-170-184-155-121-54-31-148-47-99-95-130-185-86-166-194-36-175-162-80-190-78-61-179-94-66-62-124-106-176-103-89-163-153-144-160-33-104-21-91-141-77-81-143-35-111-82-8-145-3-15-70-134-51-45-142-5-177-25-182-138-139-11-168"
13,72619,100,45267,117886,19,"8-111-163-89-137-127-114-166-185-99-28-149-4-170-152-155-54-31-73-157-104-144-176-113-194-124-106-160-25-121-134-11-139-29-109-0-195-13-132-169-6-147-90-191-168-34-18-55-140-183-95-86-103-165-187-141-91-78-175-142-5-21-82-143-159-153-81-77-45-190-80-135-122-133-20-148-62-35-33-138-182-51-120-71-188-70-15-3-145-126-131-1-198-61-79-36-136-193-117-177"
14,72696,100,46416,119112,19,"166-106-143-25-118-51-147-6-188-169-152-183-99-172-179-185-130-95-170-189-168-139-104-82-8-144-35-55-18-34-33-138-182-11-29-109-0-111-68-145-15-3-70-155-4-149-28-140-62-124-127-165-89-163-159-13-132-195-78-5-175-190-80-193-117-31-73-54-112-121-134-43-160-113-176-131-135-122-90-148-47-94-66-21-177-36-91-61-9-20-60-86-153-81-77-141-97-187-103-194"
15,64921,100,38510,103431,22,"13-145-163-89-127-103-114-194-113-153-141-91-61-25-122-135-131-121-139-189-152-183-130-99-179-166-77-82-21-177-31-54-29-9-148-94-47-60-20-28-149-4-140-35-36-5-80-190-175-78-142-45-136-193-117-156-198-1-134-188-169-15-155-184-170-62-180-176-124-106-86-185-95-3-70-161-65-6-147-90-51-182-138-160-12-0-109-34-55-18-143-111-8-104-144-33-11-168-195-132"
16,62375,100,37034,99409,21,"183-140-152-184-155-15-3-70-132-13-139-11-188-169-6-147-10-133-72-40-107-100-90-138-33-143-194-176-113-141-36-61-177-25-51-118-8-21-82-111-86-185-99-179-166-114-127-89-103-163-153-77-81-106-124-128-110-62-83-55-18-35-0-29-160-144-104-182-122-63-135-5-78-175-136-73-31-193-117-198-54-121-131-1-38-27-190-80-66-94-47-148-20-28-149-145-195-168-109-34"
17,65674,100,38753,104427,25,"130-99-60-20-149-28-4-140-185-176-163-127-89-103-113-194-166-86-124-106-153-81-175-78-136-164-31-73-132-13-144-104-157-177-80-190-141-97-77-111-82-8-195-168-0-35-109-145-15-70-3-189-34-18-62-122-63-102-135-131-36-61-21-138-182-51-90-191-147-85-134-29-39-160-33-11-139-25-54-117-193-45-5-121-125-10-133-6-188-169-155-148-47-66-94-183-152-170-55-95"
18,73341,100,47864,121205,17,"114-137-127-36-175-80-190-5-61-113-194-166-86-183-140-199-20-28-3-70-132-134-51-135-63-122-90-6-188-169-11-138-33-152-170-184-155-189-124-128-66-94-148-47-179-176-21-31-193-143-106-81-77-82-8-144-35-34-55-62-18-95-185-99-130-15-145-192-147-121-112-19-131-38-1-117-177-0-109-29-160-104-25-182-195-13-168-139-54-73-153-89-163-111-74-118-91-141-187-103"
19,66986,100,42263,109249,20,"47-148-140-152-11-139-121-131-1-38-27-135-122-133-191-90-198-117-175-78-142-5-138-33-160-109-170-34-35-144-104-177-54-31-193-190-80-136-73-19-112-25-182-6-188-169-70-155-95-185-179-166-194-0-29-168-13-195-145-3-15-132-134-118-74-8-77-187-127-89-106-124-62-18-55-111-21-61-36-141-28-20-99-86-176-113-137-114-103-163-153-81-147-178-10-40-107-63-183-94"
20,72477,100,44748,117225,19,"62-141-91-73-54-31-145-189-170-152-184-155-70-3-55-95-130-182-1-38-27-198-117-193-136-45-142-78-175-5-134-188-6-98-51-25-87-21-79-61-36-162-80-190-177-139-168-195-13-33-160-176-194-86-34-15-132-169-147-191-90-125-104-8-82-77-97-81-153-163-103-113-166-185-179-94-148-20-183-140-135-122-10-133-138-144-111-143-124-106-35-109-0-29-11-131-121-112-19-18"
21,67089,100,42368,109457,22,"187-141-91-73-164-31-54-15-145-189-170-183-20-28-140-11-118-51-121-117-193-80-190-5-177-104-33-160-111-18-55-34-184-155-3-147-90-133-122-135-1-131-134-132-13-195-168-139-182-138-61-36-175-78-63-40-107-21-77-153-163-127-114-113-194-166-179-94-66-47-60-148-99-185-0-29-62-95-130-124-35-109-152-149-4-84-70-169-188-6-8-82-143-106-128-86-180-176-103-89"
22,74179,100,48755,122934,19,"70-147-122-63-38-27-1-80-190-175-36-61-177-121-131-135-90-191-169-132-13-195-168-11-0-35-185-52-179-130-15-74-118-51-134-20-148-47-172-166-194-88-176-106-143-5-73-31-54-34-55-152-155-3-139-182-138-104-21-141-77-97-153-163-89-127-103-113-86-124-109-29-145-178-133-100-40-107-10-140-183-95-18-62-81-111-82-8-33-188-6-117-193-25-160-99-66-94-28-149"
23,76662,100,50099,126761,18,"1-156-198-117-193-177-61-36-141-77-111-11-188-65-169-132-109-29-195-168-139-134-147-192-150-81-153-163-113-176-194-103-127-187-190-80-166-86-185-130-183-95-182-90-10-133-55-34-15-3-70-6-51-118-74-25-5-142-175-78-21-82-8-104-144-56-160-33-49-0-35-62-18-128-124-106-143-135-63-122-179-94-47-148-60-20-121-112-73-136-13-145-155-152-28-149-140-138-31-54"
24,64552,100,40173,104725,24,"94-66-86-106-124-95-130-185-179-99-183-55-62-18-189-15-145-153-163-89-187-77-141-36-61-78-175-21-82-8-80-190-193-31-54-121-152-149-4-114-127-103-113-180-176-194-166-143-111-104-160-144-0-35-109-195-169-188-6-147-191-90-131-198-117-70-3-155-170-34-134-107-40-100-125-51-25-177-5-73-156-1-63-135-122-133-10-132-13-168-139-11-138-33-29-140-28-20-148-47"
25,66884,100,41998,108882,20,"77-82-8-51-134-148-47-60-94-66-35-109-161-169-188-6-147-90-191-122-135-38-1-131-121-25-21-187-127-103-113-194-166-20-149-28-70-71-120-138-144-111-81-153-163-176-86-185-179-99-130-183-140-152-155-3-15-145-195-29-0-34-55-18-95-62-124-106-143-177-136-73-164-31-54-104-56-193-117-182-139-168-132-13-33-160-11-10-133-40-107-63-198-190-80-175-5-36-61-141"
26,67845,100,41098,108943,19,"8-144-33-160-11-49-29-109-35-18-9-148-101-28-20-60-114-137-194-166-183-140-4-149-152-134-51-90-135-1-117-31-73-13-145-159-119-153-81-77-82-177-5-142-175-78-111-99-94-47-66-179-185-86-128-195-168-139-21-61-36-141-97-187-165-127-103-89-163-132-169-188-6-147-121-54-193-190-80-25-62-130-95-181-55-34-170-155-70-3-15-124-176-113-106-143-0-182-138-104"
27,66396,100,40487,106883,20,"166-194-114-137-165-127-89-51-191-90-131-198-117-121-6-134-147-10-133-122-135-1-73-5-78-175-80-190-193-31-54-139-145-155-28-20-148-47-94-99-160-33-49-168-195-13-132-169-188-11-8-82-77-81-170-152-140-183-153-187-97-141-91-138-182-25-123-62-185-130-95-55-18-34-109-0-29-35-124-106-26-103-163-189-3-70-15-21-61-36-177-104-144-111-143-129-113-176-86-179"
28,73338,100,46592,119930,18,"111-55-34-33-138-182-175-78-36-61-193-117-1-198-190-80-187-165-89-103-26-113-194-179-172-86-106-81-153-163-176-166-185-99-130-95-124-159-143-62-83-18-112-121-51-134-139-127-137-114-148-23-60-20-6-90-191-147-188-70-3-15-145-13-158-54-31-73-25-47-94-66-77-141-91-11-169-132-160-35-183-28-140-152-155-189-109-0-29-195-168-144-8-82-21-142-45-5-177-104"
29,60038,100,34326,94364,21,"138-182-25-54-31-121-90-191-147-6-188-169-145-34-140-28-149-152-155-70-3-15-56-8-104-33-195-132-13-143-106-180-176-86-185-179-166-194-113-103-114-137-127-81-111-144-160-11-139-134-168-18-62-124-128-95-130-99-94-66-47-148-20-183-55-136-190-80-162-45-61-91-141-187-165-89-163-153-77-36-78-175-142-5-74-118-51-122-135-1-198-117-193-177-21-82-35-109-0-29"
30,64211,100,37874,102085,18,"155-148-47-94-60-20-28-149-4-147-133-10-70-3-109-29-160-144-56-33-121-131-122-72-40-107-100-63-135-54-31-78-142-193-117-198-1-156-104-8-82-21-73-164-136-45-5-177-95-185-86-166-103-89-106-124-62-18-140-183-152-170-34-55-35-0-111-77-81-153-143-159-176-194-113-163-190-80-162-175-36-91-61-25-125-191-90-51-138-11-139-168-195-6-188-169-132-13-145-15"
31,60712,100,36386,97098,19,"188-139-182-138-11-33-160-143-95-130-62-35-168-195-51-90-131-121-25-177-21-82-61-91-141-77-81-153-163-89-165-187-36-78-175-5-8-111-0-109-29-54-193-31-117-198-1-169-132-13-144-56-104-73-164-190-80-136-145-15-70-3-155-184-34-55-18-124-106-86-166-194-113-176-103-127-137-114-179-185-99-66-94-148-47-20-28-140-183-152-170-122-135-102-63-40-107-133-147-6"
32,68677,100,42912,111589,20,"160-33-121-1-38-27-16-156-198-117-31-73-177-61-21-82-8-51-191-90-131-54-193-190-80-175-78-5-36-91-141-77-81-111-0-109-145-161-70-65-169-132-35-143-62-83-55-18-34-6-122-63-135-124-128-86-185-183-140-170-152-4-149-28-20-148-99-130-95-155-3-15-106-176-113-195-13-168-29-89-103-127-139-134-182-138-104-144-153-163-194-166-179-47-94-188-147-133-10-11"
33,68835,100,41259,110094,21,"176-62-18-34-1-198-117-45-162-190-80-193-31-98-188-169-6-192-147-10-107-40-133-139-11-33-144-56-104-138-182-122-135-163-103-194-166-185-95-86-124-106-143-111-82-21-36-61-91-55-183-140-148-20-28-149-4-152-155-3-70-161-134-74-118-121-54-164-5-141-187-89-127-153-81-77-51-125-90-191-132-13-15-145-160-8-177-78-175-136-73-25-126-195-168-109-29-0-35-113"
34,69618,100,42353,111971,19,"21-82-95-148-20-183-140-55-80-190-8-68-81-153-127-89-103-166-179-47-94-99-185-86-124-128-62-83-18-104-136-173-25-182-139-168-195-13-132-169-188-11-33-160-111-176-180-163-187-97-141-36-73-54-31-61-77-113-194-106-143-138-121-1-198-156-117-193-118-134-6-147-71-191-90-51-45-142-175-78-5-177-144-0-109-145-15-70-161-3-189-155-184-152-34-35-29-122-135-131"
35,70550,100,43949,114499,20,"73-33-0-109-29-120-71-147-152-149-28-20-148-47-94-179-82-8-104-11-139-13-132-195-168-49-160-144-111-41-106-124-176-113-103-89-163-153-143-189-3-155-34-55-35-112-121-21-187-127-194-166-86-185-130-95-78-175-142-5-145-15-169-134-118-74-138-81-77-97-141-61-36-177-90-191-51-62-18-183-140-70-188-150-6-182-25-136-80-190-131-133-122-63-135-1-117-193-54-31"
36,73945,100,45803,119748,19,"39-144-82-91-79-61-21-11-139-134-74-118-182-138-33-49-145-13-132-136-80-190-97-187-89-127-103-113-176-106-124-111-8-177-175-5-104-56-169-188-6-98-51-160-194-166-94-47-155-15-29-77-141-36-193-117-54-31-62-95-130-55-189-170-152-183-140-28-20-148-185-86-163-129-109-195-168-191-90-122-135-63-133-10-147-70-3-34-18-25-112-121-131-81-153-119-143-35-0-12"
37,68726,100,42577,111303,17,"132-143-106-128-124-62-55-18-91-36-79-61-21-8-104-138-182-118-51-121-112-19-156-198-117-193-54-31-164-73-168-195-35-163-127-89-144-33-160-145-13-139-25-5-142-78-177-82-111-170-152-183-137-114-113-180-86-95-130-185-166-176-175-80-190-131-90-11-29-0-109-140-20-148-94-179-194-103-187-146-153-34-155-3-6-147-10-133-63-122-135-1-136-141-77-81-15-70-188-169"
38,62913,100,37540,100453,22,"25-74-134-170-152-4-28-149-155-70-3-109-0-35-55-34-189-15-145-11-136-190-80-73-164-31-193-54-121-51-13-195-168-139-182-118-131-1-117-45-175-78-5-143-124-106-81-111-82-36-61-91-141-18-140-183-95-86-176-89-103-113-194-166-185-130-99-179-47-94-60-20-148-62-128-163-187-153-29-132-169-188-6-147-122-135-102-63-133-10-191-90-138-33-104-8-97-77-21-177"
39,70704,100,45514,116218,17,"70-15-3-34-95-47-94-166-194-176-113-36-78-142-73-54-31-193-136-141-187-86-179-185-62-124-103-89-163-111-0-170-152-53-184-188-6-147-10-133-63-38-80-190-175-61-77-81-153-106-143-35-167-189-145-13-195-182-45-5-177-104-138-11-139-134-169-132-168-33-160-8-82-21-121-131-135-122-90-51-165-127-114-148-20-28-149-4-156-1-198-117-25-29-109-55-18-183-140-155"
40,61638,100,36244,97882,22,"187-165-127-89-163-153-81-111-35-0-160-33-138-182-78-175-162-190-80-117-198-1-156-121-25-104-177-5-45-136-193-31-54-73-142-36-61-103-113-179-185-183-152-155-184-34-55-18-86-166-194-176-77-82-90-133-10-178-147-6-134-139-11-29-174-95-130-99-47-94-148-20-28-140-168-51-131-135-102-63-122-188-169-132-13-109-143-106-124-62-145-15-3-70-195-144-8-21-91-141"
41,69681,100,43128,112809,21,"160-8-82-21-177-5-73-54-117-198-193-31-25-138-182-109-35-124-106-143-121-1-16-27-38-63-90-51-98-118-74-134-86-185-95-18-62-189-34-55-183-152-170-91-61-36-175-78-45-131-135-122-10-133-147-188-6-168-163-127-89-165-97-77-81-153-194-166-148-20-140-184-155-13-195-132-169-70-3-114-137-187-141-190-80-104-144-0-29-139-11-33-111-41-103-113-176-88-15-145"
42,68374,100,43306,111680,20,"60-47-94-148-20-199-140-109-29-160-144-104-182-138-25-121-38-27-1-198-77-97-127-89-103-113-3-70-15-106-176-166-86-184-155-122-63-135-117-193-80-190-141-187-165-163-153-81-111-33-13-132-18-62-35-0-8-142-78-175-82-143-124-183-28-149-4-152-170-55-34-145-195-168-139-11-134-51-5-177-21-61-36-45-136-73-31-54-131-90-147-6-188-169-95-185-179-99-22-23"
43,65186,100,39874,105060,19,"18-62-153-187-163-4-28-149-20-60-179-172-66-94-47-148-130-95-185-86-128-5-80-190-175-36-141-97-77-82-138-182-51-131-135-1-156-117-198-193-121-125-90-191-147-169-152-140-183-189-122-107-40-63-176-113-103-127-89-194-166-184-155-167-124-106-143-35-109-0-29-160-33-188-6-134-139-11-168-13-132-161-70-3-15-145-195-144-8-104-25-31-54-73-136-177-21-111-34-55"
44,68833,100,43385,112218,21,"170-55-83-81-77-61-78-193-54-31-36-141-187-194-166-179-94-66-47-99-95-34-189-15-145-0-109-29-11-139-33-160-144-111-143-124-62-18-3-147-191-90-131-1-198-117-177-21-165-127-89-185-148-60-20-155-98-51-118-74-182-138-8-82-35-70-161-126-134-6-188-169-132-13-195-168-5-80-190-175-153-163-103-113-176-133-122-63-135-121-25-104-106-86-130-9-28-140-183-152"
45,64103,100,37669,101772,19,"45-78-175-36-61-91-141-77-140-28-60-20-148-94-166-194-114-127-165-89-103-163-143-35-0-12-145-15-132-13-195-168-11-139-182-118-90-122-63-38-27-156-198-1-135-133-10-178-29-109-18-62-124-106-54-117-131-71-147-6-188-160-111-81-153-86-185-130-95-183-55-34-152-155-134-74-144-113-176-180-3-70-161-169-98-51-121-25-138-33-104-8-21-177-5-73-31-193-190-80"
46,69475,100,44457,113932,18,"95-55-34-145-132-169-188-13-195-168-11-49-144-104-21-177-73-54-31-136-190-80-194-166-86-62-79-61-91-141-153-163-103-119-106-124-176-113-114-137-187-77-82-8-111-15-3-70-155-152-66-94-47-148-36-175-5-121-118-74-139-29-35-143-89-127-165-81-51-90-133-10-122-135-131-85-134-28-60-20-140-183-18-109-0-160-33-138-193-117-198-1-38-63-40-107-147-6-130-185"
47,67223,100,41252,108475,20,"31-193-117-1-135-90-191-51-118-34-18-62-124-106-155-189-145-13-169-188-6-147-134-49-163-103-113-176-88-128-55-170-183-148-94-66-172-166-153-97-175-78-142-190-80-45-143-86-179-47-60-20-140-152-29-33-160-0-35-109-95-130-82-177-5-25-149-28-199-99-185-194-114-137-89-127-165-187-81-104-138-182-139-11-168-195-111-77-141-61-36-21-8-144-15-3-70-132-121-54"
48,70329,100,44090,114419,21,"3-15-170-34-18-62-124-106-81-77-153-185-99-179-166-194-176-145-13-188-6-147-122-135-131-117-193-141-97-60-20-28-149-152-8-177-5-45-121-118-182-138-33-160-144-35-0-109-155-184-52-172-128-168-195-191-90-139-11-29-55-66-94-47-148-140-183-163-103-113-86-130-95-143-111-104-158-25-82-21-36-61-54-31-73-142-175-78-1-38-27-198-190-80-136-51-134-169-132-70"
49,64341,100,38819,103160,21,"149-28-20-23-60-152-6-147-51-125-191-90-133-10-122-131-54-117-193-31-73-5-36-141-91-79-61-21-82-189-155-145-195-168-139-182-138-111-81-153-163-89-103-86-183-140-95-166-194-113-176-106-124-62-185-179-94-148-47-77-177-78-175-45-72-107-40-100-63-135-38-1-121-74-34-55-18-35-109-3-70-15-29-160-33-11-134-188-169-132-13-104-8-25-136-190-80-0-170-4"
50,73074,100,47069,120143,19,"107-40-133-178-139-11-191-90-34-18-62-124-106-180-176-82-73-54-1-63-100-122-125-111-81-153-77-141-61-36-177-121-51-98-118-182-138-104-33-160-29-144-8-31-193-117-135-32-131-187-165-89-127-137-114-35-109-0-170-152-95-130-185-86-166-194-179-148-47-94-66-113-103-163-198-156-16-38-27-80-190-3-155-28-20-140-183-55-21-78-175-5-25-6-188-169-195-168-147-10"
51,61204,100,35839,97043,20,"29-25-73-164-31-54-121-34-55-86-185-166-176-163-153-82-21-87-177-5-136-198-27-38-1-117-193-80-190-175-78-45-90-191-188-70-155-152-170-189-11-138-182-139-13-132-169-6-147-10-133-63-135-122-51-118-104-8-33-160-168-195-145-15-3-109-0-111-77-81-106-124-62-18-143-79-61-36-91-141-97-128-95-183-28-140-60-20-148-47-66-94-179-194-113-114-127-89-103-35"
52,67989,100,39863,107852,20,"177-87-21-36-61-141-97-77-14-111-144-33-182-74-134-29-185-86-166-176-113-103-89-163-90-135-63-131-19-45-5-138-145-15-34-18-55-20-28-140-170-118-1-38-27-156-198-117-25-35-62-95-183-152-155-189-11-139-168-195-132-13-143-124-106-153-81-82-8-104-122-100-107-40-72-133-10-147-192-6-188-169-161-70-3-109-0-160-98-51-121-73-136-175-78-80-190-193-31-54"
53,68970,100,41752,110722,17,"99-185-86-176-113-163-119-34-6-147-134-118-51-121-198-117-31-193-54-25-104-153-81-97-77-21-135-63-122-29-109-0-35-160-33-11-138-139-182-90-133-10-178-191-43-168-195-13-145-15-143-103-114-194-166-179-94-47-28-149-4-161-70-188-169-132-3-155-184-152-170-62-106-124-148-23-60-82-36-61-91-141-187-127-89-20-59-199-144-5-175-177-8-111-18-55-183-140-95-130"
54,71034,100,45926,116960,20,"121-90-133-10-183-95-130-99-148-60-20-149-28-147-122-135-131-144-111-159-106-124-128-18-62-81-77-11-169-132-13-15-70-3-155-152-113-114-137-127-89-165-187-0-109-143-176-103-163-153-74-118-134-55-185-179-94-47-199-140-160-33-138-182-139-43-168-195-145-170-34-35-82-61-36-177-21-8-104-25-117-198-193-54-31-78-175-141-194-166-86-29-188-6-51-136-190-80-45-5"
55,61407,100,36915,98322,22,"193-117-198-31-177-143-55-183-20-60-47-94-66-148-95-128-124-106-145-13-6-147-122-63-38-27-1-141-187-165-89-153-77-51-90-135-131-121-138-29-109-35-0-144-160-111-81-163-103-127-114-194-166-179-185-130-140-28-149-152-170-34-184-155-18-62-86-113-176-180-168-195-139-11-182-25-73-54-118-134-188-169-132-70-161-3-15-33-104-8-82-21-61-36-5-175-78-80-190-136"
56,71370,100,45453,116823,17,"157-104-145-15-3-0-29-111-77-153-163-176-132-169-188-6-147-122-63-38-198-117-121-51-98-139-11-124-106-86-185-130-95-62-78-175-190-80-45-36-187-127-89-189-155-70-13-168-195-25-177-61-91-141-97-103-113-194-166-179-60-20-149-28-140-174-35-109-18-55-34-152-170-135-1-156-183-94-66-154-47-148-134-90-131-54-193-31-73-5-21-82-8-144-160-33-118-74-182-138"
57,64679,100,39331,104010,19,"1-135-63-100-40-107-51-138-104-82-163-89-127-103-113-176-190-80-182-139-168-195-29-0-33-160-144-8-21-5-45-142-175-78-177-11-126-13-132-70-3-15-34-18-55-61-36-91-141-97-77-111-109-35-143-81-153-106-124-128-62-25-117-198-131-121-116-134-188-6-90-191-122-10-133-147-169-145-155-152-60-23-20-28-140-183-148-94-47-66-179-130-95-185-166-86-73-54-31-193"
58,74928,100,49038,123966,17,"121-131-135-102-63-40-122-163-103-194-166-148-20-47-94-179-114-127-89-187-191-90-1-117-198-193-86-185-130-95-55-18-109-160-33-138-182-25-54-31-153-113-176-74-118-139-11-104-177-5-45-21-8-82-111-143-159-35-0-98-51-147-6-70-3-15-155-189-142-175-78-144-34-152-170-29-49-168-145-195-13-132-169-188-134-136-80-190-140-183-174-62-124-106-81-77-141-61-91-36"
59,73546,100,47556,121102,17,"62-13-132-188-169-195-168-29-109-174-183-170-117-193-198-131-90-191-34-18-55-144-104-138-182-51-120-71-147-6-70-152-140-130-95-33-160-111-81-106-179-94-47-148-20-28-25-112-121-11-145-3-15-21-61-5-136-31-54-73-36-141-77-153-86-185-166-194-114-127-103-113-176-133-107-40-63-122-135-38-1-82-163-89-187-78-175-162-80-190-45-177-8-12-0-35-143-159-124-128"
60,66562,100,42350,108912,18,"142-78-45-136-73-31-54-182-33-160-144-81-153-89-114-137-127-187-193-117-51-118-134-29-35-176-113-90-191-133-122-63-135-131-121-25-5-177-61-143-106-124-18-62-77-141-36-175-80-190-198-1-40-107-10-147-6-188-132-169-168-195-13-145-152-140-149-4-28-20-148-183-155-3-161-70-15-34-86-166-194-103-163-82-21-138-139-11-104-56-8-111-95-185-179-94-47-55-109-0"
61,72379,100,47002,119381,18,"18-62-83-86-194-176-109-195-13-132-169-21-61-141-187-137-114-166-179-94-47-152-3-70-188-73-164-104-68-111-183-140-28-60-20-148-99-143-8-45-190-80-175-78-142-5-36-153-165-127-89-103-113-163-144-90-131-1-38-63-135-122-6-34-55-35-0-31-54-121-116-29-95-185-130-155-15-145-168-11-139-134-147-51-182-138-33-160-25-198-117-193-136-177-82-77-81-129-106-124"
62,66237,100,40519,106756,21,"11-49-29-189-155-152-183-95-124-128-86-148-47-94-66-179-22-99-185-166-194-113-176-106-143-0-35-109-62-18-15-3-138-25-78-175-55-34-70-51-112-54-31-117-198-156-1-131-121-82-77-20-28-140-41-111-144-160-168-195-13-132-145-36-61-79-91-141-187-127-89-103-163-153-190-80-45-5-177-21-8-104-33-169-65-188-6-73-193-27-38-63-40-122-135-90-191-147-134-139"
63,71064,100,43097,114161,18,"30-190-80-136-106-86-185-35-73-54-55-18-95-130-99-179-172-52-166-77-141-82-169-188-11-33-104-56-138-25-198-156-42-1-38-63-135-131-121-51-191-90-147-6-134-111-81-153-163-103-113-194-176-29-74-118-31-193-143-124-62-34-15-145-13-195-168-189-170-155-184-152-183-47-148-20-28-149-140-177-5-142-175-78-36-61-21-8-144-160-12-0-109-3-70-132-126-139-182-117"
64,68308,100,41756,110064,21,"193-31-54-121-51-98-118-177-36-91-61-21-104-33-11-139-134-191-90-125-117-198-141-77-81-106-143-111-144-160-195-13-132-169-135-102-63-122-74-182-25-136-190-80-175-78-5-0-109-29-133-72-100-40-107-17-35-62-128-124-194-166-185-86-176-113-103-127-89-163-153-8-138-1-38-131-140-28-20-148-47-94-183-55-18-34-152-184-155-3-70-147-10-6-188-15-145-168-73-164"
65,61846,100,37127,98973,23,"63-1-156-198-117-18-55-34-3-15-145-13-70-155-152-140-148-47-183-83-62-124-106-111-144-160-29-109-0-35-143-81-77-141-36-142-45-80-190-136-73-121-195-168-188-6-169-132-86-166-194-176-118-51-90-191-122-133-10-147-134-74-177-5-175-78-61-91-28-20-60-94-179-99-130-95-185-113-103-127-89-165-163-187-153-21-82-8-104-33-11-138-139-182-25-31-193-54-131-135"
66,72152,100,46211,118363,21,"134-29-0-143-159-5-80-190-1-63-102-135-152-149-28-20-9-183-140-170-34-35-109-189-184-155-70-188-6-121-112-148-60-47-94-66-179-166-127-187-141-79-91-77-153-163-103-113-106-3-132-169-13-145-86-185-130-95-55-62-18-160-33-138-25-31-54-73-136-45-142-78-175-176-194-128-124-117-198-193-177-104-144-111-81-82-8-168-195-21-36-61-11-139-51-90-191-122-133-147"
67,68638,100,41815,110453,18,"182-25-1-156-198-54-173-104-8-143-124-128-185-130-95-18-55-170-152-155-3-15-145-0-29-168-132-169-188-6-134-136-190-80-175-78-142-21-82-177-5-73-31-164-45-36-61-91-77-141-81-153-176-166-194-113-163-111-144-33-74-51-10-133-122-63-135-160-106-86-179-94-148-47-121-131-117-193-123-138-139-11-189-183-140-20-28-149-70-13-195-109-35-62-34-147-191-90-125-118"
68,61726,100,35911,97637,21,"109-0-33-121-112-136-190-80-162-175-21-8-160-15-145-195-168-11-138-182-25-5-45-142-78-61-36-177-123-73-54-1-135-63-40-122-51-104-144-111-81-176-180-164-31-193-117-198-156-27-16-38-131-90-191-134-188-169-6-147-133-10-139-29-35-106-124-86-130-95-185-179-166-194-113-103-89-127-163-153-77-141-91-82-62-55-18-34-70-3-155-184-152-148-47-94-60-20-140-183"
69,65568,100,36507,102075,22,"25-182-138-33-132-65-188-169-11-139-13-145-77-81-153-176-94-148-20-28-199-149-4-140-183-152-6-67-147-10-133-191-51-98-74-35-124-106-143-177-73-54-31-121-118-134-195-168-29-39-160-144-104-8-68-82-21-61-175-78-36-91-141-187-163-113-166-185-95-86-128-41-111-0-15-70-3-155-34-55-18-62-109-90-122-63-135-131-112-5-142-45-190-80-136-164-193-117-1-198"
70,74735,100,49341,124076,20,"54-21-81-153-111-144-33-138-25-121-51-11-165-89-127-137-114-113-176-86-185-95-130-106-124-143-35-109-55-18-62-166-194-187-141-162-190-80-142-175-78-177-195-3-149-4-6-191-90-125-29-0-160-173-73-136-45-5-169-132-13-145-15-103-163-155-184-152-140-183-34-133-107-40-10-147-188-70-28-20-148-47-168-134-131-135-63-122-139-104-8-82-77-97-91-61-36-31-193-117"
71,65888,100,38790,104678,19,"179-172-166-176-194-86-55-34-155-3-132-134-121-131-135-63-122-147-6-188-169-95-130-128-62-124-106-111-168-195-13-189-167-4-149-140-183-104-5-80-190-175-78-182-138-73-31-164-193-117-54-74-139-33-11-160-144-8-82-21-177-25-118-51-90-191-85-18-181-99-94-47-148-20-60-28-152-170-81-77-97-91-61-36-141-187-163-103-113-153-143-109-35-0-29-145-15-161-70-185"
72,65559,100,36550,102109,17,"144-0-35-62-86-166-194-176-113-103-163-8-25-74-118-73-31-193-117-54-51-6-132-34-170-152-184-155-189-145-11-139-2-85-158-112-121-131-135-122-10-133-90-191-134-168-195-107-40-147-188-65-169-138-182-33-160-37-143-124-128-106-153-141-77-81-109-15-3-70-161-13-21-36-61-79-91-82-111-55-18-95-185-179-94-148-20-140-183-29-136-190-80-45-142-78-175-5-177-104"
73,64606,100,38954,103560,20,"194-166-179-47-148-20-28-149-4-140-183-62-91-36-61-21-8-82-111-144-160-195-126-168-139-11-33-104-177-5-190-80-175-78-142-45-136-31-73-25-182-138-29-0-35-18-55-34-152-155-51-90-191-6-70-84-15-3-118-121-131-63-135-122-133-147-134-113-176-106-145-13-132-169-188-109-143-124-128-95-99-94-66-185-86-114-103-141-193-117-54-89-127-165-187-97-77-81-153-163"
74,65606,100,39862,105468,18,"185-95-155-70-161-77-81-62-18-97-141-91-21-118-51-90-139-49-183-140-4-152-6-122-135-102-63-107-40-133-10-147-188-169-132-13-145-34-55-104-8-82-61-36-177-5-45-80-190-78-175-25-182-11-138-33-160-35-124-106-143-111-144-39-29-195-126-168-121-31-193-117-198-54-153-163-89-127-103-114-113-189-3-15-0-109-170-149-28-20-60-148-47-66-94-179-166-176-194-86"
75,66728,100,42124,108852,20,"103-106-159-143-175-80-190-136-193-117-198-31-73-54-29-149-4-114-137-127-163-81-104-25-121-182-33-160-128-86-179-185-99-130-55-34-170-109-0-144-177-5-131-122-40-107-63-102-135-169-132-13-168-195-145-152-140-183-95-166-194-187-141-91-36-61-21-138-11-139-188-6-147-133-10-90-51-35-124-62-18-3-15-70-155-28-20-148-94-47-111-8-82-77-97-153-180-176-113-89"
76,67378,100,40936,108314,18,"78-142-80-190-73-121-112-5-45-136-164-31-193-54-143-106-124-86-95-134-147-6-169-188-33-77-81-138-118-51-90-191-148-47-60-20-28-140-130-185-114-127-141-91-166-172-179-99-94-66-183-152-70-132-13-195-168-139-11-182-131-1-198-117-25-177-104-111-62-18-55-34-109-35-0-29-189-155-3-15-145-160-144-56-8-82-21-36-61-97-153-187-163-89-103-26-113-194-176-175"
77,64273,100,37651,101924,21,"28-20-140-183-174-124-128-62-18-55-34-188-6-147-90-51-118-11-29-0-111-14-50-8-104-195-13-132-169-168-139-182-138-33-160-144-143-113-103-89-127-163-141-61-36-21-145-15-3-70-155-184-152-170-189-134-85-45-142-78-175-5-82-106-95-130-185-86-194-176-153-81-35-109-148-94-47-179-166-114-137-165-187-146-97-77-177-193-31-54-121-131-135-63-1-117-190-80-136-25"
78,74084,100,48293,122377,16,"80-45-86-185-95-130-183-147-133-122-40-107-63-135-131-34-55-18-62-97-141-91-61-21-138-182-90-191-11-29-109-35-0-160-33-38-27-1-25-140-20-148-47-94-66-179-152-155-3-70-15-145-177-5-136-19-112-121-51-118-134-195-168-139-78-175-36-82-77-153-106-124-104-54-73-8-111-159-143-14-81-149-28-166-194-176-113-103-89-163-132-169-188-6-198-117-31-193-164-190"
79,65255,100,36920,102175,19,"62-18-55-34-109-160-33-138-198-1-135-122-63-100-133-191-90-125-51-98-74-182-78-175-177-104-8-21-91-141-61-36-142-136-73-45-5-140-28-183-95-35-0-29-145-15-3-189-81-153-77-82-111-144-168-195-13-70-161-188-6-147-10-40-107-131-121-118-25-193-117-112-19-54-31-164-190-80-162-152-170-184-155-132-169-139-11-143-106-86-166-194-176-113-114-127-89-103-163-124"
80,64376,100,38030,102406,19,"91-21-8-0-109-34-170-152-149-4-28-20-148-47-94-124-33-138-74-118-134-189-183-140-55-18-35-144-104-25-164-31-193-78-175-80-190-105-121-51-6-188-169-132-13-145-29-111-77-153-163-103-113-194-176-141-5-45-136-73-182-11-195-168-139-54-117-198-1-38-107-40-10-147-15-70-3-155-62-95-130-99-185-166-86-106-143-160-90-191-133-122-63-102-135-131-112-177-36-61"
81,60892,100,35412,96304,17,"35-0-104-177-5-78-175-80-190-193-54-31-121-118-74-134-195-168-29-77-141-91-36-61-21-111-143-124-62-170-184-155-15-145-11-33-160-144-138-139-188-6-169-132-70-3-13-51-131-1-27-38-63-122-135-198-117-73-187-163-113-176-86-140-149-4-28-20-148-47-179-172-103-89-127-114-194-166-185-130-95-152-147-191-90-125-8-81-153-106-99-66-94-183-174-18-55-34-189-109"
82,72495,100,45212,117707,19,"43-11-39-29-195-168-56-21-91-141-187-165-127-89-193-198-117-139-170-28-20-60-148-47-177-5-25-138-33-35-183-140-152-3-70-188-147-90-191-6-169-132-109-0-160-80-190-175-78-36-61-163-103-143-131-135-122-133-10-104-8-82-97-77-153-81-111-144-182-74-118-2-13-145-15-155-184-95-130-185-86-18-55-34-62-106-124-166-194-113-176-142-45-136-73-54-31-121-51-134"
83,63752,100,37928,101680,19,"163-113-176-194-114-137-165-187-153-106-143-51-125-191-90-147-169-132-70-3-15-145-13-33-160-138-11-188-6-134-139-182-5-73-31-193-136-80-190-175-78-177-21-18-183-140-174-55-34-195-168-29-109-0-35-111-144-25-112-121-131-135-32-38-16-1-198-117-54-62-124-89-127-103-170-152-20-47-148-94-179-185-99-95-130-86-166-141-61-36-142-45-156-27-63-122-104-8-82-77"
84,64908,100,39610,104518,19,"172-179-91-36-61-21-139-188-169-132-13-70-149-28-60-20-148-47-94-66-99-185-166-76-114-137-127-89-163-8-104-25-54-31-193-80-190-141-187-165-97-77-144-168-195-145-189-167-55-18-62-143-35-109-0-160-33-138-182-11-29-152-4-140-183-95-86-194-176-124-106-153-81-111-15-3-155-184-170-34-82-177-175-78-5-51-191-125-90-131-121-117-1-135-63-122-147-6-103-113"
85,67237,100,40012,107249,19,"0-29-11-139-183-199-20-99-185-179-166-194-176-124-62-106-153-81-143-18-55-152-170-182-25-73-136-190-80-175-21-82-60-148-47-94-66-104-177-5-36-61-141-97-77-8-144-12-39-74-118-98-51-134-132-70-155-4-149-28-140-109-33-138-160-111-163-187-121-131-1-198-117-193-31-54-135-90-147-6-188-65-169-13-168-195-145-15-3-165-127-89-103-113-86-130-95-174-34-35"
86,67792,100,42739,110531,18,"10-107-40-63-102-131-121-112-25-118-51-90-191-86-185-130-95-170-155-152-28-20-148-47-94-140-183-55-111-8-142-78-175-190-80-188-169-109-29-195-13-132-126-168-160-33-144-104-138-11-70-3-15-145-31-193-117-198-1-38-135-122-134-139-182-177-5-36-21-82-103-114-113-194-166-176-62-18-34-6-147-54-164-73-163-89-127-187-141-61-91-77-81-153-106-143-124-35-0-133"
87,69772,100,43365,113137,20,"86-62-18-134-6-33-160-77-97-141-91-112-25-21-87-82-8-144-111-176-113-127-187-153-138-118-125-90-191-51-139-182-121-198-117-193-164-136-80-190-1-131-122-147-188-70-3-189-109-29-15-145-13-132-169-195-168-11-5-175-177-104-0-35-143-163-89-103-124-106-159-81-79-61-36-73-31-54-170-152-47-148-20-28-149-155-135-63-40-107-133-10-34-55-183-140-95-130-185-166"
88,67734,100,40988,108722,21,"170-152-31-193-117-198-54-176-113-194-166-3-70-155-95-185-99-179-86-83-18-6-147-10-133-178-90-191-125-131-156-1-97-187-89-127-103-163-153-141-36-136-73-190-80-45-25-139-195-168-104-21-61-91-77-81-106-62-124-143-35-109-0-29-160-11-74-118-51-122-63-102-27-16-38-135-121-182-138-33-144-111-8-82-177-78-175-5-188-169-132-13-145-15-34-55-183-20-28-140"
89,67270,100,40159,107429,21,"36-141-187-127-89-103-163-124-34-189-15-3-155-184-149-4-140-183-170-145-13-131-1-63-135-6-188-169-132-29-0-35-128-86-185-94-66-99-130-95-109-49-33-104-8-144-160-12-55-18-62-194-113-176-106-143-69-168-195-54-31-193-117-25-152-53-70-90-122-133-10-147-134-85-139-11-138-182-51-125-121-175-5-177-21-77-81-153-166-179-47-60-148-20-28-111-82-91-79-61"
90,62853,100,37977,100830,24,"183-140-152-184-155-3-15-145-13-195-11-138-104-8-82-77-141-61-36-177-31-54-193-117-6-188-169-182-25-5-78-142-175-190-80-1-135-131-121-176-113-103-127-89-134-147-191-90-51-118-143-159-179-94-47-60-148-20-28-149-4-70-161-132-168-33-160-29-0-35-18-62-124-106-153-187-163-194-166-86-55-34-109-139-74-178-10-133-107-40-63-122-144-111-81-128-95-185-99-130"
91,64274,100,38437,102711,19,"78-5-131-135-63-102-38-27-36-141-77-183-140-152-155-15-139-11-90-191-51-118-134-169-188-132-13-145-189-18-62-124-35-0-143-103-127-89-114-194-166-185-86-179-94-47-148-20-130-95-106-153-163-113-176-180-111-160-168-195-70-3-21-61-177-25-121-122-40-107-136-162-80-190-156-1-198-117-193-182-138-33-104-8-144-29-109-55-34-126-6-147-151-54-31-164-73-45-175-142"
92,68445,100,41634,110079,19,"143-159-106-124-15-145-29-0-111-77-82-19-112-131-135-122-133-10-178-139-11-182-118-51-121-25-104-160-83-95-130-99-179-194-165-187-141-91-61-73-193-31-54-138-33-13-70-3-176-113-103-114-137-127-89-163-107-40-63-1-198-117-78-175-36-21-8-144-81-153-166-185-86-34-155-184-152-140-183-55-18-62-177-5-190-80-136-134-6-147-90-191-169-188-132-126-195-168-109-35"
93,67932,100,42474,110406,19,"127-103-113-176-106-145-188-147-133-40-107-90-191-6-189-95-130-34-118-121-1-156-198-117-45-36-79-61-91-21-25-131-135-63-122-51-3-155-184-55-86-185-99-179-166-194-8-138-182-139-13-195-168-11-33-160-111-81-153-77-141-73-54-193-31-164-136-175-78-5-15-70-132-169-80-190-177-104-144-28-20-148-47-94-183-140-18-62-124-143-35-109-0-29-170-53-152-128-163-89"
94,69351,100,45558,114909,19,"25-38-27-1-54-177-187-165-89-8-131-32-135-179-94-47-60-148-20-140-183-29-139-134-10-133-90-51-121-198-117-193-31-73-163-103-194-166-114-137-127-5-78-175-45-80-190-136-188-169-168-195-6-147-40-107-100-63-122-182-109-86-185-95-62-35-0-160-144-104-33-138-11-145-15-13-132-70-3-155-152-34-55-18-124-141-36-91-61-21-82-77-81-153-113-180-176-106-143-111"
95,62626,100,37628,100254,17,"179-185-95-70-188-147-191-90-6-169-132-13-33-160-104-78-175-142-5-123-182-25-45-162-190-80-136-73-31-177-21-82-8-111-124-128-86-194-176-180-118-51-122-107-40-63-54-193-27-38-1-198-117-131-135-121-138-163-89-127-141-36-61-77-81-187-153-186-106-143-0-35-34-55-62-18-109-29-11-139-168-195-145-15-3-155-152-140-183-28-20-148-94-47-66-113-103-137-114-166"
96,66161,100,39154,105315,21,"139-29-35-179-66-94-47-60-148-20-28-152-170-34-177-78-175-5-25-182-116-125-10-133-122-135-63-131-21-113-103-165-187-31-117-198-1-27-38-121-33-12-0-109-15-145-160-144-68-111-143-124-128-86-166-185-95-130-140-183-55-18-62-13-132-147-191-90-51-195-168-11-36-61-91-141-77-82-8-104-74-118-138-81-153-163-89-127-114-194-88-176-106-155-3-70-169-188-6-134"
97,62238,100,35043,97281,23,"81-41-13-132-126-168-160-8-21-61-36-175-78-5-177-104-138-25-117-193-31-54-182-49-29-140-148-47-60-20-28-149-4-169-134-121-131-135-122-133-10-147-188-6-191-90-51-11-39-0-109-35-62-179-172-94-66-99-124-106-97-141-91-82-77-187-127-89-114-113-194-166-184-155-3-70-15-145-195-139-74-118-33-144-111-143-18-55-34-170-152-183-130-95-185-86-176-103-163-153"
98,62282,100,36029,98311,22,"21-36-61-177-182-25-5-78-175-142-45-98-51-118-104-77-141-80-190-193-131-122-135-63-38-1-117-31-54-73-136-29-0-109-168-134-178-133-10-147-170-183-140-152-155-15-145-132-13-195-189-34-89-127-103-176-94-47-148-60-20-28-3-70-169-188-6-139-11-35-143-106-124-128-62-55-18-95-185-86-166-194-113-163-153-81-50-111-144-160-33-138-19-112-121-125-191-90-82-8"
99,64601,100,39253,103854,19,"91-25-121-131-135-102-92-63-122-90-51-33-160-127-89-114-166-179-148-47-130-95-99-94-66-185-86-111-82-77-97-187-153-124-106-143-169-132-188-6-134-74-118-138-56-144-55-183-140-170-152-155-70-3-34-18-62-176-194-113-103-163-81-8-104-21-177-5-175-78-80-190-31-117-198-27-38-1-182-11-139-168-195-13-145-109-29-0-35-20-28-149-147-133-107-40-100-36-61-141"
100,64204,100,38430,102634,22,"36-91-21-82-141-77-153-163-127-89-113-103-166-179-148-20-55-111-8-175-78-80-190-136-121-51-125-90-131-117-193-54-31-6-169-188-182-25-5-73-198-1-38-63-135-104-95-86-194-176-145-3-155-184-130-185-99-66-94-47-60-28-70-132-13-195-168-191-122-133-10-147-134-139-11-33-160-144-106-124-62-128-181-183-140-152-170-34-18-143-35-109-0-29-138-74-118-98-177-61"
101,75463,100,49897,125360,19,"131-63-135-11-29-185-99-130-95-122-133-0-194-166-86-183-140-111-8-73-164-54-31-121-125-90-191-188-169-132-170-34-5-78-175-190-80-82-159-143-193-117-198-138-109-55-18-62-124-106-81-77-141-97-153-179-66-47-94-148-60-20-152-155-3-70-15-35-163-103-89-127-187-144-160-33-104-21-91-61-36-177-51-147-6-134-43-128-176-114-113-180-189-145-13-195-168-139-182-25"
102,65140,100,40106,105246,20,"155-15-3-70-169-188-132-13-195-160-144-111-8-5-78-175-80-190-147-6-168-109-143-106-86-185-179-94-140-152-170-89-103-163-153-118-51-90-139-11-29-18-62-124-35-0-121-131-1-156-198-117-31-54-25-138-33-104-61-36-79-91-141-187-165-127-137-114-113-176-95-130-22-99-183-81-97-77-82-21-177-73-193-27-38-122-10-133-63-102-135-149-28-20-148-47-166-194-55-34"
103,73014,100,47722,120736,17,"36-45-73-54-31-193-117-134-43-168-139-182-11-33-160-111-77-81-86-185-99-130-55-34-109-125-90-191-147-152-140-183-190-80-188-169-132-13-195-0-35-153-163-187-97-141-91-78-175-142-5-177-25-138-104-21-82-8-15-145-122-63-135-47-94-154-66-176-113-194-166-179-95-128-106-124-143-159-198-1-131-121-51-6-70-3-28-20-60-148-114-127-103-89-62-18-184-155-29-61"
104,62526,100,35453,97979,18,"185-179-86-166-194-106-124-128-95-22-99-130-62-82-21-91-36-61-177-54-193-31-164-73-136-175-78-142-45-117-198-1-121-25-176-113-114-127-89-103-163-187-153-146-81-77-97-141-5-162-80-190-51-188-6-147-133-122-63-135-131-90-169-132-70-3-15-145-29-0-109-189-184-155-13-195-168-11-33-160-138-182-139-170-152-140-28-183-55-34-134-118-104-143-159-111-8-144-35-18"
105,61519,100,34539,96058,23,"21-61-79-91-87-82-81-97-77-117-198-1-63-135-122-182-138-11-29-109-0-160-33-144-62-95-130-148-47-94-179-185-86-194-166-88-113-176-163-153-8-104-139-168-161-70-20-28-149-4-140-183-55-124-106-129-26-103-114-137-89-127-165-187-141-36-175-78-45-80-190-136-5-177-145-15-189-35-37-111-143-18-34-152-184-155-3-188-6-147-90-131-193-31-54-121-169-132-13-195"
106,72144,100,46160,118304,16,"170-152-4-140-183-109-160-33-54-73-136-177-104-179-94-47-148-132-169-188-70-3-166-194-113-176-106-143-81-77-97-141-82-0-35-18-62-124-153-163-187-51-135-32-102-45-142-78-5-131-122-107-40-63-38-1-156-198-117-139-28-20-60-111-8-21-61-36-175-190-80-193-31-118-74-134-168-195-145-15-128-86-185-95-55-6-147-90-125-121-112-19-25-138-11-29-34-189-155-184"
107,68039,100,41217,109256,21,"11-118-121-112-136-45-142-131-125-90-51-182-139-134-10-40-107-100-133-147-169-188-25-78-175-36-77-81-111-160-33-144-68-8-104-168-195-126-145-189-62-124-143-91-61-141-103-113-194-176-122-63-102-135-1-190-80-162-5-138-49-29-109-18-55-183-95-86-185-166-163-153-177-73-164-193-117-31-54-21-82-106-179-94-47-60-148-20-140-152-155-3-70-132-13-15-170-34-35-0"
108,68416,100,42418,110834,18,"163-113-194-166-185-130-55-34-109-29-140-20-148-47-94-179-86-177-190-80-164-73-136-61-36-141-187-137-114-127-89-103-83-18-62-35-0-37-81-77-82-104-8-111-106-124-182-118-121-112-19-198-117-193-54-31-153-180-176-95-183-152-155-15-25-5-175-78-138-33-160-3-70-13-168-11-139-132-169-188-6-147-133-63-102-135-122-90-51-134-195-145-143-159-144-131-38-27-1-21"
109,62576,100,37681,100257,18,"94-99-130-95-86-128-106-77-82-21-141-36-61-177-193-198-1-131-51-118-139-11-0-29-138-73-31-182-109-55-18-62-124-159-143-111-8-104-160-33-25-54-117-90-147-192-6-134-122-135-63-38-27-80-190-175-5-45-121-133-178-10-188-169-168-35-81-153-187-163-127-89-103-113-194-176-166-179-185-34-15-145-155-152-183-140-20-60-28-149-4-3-70-132-13-195-170-148-47-66"
110,67438,100,41214,108652,18,"3-189-34-18-124-106-54-31-164-73-104-33-160-144-8-21-177-5-45-80-190-20-148-28-4-149-109-35-95-130-128-81-77-82-111-169-188-6-147-117-193-36-61-141-97-153-187-163-113-194-166-86-83-62-143-78-175-136-122-10-133-90-191-125-51-121-198-156-1-38-63-135-131-25-138-182-11-139-168-195-29-0-140-183-99-185-176-89-165-127-103-55-170-152-155-70-132-13-15-145"
111,67399,100,40981,108380,20,"117-25-55-130-95-182-138-33-160-194-166-159-144-157-73-164-31-136-175-78-5-177-21-87-82-77-176-113-114-127-103-89-163-153-141-91-61-36-8-104-56-70-3-15-29-111-81-62-18-34-35-0-109-195-13-132-169-188-80-190-193-54-121-51-118-134-168-145-155-184-152-4-149-140-183-189-139-11-47-66-94-172-179-185-86-106-143-124-128-148-60-20-28-6-147-90-122-135-1-198"
112,78144,100,52704,130848,18,"169-13-176-113-103-163-51-90-191-133-10-147-160-111-81-153-77-141-131-135-1-193-36-61-80-190-166-86-128-124-106-62-183-140-60-148-20-28-149-15-145-21-82-8-144-33-11-139-134-6-188-29-0-109-35-9-47-94-179-73-54-31-117-198-121-112-177-79-18-55-34-122-63-38-27-25-104-152-170-138-182-45-175-78-5-168-195-70-3-155-95-130-185-194-127-89-159-143-39-132"
113,68809,100,43169,111978,18,"187-73-117-198-193-164-31-54-112-19-136-190-80-175-78-142-5-8-18-55-95-86-113-176-194-166-185-179-103-141-36-61-77-130-99-140-183-174-62-124-106-143-29-168-195-13-70-170-34-128-163-153-81-111-144-134-132-169-188-6-63-38-1-121-25-104-138-133-10-147-152-148-47-21-177-131-135-122-90-191-51-118-74-182-11-139-33-160-0-35-109-145-15-3-155-28-20-94-89-127"
114,64768,100,39249,104017,21,"178-147-6-188-70-132-169-135-63-40-107-10-133-122-117-80-190-5-177-21-82-77-141-91-36-61-8-104-138-11-168-139-25-54-193-31-73-136-175-78-198-156-1-3-155-152-170-29-33-160-0-35-34-18-62-124-106-180-176-113-163-153-81-97-146-187-137-127-111-182-125-191-90-131-121-51-134-143-86-179-66-94-47-148-183-140-145-13-195-109-55-95-130-185-166-194-103-89-165-144"
115,67394,100,41035,108429,19,"20-148-103-89-127-165-187-146-97-5-78-175-80-190-193-117-198-54-31-73-121-98-6-188-65-132-170-95-130-86-176-113-163-106-62-124-143-29-139-11-33-160-55-183-140-152-168-43-134-21-82-8-161-70-3-15-145-189-155-109-35-0-111-81-153-119-195-13-169-147-122-107-40-63-135-34-18-185-179-66-94-47-77-141-36-61-177-25-104-144-138-182-74-118-51-90-191-194-166-60"
116,67169,100,41422,108591,19,"188-169-109-35-143-124-83-62-5-78-175-176-86-185-130-95-128-106-80-190-193-31-117-198-135-131-121-125-51-118-25-104-33-144-160-29-140-28-20-148-166-194-113-103-127-89-141-61-36-21-8-0-183-99-22-172-179-94-47-152-195-168-90-191-182-138-11-111-81-153-163-187-77-177-73-54-1-38-63-122-133-10-147-139-18-55-34-189-145-126-13-132-70-3-155-184-15-134-85-6"
117,68529,100,43308,111837,20,"176-153-21-73-54-19-112-6-188-169-4-140-183-86-114-127-89-163-134-147-191-90-31-190-80-193-117-198-1-135-63-107-40-133-122-139-11-29-55-34-152-155-15-51-121-45-78-175-5-177-106-124-95-130-99-148-47-94-185-111-8-82-81-187-165-103-113-109-145-13-195-168-144-77-141-36-61-25-132-161-70-3-189-18-62-35-0-33-138-182-104-157-160-149-28-20-179-166-194-180"
118,67913,100,41780,109693,23,"185-166-194-114-127-165-187-141-36-1-63-135-90-51-182-138-33-104-25-121-160-29-144-91-79-61-133-122-131-112-45-78-175-5-177-21-87-35-0-109-34-18-55-62-86-113-103-89-163-186-106-124-189-195-168-139-54-31-136-80-190-77-153-176-180-73-193-117-143-95-148-47-179-172-130-152-170-184-155-3-70-15-145-13-132-169-188-6-147-134-11-8-82-111-183-140-20-94-66-99"
119,65691,100,38301,103992,16,"63-38-1-160-0-35-109-184-155-189-29-33-11-168-195-152-140-148-47-94-60-20-28-183-130-22-99-185-86-41-111-37-139-134-2-138-182-118-98-51-6-188-65-169-70-132-198-117-31-54-193-190-80-136-13-145-15-3-90-131-121-104-8-144-147-115-25-36-61-143-106-176-194-166-179-95-55-18-62-124-113-103-163-153-77-141-82-21-171-177-5-78-175-142-45-135-122-133-107-40"
120,63961,100,40169,104130,19,"91-82-111-86-185-95-55-18-62-138-182-118-51-90-147-134-11-139-10-133-40-107-122-131-193-190-80-136-145-15-70-3-155-184-152-183-22-179-172-166-194-176-121-135-63-27-38-1-117-31-177-21-104-8-89-127-103-113-106-143-109-35-34-170-140-149-28-20-60-148-47-94-99-128-124-0-29-33-73-54-25-168-195-188-6-169-132-13-189-163-187-153-81-77-141-78-175-5-61-36"
121,66703,100,39203,105906,20,"80-190-160-33-134-147-122-135-131-121-125-90-139-11-29-12-143-106-86-166-194-176-159-111-144-8-104-118-74-182-138-25-164-73-31-54-117-198-1-156-193-136-45-142-78-5-168-195-132-13-145-152-130-99-185-95-170-189-3-15-70-155-184-18-62-124-113-103-169-188-6-98-51-82-77-153-163-187-141-36-61-91-179-94-47-148-20-28-109-0-35-34-140-183-174-55-21-177-175-162"
122,70222,100,45213,115435,19,"54-117-1-16-27-38-138-18-148-47-94-179-185-166-194-88-176-153-81-111-128-130-95-86-113-114-103-163-168-147-191-90-51-139-11-29-109-35-0-144-8-82-77-97-141-21-182-74-118-125-131-121-25-5-78-177-104-33-160-143-124-62-183-60-20-140-55-190-80-175-36-61-193-31-73-187-127-165-89-106-189-3-15-145-195-13-132-122-63-135-34-149-28-152-155-70-169-188-6-134"
123,64923,100,38444,103367,21,"149-28-20-148-47-94-179-86-144-104-25-156-1-90-134-160-163-89-103-194-166-185-99-130-82-91-61-36-177-51-125-121-190-80-45-21-8-111-143-106-124-62-18-55-34-109-39-33-11-145-3-70-132-188-169-139-182-73-164-31-54-193-117-198-112-131-135-63-122-133-147-6-195-168-29-0-35-128-110-176-113-114-127-165-187-141-175-78-142-5-138-152-140-183-95-153-97-77-81-4"
124,70307,100,44627,114934,18,"133-40-107-63-135-122-147-6-195-55-185-179-166-86-95-145-13-132-169-188-5-142-45-190-80-136-73-25-138-11-182-198-1-131-168-189-34-143-153-141-36-61-21-12-29-3-70-15-49-160-33-139-134-98-51-118-104-8-111-183-47-94-148-20-140-54-31-117-193-78-175-177-62-18-184-155-152-53-170-0-109-35-163-103-127-89-187-97-77-82-81-106-124-128-176-194-113-144-121-90"
125,61826,100,35894,97720,19,"80-190-193-54-121-112-82-50-14-106-128-124-143-160-138-33-144-56-104-8-111-163-103-113-194-166-179-185-86-176-81-177-31-117-1-131-125-51-139-11-29-0-109-13-169-188-132-15-170-183-94-47-148-20-60-28-140-152-155-134-178-10-133-107-40-63-135-122-90-191-147-6-70-3-34-18-55-62-35-145-195-168-182-25-5-175-36-141-187-165-127-89-153-77-21-91-61-79-73-136"
126,65999,100,40363,106362,22,"183-109-136-80-190-193-31-73-77-81-153-106-124-170-152-184-155-15-13-145-113-163-89-165-127-103-114-194-166-179-94-47-148-99-130-95-185-86-10-133-122-135-63-131-121-156-1-198-117-54-177-21-8-104-11-139-195-168-180-176-3-70-161-132-25-5-175-78-141-97-91-61-36-82-111-143-18-55-34-169-51-90-147-6-188-160-144-56-138-182-33-29-0-35-62-83-140-149-28-20"
127,67858,100,42742,110600,20,"31-193-136-36-141-194-166-179-183-155-15-145-39-81-187-165-137-127-111-144-33-160-168-195-13-132-182-25-142-175-78-61-91-8-104-6-188-169-113-176-89-103-163-153-77-82-21-177-5-45-190-80-117-1-135-138-143-124-62-34-3-70-122-133-10-147-134-139-74-118-51-90-131-121-11-170-152-149-4-28-148-47-66-94-60-20-140-189-29-109-0-35-55-18-95-185-86-106-73-54"
128,77986,100,49729,127715,18,"15-21-91-141-187-127-89-163-80-190-142-194-166-179-185-86-153-61-36-193-117-198-1-156-106-124-176-113-103-145-132-13-29-0-104-177-173-158-25-121-131-135-63-122-147-150-6-8-82-77-97-81-41-111-144-33-160-195-168-126-118-51-125-90-191-120-71-45-5-109-35-143-62-95-148-20-140-183-175-78-182-139-11-189-155-54-31-73-138-18-55-34-170-152-74-134-188-169-70-3"
129,66856,100,41478,108334,20,"54-31-73-136-45-5-36-61-21-104-144-143-106-113-176-194-166-185-179-94-47-148-20-28-188-169-145-124-128-35-0-109-29-160-33-81-77-107-40-63-121-25-82-8-68-111-62-18-140-183-86-103-89-127-163-133-10-122-135-90-51-74-139-168-195-13-132-70-152-170-34-55-15-3-155-184-189-49-11-118-117-198-1-131-147-6-134-182-138-177-175-78-141-187-153-91-190-80-164-193"
130,69066,100,40723,109789,21,"95-62-21-177-38-63-122-135-131-125-90-191-51-85-134-6-169-188-132-168-163-103-176-106-124-3-15-145-109-0-77-141-91-61-36-73-31-193-54-121-178-133-10-147-139-138-8-82-111-143-159-35-12-160-33-142-78-175-190-80-45-5-104-144-89-127-187-97-81-153-113-194-166-86-185-18-29-11-98-74-118-182-25-1-156-198-117-140-28-183-55-34-189-195-13-161-70-155-152-130"
131,64823,100,38863,103686,21,"195-168-70-15-3-34-55-35-109-62-83-18-191-90-133-10-178-147-188-169-132-13-145-176-180-113-114-103-153-77-21-31-54-117-198-193-190-80-45-82-140-183-95-86-166-194-81-111-144-43-6-134-139-11-33-160-143-106-124-185-179-94-60-20-148-47-99-130-184-155-4-149-28-152-170-0-8-177-78-175-142-5-25-121-135-122-51-138-104-61-36-91-141-97-187-165-89-127-163-29"
132,62802,100,36942,99744,22,"86-143-35-111-81-153-187-165-89-127-163-55-155-3-139-73-31-117-1-135-122-6-188-169-69-34-140-28-149-4-152-170-49-160-33-138-182-90-133-10-178-147-13-145-15-195-168-11-176-113-103-114-194-166-94-47-60-20-148-183-29-39-0-109-18-62-124-106-77-141-175-78-142-5-177-61-36-91-21-82-8-144-104-25-136-80-190-193-54-121-51-134-132-70-130-99-179-172-185-95"
133,68822,100,41089,109911,18,"8-82-106-166-172-179-99-185-95-183-152-170-81-97-77-141-21-122-107-40-133-147-139-182-162-80-190-136-74-118-25-177-36-61-78-175-145-155-189-104-5-45-142-73-54-117-198-193-31-164-160-109-18-55-34-132-13-195-168-29-0-35-124-62-86-176-194-113-127-103-89-163-153-135-63-38-27-16-156-1-131-121-138-33-11-15-3-70-188-169-6-134-98-51-90-191-144-119-143-111"
134,65734,100,39345,105079,20,"78-175-142-45-25-134-147-90-51-118-182-171-104-160-33-138-139-169-188-111-143-22-94-66-47-148-199-140-183-152-4-149-28-20-60-179-166-153-177-121-131-135-122-6-189-86-194-103-163-187-77-97-141-190-80-73-31-193-117-54-126-13-3-15-145-195-29-109-0-35-95-185-130-81-91-79-36-61-21-82-8-144-11-168-132-70-155-128-176-113-114-127-89-106-124-62-18-34-55-5"
135,63460,100,37365,100825,19,"132-169-6-191-90-131-1-156-198-117-193-54-31-73-136-145-155-152-140-183-130-99-185-179-86-166-194-35-29-0-109-55-34-160-33-11-139-138-182-104-111-143-124-128-176-113-103-89-163-153-81-77-97-82-144-15-3-70-188-147-10-133-135-38-80-190-162-45-5-177-36-61-21-8-25-134-71-51-98-118-74-121-78-175-141-106-62-18-95-148-20-28-40-107-100-63-122-195-168-13"
136,68451,100,42013,110464,20,"62-35-160-33-138-182-90-122-133-10-147-6-168-124-106-103-89-113-166-179-99-185-95-18-0-11-139-118-74-171-177-61-79-21-82-81-77-141-91-36-45-73-31-136-175-78-5-25-134-169-188-155-28-20-60-47-148-94-66-111-8-144-183-140-149-4-152-54-117-193-190-80-145-3-15-70-132-13-195-29-109-34-55-184-189-63-135-131-121-125-191-51-104-143-159-153-163-176-194-86"
137,68424,100,42479,110903,18,"176-167-189-69-29-0-35-109-106-143-41-81-153-127-89-163-195-145-15-152-130-95-13-132-126-168-139-138-25-19-112-121-125-191-147-188-6-169-104-21-61-36-51-90-122-63-100-107-40-70-3-155-28-20-60-47-194-166-113-103-187-77-82-111-55-183-140-148-94-66-179-185-86-141-78-175-80-190-45-5-193-117-1-38-135-131-31-54-177-8-144-128-124-62-160-11-33-34-18-180"
138,65020,100,40834,105854,19,"31-73-136-80-190-193-1-38-63-135-131-121-177-21-143-124-95-130-166-194-114-127-187-153-81-8-82-33-11-188-6-134-182-138-160-35-18-62-55-34-40-107-122-25-104-106-86-185-179-94-47-60-148-5-175-78-36-61-91-141-77-183-20-28-140-152-155-189-0-109-29-145-15-70-3-176-113-103-89-163-111-144-191-90-133-10-147-169-132-195-168-139-74-118-51-120-125-198-117-54"
139,68910,100,43567,112477,17,"94-60-20-109-35-0-29-139-168-195-145-15-13-134-51-25-82-77-141-97-187-163-103-106-143-160-33-49-11-138-182-157-104-8-21-61-36-175-80-190-5-111-55-34-132-169-54-117-198-156-1-144-124-62-18-95-130-183-140-152-122-135-63-107-40-133-147-6-188-70-3-189-73-31-193-136-177-185-86-99-47-148-28-149-4-155-191-90-125-131-121-81-153-113-176-88-194-166-179-66"
140,69086,100,43714,112800,19,"198-135-32-96-122-191-90-125-121-25-177-36-61-18-55-183-140-152-155-3-15-145-13-10-133-163-127-89-103-26-143-109-35-0-29-111-77-97-82-8-104-73-31-193-80-190-21-94-47-60-20-148-99-130-95-34-170-189-70-6-147-51-175-78-141-187-153-124-62-128-86-194-113-176-106-144-160-33-185-179-172-166-81-5-54-1-27-38-63-131-138-11-139-168-195-132-169-188-134-117"
141,72607,100,46446,119053,16,"99-179-66-94-47-60-148-20-28-91-36-61-21-82-143-153-81-111-144-104-25-121-112-139-11-138-182-131-135-122-90-0-35-103-113-194-180-176-31-193-117-54-141-187-146-8-118-51-134-33-160-168-169-188-65-128-86-95-55-34-109-177-78-175-190-80-5-124-62-18-145-6-178-133-10-147-70-155-184-189-170-152-140-183-106-97-77-29-195-132-13-15-3-163-89-127-114-166-185-130"
142,64252,100,37774,102026,20,"140-183-152-34-170-55-18-62-124-194-176-106-159-143-121-131-63-135-122-90-51-118-182-25-177-5-136-73-193-117-147-6-188-169-132-168-139-138-56-104-8-91-79-36-61-21-157-74-134-163-113-103-127-89-77-82-144-11-3-70-155-28-20-60-148-99-185-86-166-179-66-47-94-111-50-81-153-165-187-141-78-190-80-162-175-142-45-54-31-195-145-15-109-35-0-160-33-29-95-130"
143,64958,100,38970,103928,18,"91-79-61-36-5-193-117-190-80-175-78-177-21-143-163-127-89-103-180-195-168-54-31-73-18-183-140-95-166-114-137-165-11-139-74-25-98-118-134-15-155-184-152-55-34-145-132-65-169-13-62-124-176-194-113-77-82-8-104-138-182-121-131-51-90-122-135-63-133-147-6-188-70-3-189-130-99-179-66-94-47-148-60-20-185-86-106-35-109-29-0-33-160-111-81-153-187-146-97-141"
144,70568,100,46438,117006,22,"1-156-198-117-182-139-168-195-73-164-31-193-54-148-47-60-20-183-55-18-34-155-189-0-109-35-77-97-187-127-103-89-124-106-143-81-82-90-133-122-63-40-107-152-140-94-179-166-194-113-163-141-36-175-78-190-80-45-5-177-21-8-160-15-3-70-134-51-147-6-188-169-138-104-144-62-95-130-28-149-29-33-11-145-13-132-121-112-19-25-111-128-185-86-176-153-61-131-135-38"
145,64428,100,40291,104719,19,"29-11-139-118-122-133-10-40-107-63-135-168-95-130-145-13-132-169-134-51-191-90-147-6-188-70-3-15-195-136-80-190-141-187-127-137-114-106-124-143-82-21-61-91-36-5-45-73-54-25-138-33-144-160-104-8-77-113-176-194-166-86-55-34-189-155-184-152-140-183-18-62-128-103-163-89-153-81-111-35-0-121-131-1-198-117-193-31-78-175-177-149-28-20-148-94-179-185-99-109"
146,70653,100,43688,114341,16,"152-184-155-145-168-11-29-149-28-20-148-94-113-103-163-35-0-109-34-170-45-142-78-175-5-177-8-144-160-195-13-132-70-3-15-91-61-36-21-169-188-134-51-131-135-122-90-147-6-84-140-130-99-179-172-166-194-41-111-82-81-176-180-33-121-198-117-31-193-73-54-104-56-55-83-95-185-86-153-141-80-190-25-182-138-89-127-114-137-165-187-97-77-143-18-62-124-106-128-183"
147,69748,100,41722,111470,19,"175-78-5-177-104-138-182-25-158-173-73-164-193-117-198-1-135-102-63-122-191-55-95-185-86-166-163-153-144-11-139-147-178-10-133-190-80-124-62-18-183-140-152-155-40-107-33-160-29-143-127-89-103-113-194-176-106-111-8-131-38-27-156-36-61-91-141-21-121-125-90-51-118-82-97-77-81-0-109-35-34-3-70-15-145-195-168-6-188-169-132-13-134-74-112-54-31-136-45-142"
148,69575,100,44522,114097,19,"54-31-193-117-198-1-63-107-40-133-10-178-34-55-95-130-179-166-194-176-180-18-62-111-190-136-80-36-61-77-81-86-185-22-99-140-183-47-148-20-28-138-182-74-118-163-89-127-114-137-165-187-141-91-177-131-135-122-90-139-11-109-143-35-0-29-195-168-145-170-152-155-3-15-70-6-147-191-51-8-21-78-175-5-134-188-169-33-160-144-104-25-121-112-82-153-103-113-106-124"
149,72817,100,45098,117915,19,"5-193-117-198-25-58-77-141-91-36-61-177-21-82-111-124-106-144-104-182-138-0-35-99-130-95-181-18-109-29-168-195-132-13-34-55-183-140-152-70-169-6-188-134-51-118-81-153-143-159-145-15-3-155-20-148-94-166-114-127-73-54-31-136-45-78-142-121-131-90-191-11-139-190-80-162-175-62-185-86-194-113-88-176-8-135-102-63-122-133-147-33-160-163-103-89-165-187-146-97"
150,64994,100,37518,102512,18,"193-31-73-136-177-171-104-160-33-144-111-8-82-58-81-103-113-176-106-195-168-13-126-51-121-198-117-25-182-138-74-118-98-134-6-188-169-70-3-155-109-35-143-124-128-181-185-95-86-166-194-114-89-127-165-77-91-61-36-141-187-163-153-37-0-49-11-139-122-40-107-63-102-135-29-62-18-55-34-152-183-130-99-179-94-47-148-20-140-21-5-175-190-80-90-147-132-15-145-54"
151,67903,100,41653,109556,19,"121-51-98-125-90-191-147-118-74-33-160-168-126-169-132-70-3-15-176-113-103-187-36-80-190-175-61-77-81-111-8-104-138-134-85-139-11-182-25-135-102-63-122-6-188-155-152-140-183-95-124-106-62-55-18-34-164-73-136-165-137-127-89-163-153-82-21-91-141-194-166-179-94-47-20-148-185-86-143-177-5-45-198-1-16-27-38-131-144-29-0-35-109-195-145-13-31-54-193-117"
152,65455,100,39926,105381,19,"11-29-109-0-160-33-182-121-25-144-111-81-153-89-163-143-35-195-188-169-147-90-51-134-145-15-34-95-185-179-66-94-47-86-128-124-62-18-55-170-152-184-155-3-70-122-63-135-38-27-1-198-117-19-112-168-140-28-20-60-148-183-61-36-80-190-5-177-87-21-82-106-176-166-194-113-91-173-31-54-193-175-78-142-45-136-164-73-141-103-114-137-127-187-97-77-8-104-138-139"
153,72613,100,45060,117673,16,"155-145-195-29-58-97-194-166-114-103-163-33-11-139-118-74-147-6-188-70-28-20-148-47-94-55-18-183-140-4-34-109-138-54-31-193-187-165-137-127-89-144-121-25-177-36-61-91-141-21-13-132-169-134-168-182-136-5-104-160-39-0-35-106-143-111-8-82-50-77-81-124-128-95-130-185-99-179-86-175-78-142-45-190-80-117-131-90-191-51-153-113-176-62-189-15-3-170-152-184"
154,73635,100,47767,121402,19,"121-182-139-74-138-153-163-103-89-127-165-187-141-80-190-47-148-20-28-155-15-145-25-177-36-61-21-82-14-81-111-160-33-195-132-13-29-109-0-144-104-8-77-97-106-124-183-95-185-86-73-31-193-117-135-131-134-43-168-170-152-4-149-140-5-78-142-175-45-51-147-6-188-70-3-189-69-176-113-194-166-143-11-90-133-122-63-40-107-10-169-34-55-18-62-35-54-198-156-1"
155,65452,100,36994,102446,19,"163-103-113-166-172-179-185-86-124-35-109-0-29-189-184-155-15-145-195-168-134-85-74-118-6-70-3-152-140-183-95-194-176-106-147-10-133-178-139-11-54-117-198-1-135-122-131-121-182-138-104-56-164-73-136-45-5-175-78-80-190-193-31-160-34-55-18-62-143-111-144-33-51-191-90-125-25-177-91-141-97-187-165-127-137-114-89-186-153-77-81-82-61-36-21-8-13-132-169-188"
156,68955,100,41406,110361,20,"148-47-185-86-113-103-187-78-175-80-190-136-45-134-188-70-3-155-183-130-95-83-11-139-182-74-118-51-90-125-121-112-158-25-104-8-82-77-81-106-62-18-55-34-189-145-15-13-195-35-143-163-89-127-165-153-168-132-169-160-144-111-21-61-36-5-38-63-135-32-131-177-91-141-176-88-194-166-128-124-73-193-31-54-33-12-0-109-29-138-117-198-156-1-122-147-6-152-140-20"
157,64604,100,39754,104358,20,"138-104-77-97-81-143-170-184-155-189-87-61-36-91-141-146-187-165-89-103-163-153-106-124-28-20-60-94-47-148-145-15-109-35-34-55-18-62-82-21-45-136-193-54-31-73-134-43-139-11-33-144-8-111-0-29-160-177-5-127-137-114-194-166-179-185-176-113-86-95-183-140-152-51-121-90-133-10-122-135-63-38-117-190-80-78-175-168-195-169-132-70-3-188-147-1-156-198-25-182"
158,65503,100,37652,103155,20,"163-187-97-141-91-36-61-8-144-160-195-168-134-121-198-117-193-31-190-80-45-5-177-171-34-140-149-4-170-109-29-139-191-90-169-132-13-145-155-152-183-47-94-179-172-114-137-113-194-166-22-99-185-106-143-81-77-82-21-78-175-73-54-25-28-20-148-130-33-11-138-104-157-182-74-118-51-147-6-188-161-70-3-15-103-89-127-165-153-50-111-0-35-124-62-18-55-95-86-176"
159,65077,100,38188,103265,19,"63-122-170-34-35-12-144-33-160-15-3-70-155-152-183-47-94-66-179-166-194-113-89-103-176-106-143-68-8-31-54-193-117-198-1-135-131-121-25-104-138-11-188-6-147-10-178-133-90-51-118-182-29-0-109-140-149-28-59-20-60-148-185-163-187-136-164-73-177-87-21-36-61-5-45-80-190-175-78-141-77-153-81-58-82-111-124-86-95-18-62-55-145-13-195-139-168-126-132-169"
160,67427,100,41626,109053,16,"73-31-21-8-82-111-35-0-29-160-177-78-175-5-134-65-188-6-147-107-40-10-150-70-3-15-155-34-18-62-176-113-137-114-127-89-165-103-26-178-133-63-38-117-54-138-33-11-182-139-168-195-13-169-132-145-109-143-88-194-166-179-99-183-140-95-185-86-153-80-190-121-51-90-191-122-135-131-1-156-198-193-61-36-141-97-187-163-152-149-4-28-20-148-94-47-124-106-77-136"
161,72556,100,46887,119443,17,"185-95-183-34-0-35-109-140-148-47-94-62-82-142-175-78-36-187-165-127-89-103-113-163-15-3-70-132-13-81-77-141-97-153-86-179-20-28-152-155-145-11-182-138-177-5-45-74-134-6-43-139-136-190-80-38-63-133-147-143-106-91-61-79-21-8-25-121-131-122-135-1-198-117-144-104-118-51-125-90-191-33-160-29-55-18-111-73-164-193-31-54-188-169-195-168-124-176-194-166"
162,66194,100,39564,105758,19,"65-134-85-139-12-0-29-13-132-131-121-118-98-51-90-147-6-169-3-62-194-166-86-185-130-95-128-124-160-33-138-182-25-5-78-175-80-190-45-36-61-91-77-106-34-189-195-168-11-8-21-82-111-18-55-183-47-148-94-179-114-127-187-141-177-73-31-193-156-1-198-117-54-104-144-140-20-28-152-184-155-70-161-15-145-35-109-159-143-153-163-89-103-113-180-176-135-63-122-188"
163,66220,100,38522,104742,21,"66-94-47-148-20-28-152-170-109-144-104-56-160-33-138-171-21-61-36-79-91-141-77-81-82-8-111-39-29-0-35-130-99-185-114-127-89-165-187-153-159-143-54-193-31-117-121-169-132-3-70-15-145-195-168-11-139-118-51-71-147-6-188-140-199-183-182-25-5-142-175-78-106-124-177-45-80-190-135-63-122-90-134-34-55-181-95-86-194-180-176-62-155-184-18-103-163-113-166-179"
164,70063,100,43367,113430,19,"144-160-145-15-0-35-109-170-155-3-6-122-135-193-190-80-78-175-5-62-128-124-143-29-147-10-188-140-94-47-148-20-28-149-70-161-169-132-13-195-168-11-49-33-138-182-121-54-31-164-136-45-91-141-180-176-194-166-106-159-111-82-81-153-103-113-86-185-130-95-183-152-184-189-77-97-187-127-89-163-139-90-191-134-34-18-55-104-73-117-1-131-51-118-25-177-36-61-21-8"
165,72850,100,46100,118950,19,"51-147-70-161-104-21-77-128-86-185-95-18-118-98-121-31-54-73-19-112-6-188-169-132-13-168-139-182-25-156-198-117-193-175-78-142-74-134-140-148-20-28-152-170-35-0-81-153-159-106-124-62-143-111-144-138-90-122-107-40-63-102-135-38-1-131-55-183-130-99-179-166-194-176-113-33-11-195-145-155-34-82-8-160-29-109-189-3-15-136-190-80-163-89-187-141-36-177-5-45"
166,71157,100,45507,116664,19,"183-155-3-70-169-188-6-31-54-73-177-77-89-165-187-141-91-112-121-33-35-185-179-172-99-130-82-45-190-80-162-175-78-5-51-191-90-125-156-42-198-117-193-25-138-11-195-168-145-15-152-140-148-94-47-109-0-144-8-21-61-36-1-63-135-131-104-127-137-114-113-176-194-166-86-55-34-29-139-134-147-178-10-133-107-40-100-122-160-103-163-106-124-62-18-111-81-153-128-95"
167,74988,100,48673,123661,17,"178-139-11-29-0-95-179-172-130-13-132-169-188-6-109-34-55-18-62-127-89-103-86-185-22-99-90-135-122-63-1-198-117-54-140-28-149-4-189-145-195-168-43-182-45-162-80-190-42-156-193-31-25-138-33-35-143-124-106-41-177-175-78-142-51-147-134-21-82-8-15-70-3-155-152-183-148-47-94-166-163-61-36-141-187-153-81-77-5-136-73-112-121-104-111-113-194-176-10-133"
168,62149,100,36983,99132,20,"183-95-86-128-124-139-74-118-25-5-78-175-190-80-162-187-127-103-89-163-11-43-188-6-147-107-40-63-135-131-177-21-82-77-81-106-143-0-35-34-55-18-62-109-29-195-145-15-3-13-168-49-33-160-111-144-104-8-157-138-182-191-90-170-152-184-155-70-132-169-134-51-121-54-73-136-193-31-117-1-122-10-133-36-61-141-153-113-176-166-194-185-99-179-94-148-47-20-28-140"
169,65737,100,39855,105592,19,"166-185-130-152-155-160-144-104-8-33-11-168-195-169-188-6-150-147-90-191-34-55-18-109-0-29-35-153-81-73-31-193-136-179-94-47-148-60-20-140-183-95-86-64-21-177-78-175-142-139-70-3-62-124-106-143-111-82-77-141-36-61-162-190-80-45-5-25-74-118-51-121-112-19-54-117-182-138-131-1-38-63-135-122-133-10-134-132-13-145-15-187-163-89-103-127-114-176-113-194"
170,69029,100,40844,109873,19,"34-55-166-194-113-127-165-187-97-77-141-193-198-156-1-51-182-81-153-163-89-103-176-124-195-168-134-118-74-109-18-83-62-177-5-190-80-162-99-179-185-86-106-159-143-25-121-112-19-78-175-142-45-136-73-111-95-130-140-183-152-170-184-155-189-70-3-15-145-13-82-61-36-21-33-132-6-191-90-131-54-31-117-135-122-133-10-147-188-169-139-11-138-104-8-144-160-29-0-35"
171,75806,100,50687,126493,18,"40-188-70-20-47-148-166-194-117-198-193-31-54-77-97-153-103-114-113-176-140-183-177-45-5-25-195-13-168-142-175-78-21-28-149-132-169-51-131-38-1-121-182-138-43-6-134-61-36-91-141-187-165-127-89-163-143-35-0-82-8-104-145-15-3-155-184-152-34-106-124-29-90-135-102-63-122-109-128-86-95-62-18-55-130-99-94-66-179-185-81-111-160-144-33-11-139-147-133-107"
172,68817,100,43802,112619,19,"74-29-62-99-94-47-148-73-54-31-117-1-135-122-125-51-33-160-144-61-36-91-141-187-89-163-153-81-11-139-138-104-8-82-111-109-35-0-177-5-142-78-175-143-60-20-28-140-183-190-80-193-63-40-70-3-155-152-130-185-95-34-168-195-126-169-188-132-13-145-15-189-184-170-55-18-86-166-48-179-172-194-176-124-106-103-113-114-127-77-21-25-121-131-90-191-147-134-6-118"
173,66637,100,41525,108162,18,"51-18-62-124-106-111-56-144-160-33-138-182-191-90-122-135-190-175-78-5-25-118-139-11-168-132-13-195-29-153-186-163-187-97-77-81-148-20-60-47-94-166-194-113-176-103-114-137-127-89-165-141-61-36-177-31-73-54-104-0-35-109-170-152-155-3-70-15-145-8-82-21-143-55-183-140-28-149-188-10-107-40-100-63-133-147-6-169-34-95-185-179-86-128-134-98-121-193-117-131"
174,68774,100,42852,111626,20,"113-114-137-127-89-103-163-194-166-185-94-47-148-60-20-28-149-122-135-131-157-153-187-141-91-61-36-175-78-142-5-177-21-106-159-143-35-29-49-11-168-139-182-138-25-193-117-198-1-18-62-124-128-86-95-183-140-4-152-170-80-190-90-147-169-15-155-189-3-70-188-6-134-31-54-121-51-118-33-160-195-132-13-145-109-81-77-97-82-8-111-0-144-104-136-73-164-34-55-176"
175,72062,100,45795,117857,17,"0-29-189-152-149-28-35-109-55-62-18-143-8-104-25-121-125-51-90-135-122-133-147-134-11-139-138-182-144-33-160-145-3-15-13-168-195-9-148-47-66-94-179-99-128-78-175-141-153-106-124-194-166-185-86-177-5-45-80-190-163-26-113-176-95-183-70-132-169-188-21-36-61-79-91-34-170-155-131-1-198-117-31-54-82-81-140-199-20-60-172-114-103-127-89-187-97-77-50-111"
176,66780,100,40335,107115,20,"28-70-147-133-63-27-38-1-135-131-45-78-141-187-89-103-64-128-124-144-138-182-139-168-145-15-3-155-184-170-152-34-55-18-86-185-166-194-91-175-190-80-198-156-117-54-121-90-122-100-107-40-10-6-188-140-183-111-82-77-153-127-114-137-165-177-73-31-193-136-5-36-61-21-8-104-33-11-169-132-13-195-81-186-163-26-113-88-176-106-143-160-29-0-109-35-62-95-148-20"
177,73030,100,47792,120822,18,"188-6-122-63-135-131-183-148-60-20-28-140-86-166-194-113-38-27-1-198-193-190-80-175-187-127-89-185-99-130-95-145-15-70-3-34-170-152-184-155-144-8-21-82-111-0-35-109-13-132-169-51-121-117-54-176-64-106-159-143-81-153-163-103-179-66-47-94-195-168-160-33-11-134-147-90-191-139-29-18-55-62-77-61-36-5-136-164-31-73-25-104-138-182-177-91-141-97-124-128"
178,65920,100,40533,106453,17,"175-5-134-188-169-70-140-183-199-20-28-139-168-13-195-132-6-147-117-193-190-80-54-31-34-55-18-62-109-160-33-149-4-9-130-185-166-194-114-137-127-163-152-155-189-11-138-182-121-131-63-135-122-90-191-51-82-77-81-111-143-106-124-128-99-66-94-60-23-148-47-179-172-113-89-103-176-86-95-3-15-145-29-0-35-159-153-187-141-91-61-36-25-118-74-104-144-8-21-177"
179,69999,100,44999,114998,20,"136-73-193-117-31-54-55-148-60-20-28-140-160-144-33-11-139-118-51-134-43-168-195-13-132-161-70-3-15-18-86-194-166-179-66-94-47-183-189-138-5-45-142-21-82-81-176-113-103-127-89-163-90-133-10-147-6-188-78-175-36-61-91-106-124-143-35-0-29-109-34-152-184-155-145-169-121-112-177-104-25-122-40-63-135-8-111-62-95-130-99-185-153-97-77-187-165-141-80-190"
180,71986,100,45904,117890,19,"114-137-127-165-82-8-160-33-29-0-109-149-4-28-199-140-182-25-177-187-89-103-163-111-144-35-34-189-168-73-193-31-54-112-70-3-15-119-153-106-124-128-62-18-159-143-131-135-122-63-38-80-190-175-78-5-36-61-176-86-185-130-183-152-155-145-13-132-169-51-90-133-10-147-188-6-1-198-117-121-118-74-134-195-20-148-166-194-81-77-141-91-21-104-138-11-139-55-95-113"
181,58473,100,32295,90768,24,"142-21-8-56-144-143-106-124-128-62-109-29-139-74-25-36-61-141-97-77-145-195-168-118-121-73-54-31-193-117-198-156-1-135-122-133-10-191-90-51-98-182-138-160-0-35-111-82-81-153-163-89-103-113-176-194-166-94-47-148-130-95-86-185-179-172-57-66-99-55-18-34-3-15-70-155-4-149-28-20-183-140-152-188-147-107-40-6-169-132-13-11-33-104-177-5-80-190-175-78"
182,64910,100,39430,104340,18,"35-6-188-169-132-29-0-15-3-189-167-184-155-70-147-51-142-78-175-190-80-193-31-73-54-152-28-20-148-94-47-185-179-166-194-113-176-86-95-183-55-34-109-145-13-168-195-139-182-25-45-5-177-21-82-124-18-62-11-112-121-131-117-198-156-1-63-135-122-90-118-187-165-163-89-127-137-114-103-128-106-153-81-77-141-36-61-8-140-149-4-170-144-104-138-33-160-111-143-159"
183,64311,100,40920,105231,19,"95-18-55-34-147-122-135-131-138-104-8-21-36-61-91-141-77-153-81-29-195-13-145-189-148-47-94-113-163-165-187-78-175-5-193-117-6-188-70-152-140-149-28-20-60-183-35-33-11-139-168-15-3-155-184-170-109-0-160-144-111-143-106-185-86-166-194-176-82-177-25-118-51-90-133-107-100-40-63-38-1-198-190-80-31-54-121-134-169-132-62-124-114-137-127-89-103-179-99-130"
184,69628,100,41675,111303,19,"70-132-169-188-160-144-8-111-77-97-141-82-21-5-45-136-164-73-3-155-152-140-28-20-183-34-6-147-115-178-10-133-122-90-25-177-61-91-36-78-175-142-31-54-156-1-135-182-104-103-176-113-194-166-185-99-130-95-86-128-62-109-139-134-74-118-187-127-165-89-163-153-121-131-198-117-193-80-190-162-143-106-124-35-138-19-112-51-168-195-29-0-33-11-13-145-15-189-18-55"
185,79217,100,52619,131836,19,"134-98-51-90-122-133-178-10-124-86-185-179-166-153-77-21-82-111-106-95-130-18-62-118-74-104-187-165-163-160-33-144-8-91-141-61-36-136-73-81-176-194-189-3-15-70-155-152-170-162-80-190-25-182-138-45-5-177-183-20-28-140-168-139-11-34-55-132-6-147-191-131-142-78-175-35-0-109-29-63-135-1-198-117-193-31-54-121-188-169-195-143-103-89-127-114-113-145-13-126"
186,67248,100,40980,108228,17,"156-117-193-131-135-122-133-147-6-188-169-132-168-82-91-61-21-8-15-145-109-143-106-124-20-148-47-194-113-127-89-103-62-18-55-170-152-155-134-31-54-73-141-97-187-163-180-166-179-94-66-99-130-95-177-5-121-90-51-153-176-86-185-83-35-0-160-33-139-11-138-136-80-190-45-142-78-175-36-77-81-111-195-13-70-161-3-140-183-34-29-104-25-112-19-151-198-1-38-27"
187,70736,100,43525,114261,19,"132-13-143-81-97-77-82-8-145-15-70-3-195-168-136-80-190-86-185-130-95-128-124-106-41-153-127-89-11-139-182-19-112-121-134-155-34-55-18-62-194-176-113-26-114-137-165-187-141-175-78-45-125-90-191-133-10-147-6-0-35-144-54-31-193-73-5-36-61-177-117-198-1-27-38-25-104-111-163-103-166-183-140-152-109-29-51-122-40-107-63-102-135-131-138-160-33-43-188-169"
188,69300,100,43472,112772,20,"29-8-36-61-91-141-106-124-35-138-182-25-139-47-94-148-20-28-149-147-51-131-1-156-42-198-117-193-34-18-62-55-140-183-170-152-155-15-11-33-160-144-177-136-190-80-21-87-104-134-6-188-70-3-161-132-169-126-195-168-5-175-78-95-130-185-179-166-114-103-127-89-163-187-38-63-135-122-90-125-121-112-31-54-73-13-145-86-194-113-176-180-153-81-77-97-82-111-0-109"
189,67522,100,42974,110496,18,"60-148-47-94-29-138-182-11-139-34-106-143-77-141-21-54-117-193-31-73-45-175-78-162-190-80-136-158-195-168-134-104-144-33-160-176-194-86-124-62-18-55-189-70-3-15-145-8-82-81-113-166-179-185-130-95-103-89-163-153-111-0-109-35-170-152-155-13-51-90-121-131-63-135-1-198-165-127-187-61-36-5-142-177-25-98-132-169-188-6-147-122-100-40-107-133-10-183-140-20"
190,62906,100,36442,99348,23,"61-45-80-190-193-164-31-54-195-145-15-70-3-155-184-34-124-106-143-81-77-141-187-113-140-28-149-188-6-147-71-134-169-132-13-168-139-11-160-111-153-89-127-163-35-0-109-170-152-183-179-172-66-94-47-148-60-20-99-185-130-95-55-18-62-82-78-175-142-5-177-171-25-19-112-121-176-194-166-86-29-33-138-182-51-191-90-122-135-63-1-117-73-104-144-8-21-91-79-36"
191,67885,100,41256,109141,20,"81-8-104-144-12-35-0-109-29-193-117-198-121-6-188-169-132-126-13-145-130-95-86-185-179-94-47-124-21-80-190-163-103-106-143-134-85-118-51-74-139-148-60-20-28-149-4-152-184-155-15-3-70-147-191-90-133-122-135-131-182-138-82-141-77-153-113-166-194-176-111-160-33-11-168-195-189-62-18-55-183-140-170-34-73-54-31-164-136-45-175-142-78-5-177-36-61-187-89-127"
192,67855,100,40971,108826,21,"91-141-187-163-153-132-169-70-34-55-130-99-66-94-179-185-124-35-0-29-33-122-63-135-131-139-11-138-182-45-142-5-104-144-160-37-111-8-56-82-77-81-194-166-86-62-18-183-28-140-152-188-147-71-120-51-109-143-176-113-103-127-89-25-121-1-198-117-193-54-31-36-61-78-175-190-80-136-164-73-21-87-106-95-47-148-20-155-3-15-145-13-126-195-168-134-191-90-125-177"
193,72520,100,47101,119621,18,"0-12-29-109-35-130-99-94-47-148-20-86-176-103-127-165-89-163-155-3-188-147-6-185-179-172-166-190-80-193-198-117-118-134-195-168-69-177-5-78-175-55-18-34-189-11-139-10-133-122-63-1-8-137-114-113-194-95-183-140-152-51-90-135-131-121-25-33-160-145-15-70-161-13-132-169-182-138-36-61-91-141-187-106-124-128-62-143-111-144-104-54-31-73-136-21-82-77-81-153"
194,66983,100,41904,108887,17,"34-70-3-15-145-109-35-0-29-13-195-168-139-104-144-8-111-187-165-127-89-137-114-179-172-99-130-95-86-185-166-194-113-103-91-61-36-198-1-63-135-32-122-169-132-87-21-78-175-136-193-117-131-134-188-6-147-90-51-118-25-82-141-77-81-94-47-60-148-20-28-128-124-106-143-54-31-164-73-155-152-140-183-176-163-153-112-121-19-80-190-5-177-138-11-33-160-62-55-18"
195,61556,100,36788,98344,19,"47-148-20-60-28-149-4-61-36-177-121-51-90-191-122-133-147-6-188-169-13-132-70-3-155-184-170-152-189-15-145-195-168-134-11-139-29-0-160-33-138-182-8-21-82-109-35-128-124-106-143-41-81-77-153-163-89-127-114-166-86-179-99-185-130-95-62-18-55-34-140-183-194-103-187-141-5-73-31-193-80-190-45-142-175-78-113-176-111-144-104-131-135-63-1-156-198-117-54-94"
196,65468,100,38395,103863,19,"77-11-195-13-169-188-6-147-10-107-40-63-27-38-16-1-124-128-106-41-111-182-138-33-160-144-29-109-0-35-143-159-163-127-89-103-113-194-176-141-36-61-21-82-8-56-104-25-177-95-130-99-185-86-166-172-179-170-155-3-15-34-55-174-140-183-152-70-132-121-131-135-122-133-191-90-51-134-43-18-62-145-168-139-5-175-190-80-31-164-193-156-198-117-54-73-187-165-153-81"
197,65326,100,36357,101683,20,"183-140-28-152-184-155-189-34-18-62-176-180-106-143-109-11-139-182-138-104-8-68-124-128-95-86-113-103-127-165-187-97-77-144-49-168-169-132-161-70-3-145-15-13-195-82-61-36-175-190-117-193-121-118-74-50-81-119-35-0-29-160-33-177-5-73-54-31-55-20-60-47-148-94-66-179-172-137-114-89-163-111-134-51-125-191-90-147-6-188-25-21-91-141-153-186-194-166-185-130"
198,68975,100,43797,112772,22,"34-155-132-169-134-139-104-82-97-77-18-55-189-32-135-131-103-114-113-138-11-33-160-29-39-0-183-140-20-148-28-149-152-144-8-21-177-5-78-142-175-45-121-133-10-122-63-38-27-1-117-198-193-31-54-73-25-153-163-127-89-187-141-80-190-36-61-176-194-166-179-94-47-99-185-95-118-51-191-90-147-6-188-195-168-13-70-3-15-145-111-81-86-128-124-109-35-143-106-62"
199,64983,100,40467,105450,20,"104-21-91-141-97-187-127-114-113-176-166-86-124-29-160-33-138-11-139-74-118-25-5-78-175-142-190-80-193-73-82-106-185-130-95-152-147-107-40-63-122-133-90-51-131-135-38-1-156-143-103-89-163-153-81-77-61-36-45-136-164-54-31-140-28-148-66-94-47-60-20-183-62-35-109-0-189-155-70-3-15-145-13-168-195-134-121-117-198-177-8-111-18-55-34-132-169-188-6-182"
200,64151,100,38512,102663,20,"153-81-29-195-168-145-34-55-183-94-99-130-95-185-86-194-176-18-62-172-179-166-113-163-111-144-33-160-138-11-139-134-178-10-133-147-6-152-149-28-148-47-60-20-140-170-74-118-90-122-135-1-117-193-31-54-164-187-89-127-103-106-124-159-143-21-177-5-45-136-73-104-8-82-141-36-61-175-78-80-190-0-35-109-189-184-155-15-3-70-13-132-169-188-51-125-131-121-25-77"
