SolutionID,TotalCost,NumNodes,TotalDistance,ObjectiveFunction,TotalRunningTime,Cycle
1,76141,100,22203,98344,22,"62-9-148-94-99-182-63-79-80-133-151-162-123-149-131-65-116-59-72-51-176-137-23-186-89-183-0-46-198-115-139-41-193-159-69-108-18-22-146-34-54-48-160-181-42-43-184-177-4-112-29-127-70-135-173-180-154-158-53-121-86-75-101-1-97-152-2-120-44-25-78-31-16-171-175-113-56-85-157-196-81-90-165-119-40-185-179-145-92-129-57-55-52-106-178-3-138-14-49-144"
2,77122,100,24634,101756,17,"41-193-159-42-43-77-105-116-65-47-149-59-118-51-66-176-80-137-183-89-144-14-138-178-49-62-9-148-167-111-124-94-152-97-100-101-1-2-92-57-55-52-106-185-40-165-7-164-27-90-81-145-78-31-85-56-113-175-171-16-44-120-75-86-53-182-63-79-133-151-162-180-158-154-135-70-127-123-112-4-184-10-177-54-48-160-34-181-195-146-22-18-108-117-143-0-46-198-115-139"
3,78697,100,22883,101580,17,"145-92-57-55-52-178-106-185-40-165-39-90-27-164-14-49-102-144-61-62-9-148-111-12-137-23-186-89-183-143-0-117-18-22-159-193-41-139-46-115-116-43-42-181-34-30-54-177-48-160-28-184-84-4-112-166-65-59-51-66-176-80-79-133-151-162-123-127-70-135-154-180-158-53-86-75-101-1-97-26-121-136-63-94-124-152-74-125-87-2-129-120-44-25-16-171-175-113-31-78"
4,78989,100,24195,103184,16,"52-55-185-165-90-40-196-113-175-171-16-31-78-145-92-44-120-2-152-97-1-101-75-86-26-121-94-186-23-137-60-109-51-176-80-79-63-53-158-154-180-133-151-162-135-6-70-127-123-149-131-184-112-4-10-177-54-160-34-181-146-22-159-193-41-42-43-77-47-65-116-197-59-118-115-46-139-18-108-93-117-0-143-183-89-64-15-148-37-9-62-102-49-144-155-14-138-32-178-106"
5,79260,100,22944,102204,17,"75-150-101-1-97-19-152-87-2-120-44-25-78-16-88-171-175-113-56-13-31-157-196-169-81-90-27-39-165-40-185-106-3-178-52-55-57-179-145-92-129-172-49-102-14-144-62-9-148-12-94-63-122-80-79-133-162-161-151-51-176-137-89-183-143-117-0-46-118-59-65-116-43-115-139-68-108-18-22-159-193-41-42-34-160-184-177-4-112-149-123-127-70-135-154-180-53-121-100-86"
6,74496,100,22900,97396,18,"42-5-96-115-46-139-41-193-159-146-103-22-18-69-108-140-93-117-0-143-183-89-186-23-137-51-176-80-79-63-94-152-2-129-92-57-55-52-106-178-3-49-102-37-148-9-62-144-14-138-21-164-27-90-39-165-185-40-81-145-78-31-113-175-171-16-25-44-120-75-86-101-1-97-26-100-53-182-136-180-154-135-123-162-133-151-59-65-116-43-77-149-112-84-184-177-54-34-160-192"
7,74480,100,23263,97743,17,"78-145-92-129-57-52-185-40-81-90-165-106-178-49-14-144-62-9-114-186-23-137-76-89-183-143-117-93-140-108-69-18-22-146-159-193-41-139-68-0-46-115-96-5-181-34-160-48-54-30-177-10-4-112-84-184-42-43-116-65-59-118-51-176-80-122-79-133-151-162-123-127-70-135-154-180-53-136-63-94-124-111-148-37-167-152-97-26-86-75-101-1-2-120-44-16-171-175-113-31"
8,75059,100,22836,97895,18,"122-63-94-121-100-86-75-101-1-97-152-2-129-120-44-25-16-171-175-113-31-78-145-92-57-52-178-106-185-40-90-27-71-164-7-95-39-165-138-14-144-49-102-62-9-148-137-23-89-183-153-0-143-117-93-140-46-115-139-41-193-159-108-18-22-146-34-181-42-116-105-43-160-48-54-177-184-84-4-112-131-149-65-59-151-162-123-127-70-135-6-154-180-158-53-136-133-79-80-176"
9,79406,100,23980,103386,18,"127-123-162-151-118-51-176-80-133-79-122-63-94-182-180-173-135-70-154-53-100-86-75-150-101-1-97-152-2-120-44-16-171-175-113-31-157-81-169-196-145-78-92-129-57-52-178-106-185-40-119-165-90-27-164-7-21-14-49-102-155-144-73-62-9-128-37-148-12-137-23-186-89-183-143-0-117-93-108-18-139-46-115-197-59-116-65-47-43-42-41-193-159-22-146-181-34-160-184-112"
10,77903,100,23299,101202,20,"185-40-165-90-27-39-138-14-144-62-9-148-167-49-3-178-106-52-55-57-92-129-74-152-97-121-94-63-79-133-151-80-176-137-23-186-89-183-143-0-117-68-46-198-115-139-18-22-146-159-193-41-5-42-43-166-184-48-160-34-30-54-177-4-112-131-65-116-59-162-123-127-70-135-154-180-158-53-182-86-75-101-1-2-120-44-78-145-91-168-31-16-88-171-175-113-56-157-81-196"
11,77096,100,23089,100185,18,"72-149-131-65-59-109-51-176-80-79-122-63-94-124-189-121-53-100-86-75-101-1-97-152-2-120-44-25-129-92-145-78-16-171-175-113-56-31-196-169-81-187-90-27-40-185-165-14-144-102-49-178-106-52-55-57-167-62-9-37-148-137-23-89-183-143-0-117-93-140-46-115-139-41-193-159-69-108-18-22-34-160-42-116-105-77-43-184-84-112-123-127-70-135-154-180-173-133-162-151"
12,75546,100,22336,97882,19,"120-44-25-78-145-168-31-16-88-171-175-113-56-85-157-196-81-90-27-165-40-185-57-55-52-106-178-49-14-155-144-62-9-37-148-137-23-89-183-143-0-117-93-46-115-59-118-51-176-12-94-63-79-80-133-151-162-149-65-116-43-42-96-139-41-193-159-18-22-146-181-34-160-48-54-177-10-184-84-112-123-127-70-135-154-180-53-121-26-100-86-75-101-1-97-152-74-2-129-92"
13,79116,100,24198,103314,19,"197-59-51-176-80-79-63-94-148-9-62-102-49-52-106-178-14-144-21-164-90-165-185-40-81-145-92-78-31-113-175-171-16-44-120-2-75-101-86-26-97-1-152-189-99-53-136-180-154-135-70-127-123-194-133-151-162-131-77-65-116-105-43-184-190-10-177-54-48-160-34-181-192-42-5-139-110-191-41-193-159-195-146-22-18-69-108-140-93-117-0-143-183-89-114-186-23-137-46-115"
14,76984,100,23971,100955,20,"108-18-22-146-159-193-41-5-42-43-28-35-184-160-181-34-48-54-177-10-4-112-24-123-127-70-135-154-180-158-53-182-133-79-63-94-124-152-97-1-101-86-75-2-120-44-129-57-92-145-78-16-171-175-113-31-196-81-90-27-164-165-40-185-55-52-106-178-3-49-14-144-62-9-37-148-15-186-89-183-143-117-0-137-80-176-66-141-51-151-161-162-72-59-65-47-116-115-46-139"
15,75751,100,23242,98993,18,"127-112-84-184-190-10-177-54-48-34-160-192-77-131-24-123-162-133-151-51-59-65-116-43-42-181-41-193-159-195-146-22-18-108-69-139-115-46-68-93-117-0-143-183-89-23-137-176-80-79-63-94-152-2-129-92-57-55-52-106-178-3-49-128-148-9-62-144-14-138-21-7-164-58-27-90-39-165-119-40-185-169-145-78-31-113-175-171-16-44-120-75-101-1-97-53-180-154-135-70"
16,77266,100,23086,100352,15,"55-52-178-3-106-185-40-165-90-27-164-21-14-144-62-9-49-128-167-148-137-183-143-0-117-93-108-69-18-22-146-159-193-41-181-42-43-116-65-197-115-139-110-68-46-60-118-59-72-51-176-80-122-94-63-79-133-151-162-149-11-184-160-34-48-54-177-10-190-4-112-123-135-154-180-182-53-86-75-101-1-97-152-2-82-120-44-25-16-171-175-113-56-13-31-78-145-92-129-57"
17,79994,100,23880,103874,15,"14-144-102-62-9-15-186-89-183-23-137-148-130-94-152-74-1-97-19-99-136-63-79-80-176-133-151-51-109-118-59-115-46-0-143-117-139-41-193-159-22-146-34-181-96-5-42-160-48-54-177-10-190-4-112-35-184-43-116-65-131-123-162-127-70-135-154-180-53-121-26-100-86-101-150-75-2-120-44-92-145-78-16-171-175-90-27-164-7-165-119-40-185-57-55-52-106-178-49-138"
18,79548,100,24183,103731,16,"75-101-1-152-97-53-154-70-135-180-63-79-80-176-66-51-151-133-162-161-149-123-127-112-131-47-65-116-105-43-42-5-41-193-181-160-184-10-177-54-48-34-146-22-159-18-108-139-46-115-197-59-60-0-140-93-117-143-183-89-137-94-148-37-33-9-62-102-144-14-138-49-178-106-52-55-185-40-119-165-27-90-81-169-196-31-85-56-113-175-171-16-78-145-92-57-129-44-25-120"
19,78990,100,23700,102690,14,"116-43-115-139-110-198-46-68-0-117-93-140-108-69-18-22-159-193-41-96-5-42-160-34-54-177-184-84-4-112-127-70-135-154-180-53-136-121-26-86-101-150-75-120-44-78-16-171-175-113-31-196-81-40-165-185-106-178-14-144-114-186-23-89-183-143-153-137-148-9-62-49-52-55-145-92-2-1-97-74-152-189-94-63-79-133-80-176-66-51-60-118-59-151-162-123-149-131-47-65"
20,75759,100,23227,98986,16,"180-154-135-70-127-123-156-112-4-184-190-10-177-54-48-160-34-181-42-43-47-65-116-115-139-41-193-159-146-22-18-69-108-67-140-93-117-143-183-89-186-23-137-0-68-46-60-59-118-109-51-176-80-151-162-133-79-63-182-121-94-97-1-152-2-129-92-57-55-52-106-178-49-102-148-9-62-61-144-14-138-165-90-81-196-40-185-145-78-113-175-171-16-25-44-120-75-101-86-53"
21,75350,100,24351,99701,16,"165-185-40-81-90-164-21-144-62-9-15-148-33-167-124-94-130-80-176-137-23-186-114-89-183-143-117-0-46-139-108-18-22-159-193-41-115-5-42-160-34-48-54-177-10-184-84-112-35-43-116-65-59-72-109-51-151-162-123-127-70-135-154-180-133-79-122-63-189-152-1-97-26-53-86-101-75-2-120-44-25-16-171-175-113-56-31-78-145-179-92-129-57-55-52-106-178-49-14-138"
22,79977,100,24379,104356,16,"63-189-19-94-130-124-167-152-97-1-101-86-75-2-120-44-129-92-145-78-16-171-175-113-31-90-165-40-185-57-55-52-106-178-138-14-32-49-102-155-144-61-62-9-148-186-23-89-183-143-117-93-0-137-80-176-66-51-109-151-133-162-59-115-46-139-191-41-5-42-43-105-116-65-149-184-160-181-193-159-108-18-22-146-103-34-54-177-10-190-4-112-123-127-135-154-180-53-182-79"
23,76874,100,22682,99556,15,"183-143-117-108-18-22-159-193-41-139-46-115-43-42-160-34-48-54-177-10-184-131-65-47-105-116-59-118-109-51-151-133-162-123-127-70-135-154-180-158-53-121-136-63-79-80-176-130-94-19-100-26-86-101-1-97-152-2-75-120-44-25-16-171-175-113-56-31-196-81-90-27-164-165-8-40-185-179-145-78-92-129-57-55-52-106-178-3-49-14-144-62-9-33-148-111-12-137-23-89"
24,81696,100,23014,104710,16,"92-57-179-145-78-31-113-175-171-16-25-44-120-75-101-86-100-26-1-97-19-94-136-53-180-154-173-135-70-127-29-123-162-45-151-59-65-116-42-43-131-35-112-4-190-10-177-54-48-184-160-34-22-193-41-139-115-46-51-133-79-63-80-176-137-23-183-89-186-148-37-33-9-62-61-102-49-14-144-21-164-90-81-196-169-185-40-119-165-8-106-178-52-55-125-74-152-2-82-129"
25,77955,100,23339,101294,15,"63-121-86-75-101-1-97-189-94-12-124-152-2-129-82-120-44-16-88-171-175-113-56-85-31-78-145-179-92-57-55-52-178-106-185-165-119-40-81-90-27-164-21-144-155-14-49-102-62-9-148-15-114-186-23-89-183-143-0-137-80-176-66-51-60-118-59-115-139-46-117-93-108-18-193-41-22-146-34-160-184-42-43-116-65-131-149-123-127-70-135-154-158-53-180-162-151-133-79-122"
26,78811,100,23031,101842,14,"159-193-41-139-18-108-140-93-117-143-183-89-23-186-62-9-148-167-49-144-73-14-32-178-106-52-55-57-92-145-78-168-179-91-185-40-119-165-90-81-196-38-31-85-13-56-113-175-171-16-44-120-82-129-2-75-86-100-101-1-97-152-94-130-122-79-63-53-158-180-154-135-70-127-123-162-151-133-80-176-137-0-46-115-59-116-65-131-77-43-42-184-177-54-160-34-181-195-146-22"
27,75755,100,25414,101169,17,"46-115-139-41-193-69-108-18-159-195-22-146-34-160-181-42-5-116-59-65-43-184-54-177-10-4-112-127-123-162-133-151-51-176-80-79-180-173-135-70-154-53-100-26-86-75-101-1-97-152-74-2-120-44-25-16-171-175-113-31-157-78-145-179-92-129-57-185-119-40-81-90-27-164-165-138-14-3-178-106-52-55-167-94-63-122-137-148-49-102-144-62-9-186-23-89-183-143-117-0"
28,79456,100,22968,102424,15,"9-148-23-89-183-143-0-137-80-176-66-51-151-72-59-197-115-46-198-139-108-18-22-159-193-41-42-181-34-160-48-54-177-10-190-184-11-43-116-65-47-123-127-135-162-45-133-79-63-180-154-158-53-182-94-189-99-26-100-86-101-1-97-152-74-2-75-120-44-16-171-175-113-31-78-145-92-57-55-52-178-106-185-165-40-196-81-90-27-71-164-7-21-14-138-32-49-102-144-62"
29,79082,100,24944,104026,16,"86-53-121-100-26-97-152-129-57-92-78-145-40-165-8-185-52-106-178-14-49-102-62-9-37-148-12-94-63-122-79-80-176-141-0-46-115-60-51-72-118-59-116-43-42-184-28-65-161-162-151-133-180-154-135-70-127-123-112-4-177-54-48-160-34-146-22-193-41-139-140-93-117-143-183-89-23-137-186-144-21-164-27-90-81-196-157-31-56-113-175-171-16-25-44-120-2-1-101-75"
30,79202,100,25511,104713,17,"86-75-101-97-1-2-82-120-44-25-16-171-175-113-90-27-39-164-7-21-144-155-62-9-15-186-23-137-148-37-33-49-14-165-40-185-106-178-52-55-57-179-145-78-92-129-152-94-63-122-176-80-79-133-161-162-151-51-72-59-115-139-198-46-0-89-183-143-117-93-108-18-193-41-116-65-105-77-43-28-42-159-22-146-34-160-184-48-54-177-10-4-112-123-127-70-135-154-180-53"
31,76302,100,23567,99869,16,"78-145-185-40-165-90-27-164-21-144-64-114-186-15-148-37-9-62-49-14-138-3-178-106-52-55-57-92-129-2-87-152-94-63-79-133-162-151-80-176-66-137-23-89-183-143-0-117-68-46-60-51-118-59-65-149-77-43-116-115-139-18-22-159-193-41-96-42-160-34-54-177-10-190-184-35-84-4-112-123-127-70-135-154-180-158-53-26-97-1-101-86-75-120-44-16-171-175-113-31"
32,80021,100,25242,105263,16,"78-25-44-120-92-57-179-91-185-32-14-49-3-178-106-52-55-167-176-80-133-79-63-94-189-152-74-2-75-150-86-101-1-97-100-53-180-154-135-70-127-123-112-4-84-35-184-177-54-34-160-42-41-139-110-193-159-22-18-108-68-46-198-115-43-116-65-59-162-151-51-137-0-143-183-89-23-148-37-9-62-61-144-21-7-164-165-119-40-90-81-196-31-56-113-175-171-16-38-145"
33,77885,100,23818,101703,15,"111-128-152-97-1-101-86-75-2-82-120-44-16-171-175-113-31-78-145-92-57-55-52-185-40-90-164-7-95-165-106-178-3-14-155-144-49-102-62-9-148-186-89-183-23-137-176-80-133-162-151-72-51-118-59-115-191-139-198-46-0-143-117-93-108-69-18-193-41-159-195-22-146-103-34-160-181-42-43-116-65-47-131-149-84-184-54-177-4-112-123-127-135-154-180-53-99-63-79-94"
34,80372,100,24550,104922,15,"54-48-34-160-42-5-43-105-116-47-65-59-115-139-41-193-22-18-108-117-46-60-109-51-176-137-0-143-183-89-23-186-148-9-62-73-144-14-49-178-106-52-55-185-40-165-164-27-90-81-145-31-113-175-171-16-25-44-120-78-92-129-2-125-152-97-1-101-75-86-100-26-19-53-154-70-135-6-180-63-94-12-80-79-133-151-162-161-123-127-126-112-4-84-35-28-184-190-10-177"
35,77745,100,22899,100644,15,"159-22-146-34-160-54-177-10-184-28-11-84-4-112-127-70-135-154-53-180-133-151-162-123-131-43-42-116-105-47-65-59-109-51-176-80-79-63-189-94-111-152-97-1-101-26-100-86-75-2-120-44-25-16-171-175-113-56-31-78-145-92-57-52-185-40-81-90-165-106-49-14-144-102-62-9-37-148-15-64-186-137-23-89-183-143-0-117-93-140-67-108-18-69-163-139-46-115-41-193"
36,78326,100,22719,101045,16,"148-186-23-89-183-143-0-137-176-80-79-133-51-109-72-151-45-162-149-11-35-84-184-48-160-42-5-43-105-116-65-59-118-115-46-198-139-41-193-159-22-34-54-177-10-190-4-112-123-127-70-135-6-154-158-53-180-63-12-124-94-189-121-100-97-1-101-86-75-2-152-172-52-55-57-129-92-179-145-78-25-120-44-16-171-175-113-31-81-90-165-40-185-106-178-49-14-144-62-9"
37,78432,100,23086,101518,16,"140-68-46-139-115-59-65-116-43-28-184-160-181-42-5-41-193-22-146-34-48-54-177-10-123-127-70-135-194-162-151-133-79-180-154-53-136-182-99-97-1-101-86-75-120-44-25-16-171-175-113-31-157-78-145-92-129-57-52-178-106-8-165-119-40-185-196-81-90-27-164-7-21-73-144-14-138-49-102-62-9-148-167-172-2-152-19-94-63-80-176-137-23-89-183-143-170-0-117-93"
38,76157,100,23445,99602,17,"182-189-26-97-101-86-75-1-152-87-2-129-82-120-44-16-171-175-113-31-157-78-145-92-57-55-52-178-106-185-40-165-90-27-164-7-21-144-14-49-102-62-9-15-148-37-128-94-63-79-80-176-133-162-45-151-51-59-149-65-116-43-42-5-115-46-0-137-89-183-143-117-93-140-108-18-69-68-139-41-193-159-22-146-34-160-54-177-184-84-112-123-127-70-135-154-180-158-53-136"
39,75883,100,23758,99641,16,"128-167-111-148-137-176-80-94-124-189-100-97-1-152-2-120-75-101-86-53-180-154-135-63-79-133-162-151-51-59-65-131-123-35-184-177-54-34-160-42-5-43-116-115-46-139-41-193-159-146-22-18-108-93-117-0-143-183-89-23-186-114-15-9-62-144-155-49-14-138-3-178-106-8-185-40-119-165-39-164-27-90-81-196-31-56-113-175-171-16-44-25-78-145-179-92-129-57-55-52"
40,77079,100,24076,101155,16,"129-92-57-55-52-106-178-49-14-144-61-62-9-148-137-183-143-0-117-68-110-139-46-115-96-43-42-5-181-41-193-159-108-18-22-146-195-34-160-54-30-177-10-184-4-112-131-65-116-59-51-176-80-122-63-79-133-151-72-162-123-127-70-135-154-180-53-86-26-97-19-94-152-1-101-75-87-2-120-44-16-171-175-113-31-196-81-90-27-71-164-7-95-39-165-40-185-145-78-82"
41,79839,100,22724,102563,16,"31-157-78-145-92-57-55-52-196-81-90-27-39-165-40-185-8-106-178-3-138-14-49-102-144-73-61-62-9-148-167-111-94-19-189-136-63-79-133-80-176-137-183-143-117-0-46-139-115-59-151-162-24-47-65-116-105-43-42-181-41-193-159-199-69-108-18-22-34-160-54-177-10-190-184-11-84-4-112-123-135-154-180-53-86-75-101-1-97-152-2-120-44-25-16-171-175-113-56-13"
42,75602,100,23585,99187,16,"139-115-46-0-143-183-89-23-137-186-114-15-148-37-9-62-144-21-164-27-90-165-40-185-106-14-49-3-178-52-55-57-92-145-78-113-175-171-16-25-44-120-82-129-2-152-1-101-75-86-97-26-100-99-94-189-121-182-53-158-154-180-63-122-176-80-79-133-151-51-59-162-135-70-127-123-112-4-84-149-65-116-105-43-5-42-181-160-184-10-177-54-34-146-22-18-108-159-193-41"
43,75777,100,23509,99286,15,"14-144-62-9-186-89-183-23-137-148-94-189-63-79-133-162-151-80-176-51-60-59-65-43-116-197-115-41-193-159-139-198-46-0-143-117-93-140-108-69-18-22-146-34-181-42-184-160-48-54-30-177-10-4-112-123-127-70-135-154-180-53-136-121-26-97-152-1-101-86-75-2-120-44-78-16-171-175-113-56-13-31-196-81-90-27-165-40-185-91-145-92-129-57-55-52-106-178-3-49"
44,75804,100,23063,98867,16,"101-100-97-1-152-2-120-44-25-16-171-175-113-31-78-145-92-129-57-55-52-185-40-90-27-164-7-39-165-106-178-3-49-14-144-62-9-15-37-148-12-94-63-122-79-133-162-151-80-176-137-23-89-183-143-0-117-93-140-69-18-108-67-68-46-51-59-65-47-116-105-43-5-115-139-191-41-193-159-22-34-181-42-160-54-177-10-190-184-24-123-127-70-135-154-180-136-53-86-75"
45,81536,100,23937,105473,15,"42-41-193-139-46-108-18-22-34-160-48-54-30-177-10-190-126-112-4-84-184-43-77-105-116-65-47-162-133-173-194-123-127-70-135-154-180-53-136-121-26-86-75-101-97-1-2-152-111-128-178-106-52-55-57-92-145-78-120-44-16-171-175-113-56-85-31-196-81-90-27-165-40-185-32-14-144-49-102-62-9-148-124-94-63-122-79-80-137-23-186-89-183-176-151-51-109-60-59-115"
46,77876,100,22240,100116,15,"115-139-191-41-193-159-69-108-18-20-22-146-34-54-177-160-42-43-116-197-59-65-105-77-166-184-84-4-112-35-11-131-149-123-127-162-151-133-79-63-182-136-180-135-154-158-53-86-75-101-1-97-152-2-120-92-57-55-145-78-25-44-16-171-175-113-56-31-196-81-90-165-40-185-52-106-178-3-49-14-144-62-9-37-148-124-94-122-80-176-51-66-137-23-186-89-183-143-0-46"
47,77236,100,23410,100646,15,"30-177-10-4-112-84-184-28-160-42-5-43-105-116-65-131-123-127-70-135-162-151-59-51-66-176-80-122-79-133-180-154-53-136-63-94-172-52-55-57-179-145-78-92-129-2-74-152-97-100-1-101-86-75-120-44-16-171-175-113-31-81-90-27-165-119-40-185-106-178-49-102-14-144-61-62-9-37-148-137-89-183-143-0-117-68-46-115-139-41-193-159-108-18-22-146-181-34-48-54"
48,76399,100,24646,101045,15,"148-137-23-186-89-183-153-0-143-117-93-108-18-22-159-193-139-68-46-115-118-51-59-65-47-116-105-43-42-5-41-181-34-160-184-54-177-10-112-4-84-127-123-162-151-176-80-79-133-135-70-154-180-158-53-121-86-101-75-2-152-1-97-19-99-182-63-94-178-52-55-57-92-129-120-44-25-145-78-16-171-175-113-31-157-81-196-185-40-90-27-165-106-14-144-155-49-102-62-9"
49,74403,100,23519,97922,18,"186-15-144-14-138-165-90-81-40-185-55-52-106-178-3-49-62-9-148-167-152-2-129-92-57-179-145-38-31-56-113-175-171-16-78-25-44-120-75-101-1-97-100-86-53-154-180-94-63-79-80-176-51-109-59-72-151-133-162-194-135-70-127-123-112-4-190-10-177-54-160-184-131-149-65-116-43-42-181-34-146-22-195-159-41-193-18-108-69-110-139-115-46-0-117-143-183-89-23-137"
50,80438,100,23945,104383,15,"89-186-9-62-102-49-32-178-3-106-52-55-57-129-92-78-145-179-185-40-165-39-14-155-144-21-7-164-27-90-187-81-98-196-17-31-85-56-113-175-171-16-44-120-2-1-97-101-75-86-53-158-180-154-135-127-123-162-72-59-65-116-115-139-159-193-41-5-42-43-160-48-184-177-54-34-146-22-18-117-143-170-0-46-109-51-176-80-151-133-79-63-94-189-19-152-111-148-137-183"
51,77237,100,24398,101635,15,"111-167-148-37-9-62-144-14-49-178-106-52-185-40-165-8-138-21-7-164-90-81-145-78-31-113-175-171-16-25-44-120-92-57-55-129-2-75-86-101-1-152-97-26-100-19-94-63-182-136-53-180-154-135-70-127-123-162-151-72-118-59-65-116-43-160-184-10-177-54-34-181-42-96-115-46-198-139-41-193-159-22-18-108-93-117-143-183-89-23-137-0-60-51-176-80-133-79-122-12"
52,77145,100,23062,100207,15,"116-65-149-184-84-112-4-10-177-30-54-48-160-34-181-41-193-159-22-18-69-108-68-46-93-117-0-143-183-89-23-137-51-151-133-79-80-176-12-148-9-62-102-49-144-14-32-178-106-165-90-81-40-119-185-52-55-57-129-92-145-78-113-175-171-16-44-120-2-75-86-150-101-1-152-97-100-19-189-94-63-53-180-154-6-135-70-127-123-162-59-118-115-139-191-96-5-42-43-77"
53,75381,100,22742,98123,16,"23-89-183-153-0-143-117-68-46-115-139-41-193-159-22-146-34-181-42-43-160-48-54-177-10-184-84-4-112-127-123-24-131-65-116-197-59-151-51-176-80-63-79-133-162-161-135-70-154-180-53-100-94-148-167-152-97-1-101-86-75-2-120-44-25-82-129-92-57-55-179-145-78-16-171-175-113-56-31-81-90-27-39-165-40-185-52-106-178-3-49-14-155-144-102-62-9-114-186-137"
54,76687,100,23736,100423,16,"69-18-193-41-159-22-146-34-181-160-48-54-177-10-184-42-5-43-105-116-65-149-197-115-198-139-68-46-59-118-51-151-162-123-127-70-135-133-180-154-53-86-75-101-1-97-152-74-125-2-128-55-57-92-129-120-44-25-78-145-168-31-16-171-175-113-56-157-196-81-90-27-164-165-40-185-52-106-178-3-49-14-144-102-62-9-148-94-63-79-80-176-137-23-89-183-143-0-117-108"
55,76113,100,24120,100233,15,"14-144-62-9-186-89-183-143-0-137-148-128-49-178-106-52-55-57-92-129-2-101-1-97-152-124-130-94-63-122-176-80-79-133-151-162-59-115-46-68-139-41-193-159-199-69-108-18-20-22-146-5-42-43-116-65-47-131-184-160-34-48-54-30-177-10-190-84-4-112-123-127-70-135-154-180-53-189-26-86-75-120-44-25-16-171-175-113-56-31-81-196-78-145-179-185-40-165-90-39"
56,77084,100,23569,100653,16,"63-79-133-162-123-24-149-45-151-176-80-94-124-152-97-1-101-100-86-75-2-82-120-44-16-171-175-78-145-92-57-55-52-185-40-119-165-27-90-81-196-106-178-3-49-138-14-155-144-62-9-148-15-137-23-89-183-143-0-117-93-139-115-46-51-118-59-116-65-47-77-43-42-5-41-193-159-108-18-22-146-34-160-54-177-10-190-184-35-84-4-112-127-70-135-154-180-53-121-182"
57,75509,100,22967,98476,16,"190-10-177-30-54-48-160-34-146-22-18-108-69-110-191-139-46-68-140-93-117-143-170-0-153-183-89-83-186-23-137-148-167-9-62-144-14-49-178-106-52-55-57-185-165-40-81-196-145-92-129-78-31-56-113-175-171-16-25-44-120-2-75-86-101-1-97-152-124-94-122-176-80-79-63-189-121-53-180-154-135-70-127-123-162-133-151-59-115-41-193-159-42-116-65-149-43-184-112-4"
58,77686,100,23272,100958,15,"121-53-180-154-135-70-127-123-162-151-72-51-118-59-65-116-105-77-43-42-184-10-177-54-160-34-146-22-18-108-69-159-193-41-139-115-46-140-93-117-0-143-183-137-176-80-133-79-63-94-152-87-2-82-129-57-92-145-78-168-196-40-165-185-55-52-106-178-138-32-49-111-148-9-62-144-155-14-21-7-164-27-90-81-98-31-56-113-175-171-16-44-120-75-101-1-97-86-26-100"
59,78438,100,24029,102467,16,"81-31-56-113-175-171-16-168-78-25-44-120-2-87-152-1-75-86-101-97-19-189-94-79-63-136-53-180-154-135-70-127-123-112-4-84-190-10-177-30-54-184-166-131-65-116-43-42-181-160-34-146-22-18-108-159-193-41-115-139-110-68-46-59-162-151-133-80-176-51-137-0-143-183-89-23-186-144-62-9-148-111-57-129-92-145-55-52-106-178-32-49-14-138-8-185-40-119-165-90"
60,77293,100,23023,100316,16,"79-80-176-66-51-141-118-59-197-115-41-193-139-198-46-68-0-137-89-183-143-117-93-108-69-18-159-22-146-34-181-42-160-48-54-177-10-184-43-105-116-65-47-123-127-162-151-133-173-135-70-154-180-53-100-26-86-75-101-1-97-152-2-129-57-92-120-44-25-16-171-175-113-31-78-145-81-90-27-165-119-40-185-55-52-106-178-138-14-49-144-61-62-9-37-148-124-94-189-63"
61,75694,100,22546,98240,16,"86-26-53-180-154-70-135-162-133-151-51-72-59-65-116-42-43-105-47-131-149-123-112-4-177-184-160-34-146-22-199-18-108-69-159-193-41-139-115-198-46-68-117-0-143-183-89-23-137-176-80-79-63-121-94-148-9-62-61-144-155-49-14-21-7-164-95-27-90-187-81-196-40-165-8-185-106-178-52-55-57-129-92-145-78-31-113-175-171-16-25-44-120-82-2-152-97-1-101-75"
62,80458,100,23122,103580,15,"135-154-180-158-53-136-121-26-97-1-101-86-75-120-44-25-16-171-175-113-56-31-78-145-91-196-81-187-40-185-165-39-90-27-164-14-155-144-62-9-148-167-49-178-106-52-55-57-92-129-2-87-74-152-19-94-12-80-176-137-89-183-143-0-46-139-115-59-65-116-105-43-42-41-193-159-108-18-22-34-160-54-177-184-4-112-24-123-162-45-72-51-151-133-79-63-173-194-127-70"
63,74324,100,24415,98739,14,"51-118-59-65-116-197-115-46-139-193-41-42-43-149-123-127-112-4-184-190-10-177-54-48-160-34-181-146-22-159-69-18-134-108-140-93-117-0-143-183-89-114-186-23-137-148-167-62-9-49-14-144-21-164-90-81-196-40-119-165-185-106-178-52-55-57-92-145-78-31-113-175-171-16-25-44-120-2-75-101-1-97-152-94-63-182-121-86-53-180-154-70-135-162-151-133-79-122-80-176"
64,78229,100,24616,102845,18,"119-40-185-91-145-78-92-57-55-52-106-178-3-14-21-144-49-128-148-9-62-89-183-137-51-176-80-133-151-162-123-131-47-65-116-59-115-5-42-43-166-160-181-159-193-41-139-46-108-18-22-146-34-54-177-10-184-84-112-127-70-135-154-180-158-53-63-79-94-189-26-97-101-86-75-1-152-2-129-120-44-25-16-171-175-113-56-31-157-17-196-81-90-27-164-7-95-39-165-8"
65,78217,100,21954,100171,15,"171-175-113-56-50-188-31-38-78-145-179-92-57-55-52-106-178-32-8-165-119-40-185-196-81-187-90-27-39-95-164-7-21-144-14-49-102-62-9-148-15-186-89-183-0-46-139-115-59-65-47-116-43-42-41-193-159-22-146-34-160-48-54-177-184-4-112-123-127-70-135-154-180-53-63-79-133-162-151-72-51-137-176-80-122-94-97-100-86-75-101-1-152-87-2-129-120-44-25-16"
66,74398,100,23270,97668,15,"4-84-184-177-54-48-160-34-103-146-22-18-108-69-139-41-193-159-181-42-115-46-0-117-143-183-89-23-137-148-9-62-144-14-49-3-178-106-32-138-8-165-39-7-164-27-90-81-196-40-185-52-55-57-92-145-78-31-113-175-171-16-25-44-120-129-2-152-97-1-101-75-86-53-189-124-12-94-63-79-180-154-135-70-127-123-162-45-151-133-80-176-51-118-59-65-116-43-35-112"
67,77277,100,23376,100653,16,"44-16-88-171-175-113-56-85-31-78-145-168-196-81-187-40-119-185-165-90-27-164-21-144-155-14-49-3-178-106-52-55-57-92-129-82-2-74-152-1-97-94-167-148-9-62-114-186-89-183-23-137-176-80-122-63-79-133-162-151-51-59-115-46-0-143-117-93-108-18-22-159-193-41-139-5-42-43-116-65-47-184-160-34-48-54-177-10-123-127-70-135-154-180-53-26-86-101-75-120"
68,77666,100,22560,100226,16,"144-14-102-62-9-137-89-183-143-0-117-68-46-139-41-193-159-22-34-160-54-177-10-184-42-43-65-116-115-59-118-51-176-80-63-79-133-151-162-123-127-135-154-180-158-53-121-86-75-101-26-97-1-2-87-74-152-94-12-124-111-167-148-37-49-32-3-178-106-52-55-57-129-92-179-145-168-78-120-44-25-16-171-175-113-56-31-196-81-40-185-165-39-90-27-58-164-7-21-73"
69,77077,100,24205,101282,16,"63-180-135-70-154-158-53-136-121-94-74-152-97-1-101-86-75-2-87-129-120-44-25-78-145-92-57-55-52-185-40-169-196-31-16-171-175-113-56-157-81-90-27-164-39-165-106-178-49-14-155-144-62-9-111-148-15-137-23-89-183-143-0-117-108-18-22-159-193-41-139-198-46-115-59-149-65-116-43-42-160-34-54-177-10-190-4-184-35-112-127-123-162-133-151-72-51-176-80-79"
70,78632,100,23140,101772,16,"53-100-26-86-75-101-1-97-152-125-87-2-129-82-120-44-25-145-78-16-88-171-175-113-56-31-17-196-81-90-27-164-165-40-185-91-92-57-55-52-106-178-3-32-138-14-49-144-62-9-148-94-189-121-63-79-133-162-151-80-176-137-23-89-183-143-0-46-68-108-69-18-22-146-181-34-160-184-42-41-195-159-193-110-139-115-51-59-65-116-43-131-35-112-123-127-70-135-154-180"
71,79921,100,23096,103017,15,"143-117-0-46-139-115-42-41-193-159-22-34-160-54-177-10-184-4-112-123-127-135-154-180-158-53-99-152-74-97-1-101-100-86-75-2-120-44-25-16-171-175-113-56-85-31-157-168-78-145-91-179-92-129-57-55-52-106-178-3-138-8-185-196-81-90-40-165-164-21-144-155-14-49-62-9-148-167-124-12-94-63-79-80-133-151-162-131-77-43-105-116-65-59-51-66-176-137-89-183"
72,78533,100,24011,102544,15,"25-44-120-82-129-92-57-52-106-178-49-148-12-94-152-2-75-86-101-1-97-189-53-180-154-135-133-79-63-122-80-176-51-151-162-123-149-47-65-59-46-115-197-116-43-166-28-184-190-10-177-54-48-160-42-181-34-146-22-159-193-41-139-69-18-108-140-93-117-0-143-183-89-23-137-62-144-14-165-7-164-27-90-40-185-179-145-196-169-187-81-157-31-56-113-175-171-88-16-78"
73,78353,100,25068,103421,15,"101-1-152-97-26-189-19-12-94-99-53-180-154-70-135-63-79-80-176-133-151-162-123-149-131-65-59-51-141-46-115-116-43-42-184-84-112-4-10-177-54-160-34-146-22-159-193-41-139-18-108-117-0-143-183-89-23-137-186-15-148-9-62-61-102-144-73-132-21-14-49-178-106-52-55-57-92-179-185-40-165-39-164-27-90-81-196-31-113-175-171-16-78-145-25-44-120-2-75-86"
74,81482,100,25527,107009,15,"3-14-164-7-21-144-62-9-49-178-106-52-57-92-120-2-74-152-1-97-19-136-63-79-133-151-162-131-184-42-43-77-105-65-116-115-139-46-60-118-59-51-137-176-80-122-94-124-148-33-114-83-186-23-89-183-143-0-117-93-108-18-22-159-193-41-181-192-160-34-48-54-177-10-4-112-123-127-70-135-173-154-180-53-26-86-101-75-44-16-171-175-113-78-145-81-90-165-40-185"
75,77868,100,24238,102106,16,"52-167-128-49-32-178-106-185-40-90-164-7-39-165-14-155-144-73-61-62-9-37-148-124-94-189-19-152-97-1-101-26-63-79-80-176-137-23-89-183-143-0-117-93-108-18-22-146-181-34-160-54-177-4-112-184-43-42-5-96-41-193-159-139-68-46-115-118-109-51-59-116-65-131-123-127-70-135-162-151-133-180-154-53-86-75-2-120-44-16-171-175-113-31-78-145-92-129-57-55"
76,75344,100,23372,98716,16,"14-49-102-62-9-148-137-23-186-89-183-143-0-117-93-108-18-69-46-115-139-41-193-22-146-34-160-48-54-177-10-190-184-166-43-42-116-65-131-149-123-127-135-162-133-151-72-59-51-66-176-80-79-122-63-180-154-53-136-182-94-152-1-97-26-100-86-101-75-2-120-44-129-92-57-55-52-178-3-106-145-78-31-16-171-175-113-56-196-81-40-185-8-165-39-90-27-164-21-144"
77,74960,100,24316,99276,16,"164-27-90-165-185-40-81-196-145-157-31-56-113-175-171-16-78-44-120-92-129-2-125-152-1-97-26-101-75-86-53-180-154-70-135-63-94-176-80-79-133-151-51-109-59-115-42-43-77-116-65-47-131-162-123-127-112-4-84-184-177-54-48-160-34-181-146-22-18-108-69-159-193-41-191-139-46-68-93-117-0-143-183-89-23-137-148-9-62-102-49-178-55-57-52-106-3-14-144-21"
78,78991,100,23065,102056,15,"148-111-49-144-14-138-165-27-90-40-185-106-3-178-52-57-129-92-145-78-31-113-175-171-16-44-120-2-75-150-86-100-101-1-97-152-19-94-189-99-121-182-63-79-133-173-180-53-158-154-135-70-127-123-162-72-151-80-176-51-118-59-116-65-149-131-112-4-10-177-54-48-160-34-181-184-11-35-43-42-115-139-41-193-22-18-108-140-93-117-0-143-183-89-23-137-186-114-62-9"
79,75028,100,22353,97381,14,"80-137-23-186-89-183-153-143-117-0-46-93-140-36-108-18-69-163-110-191-139-115-59-116-65-47-77-43-42-41-193-159-22-146-181-34-160-184-48-54-177-10-4-112-123-127-70-135-154-180-53-121-97-26-86-75-101-1-152-2-120-44-25-129-92-57-55-145-78-16-171-175-113-31-196-81-90-27-165-119-40-185-52-106-178-49-14-144-62-9-148-12-94-63-79-133-151-51-66-176"
80,77258,100,24166,101424,15,"48-34-160-42-5-43-105-116-65-59-118-115-41-193-159-146-22-18-108-69-139-46-0-117-143-183-89-186-15-9-62-144-155-49-14-21-164-27-90-165-119-40-185-106-3-178-52-55-145-78-113-175-171-16-44-120-129-92-57-167-148-37-23-137-66-51-151-162-133-79-80-176-122-94-63-136-121-97-101-1-152-125-2-75-86-53-180-154-135-70-127-123-112-4-184-177-190-10-30-54"
81,77739,100,24031,101770,16,"90-27-164-7-95-165-185-52-106-178-49-14-144-62-9-148-186-23-89-183-143-0-117-93-108-18-22-146-159-193-139-115-46-60-51-141-66-137-176-80-151-59-65-116-43-42-5-41-181-34-160-28-184-48-54-177-10-190-4-112-123-162-194-135-70-154-180-133-79-63-94-182-53-99-100-86-75-101-1-97-152-74-2-120-44-25-82-129-57-92-145-78-16-171-175-113-31-196-81-40"
82,73417,100,23513,96930,15,"57-55-145-78-16-171-175-113-56-31-157-196-81-90-27-164-165-40-185-52-106-178-14-49-102-144-62-9-15-148-37-167-94-63-79-80-176-137-23-89-183-143-0-117-93-140-108-69-18-199-22-146-159-193-41-96-5-42-43-160-34-48-54-177-184-4-112-123-131-65-116-197-115-139-68-46-118-59-51-151-133-162-135-70-154-180-53-86-75-101-26-97-1-152-2-129-120-44-25-92"
83,77066,100,24303,101369,15,"62-128-148-137-23-89-183-143-117-0-46-115-139-18-22-146-159-193-41-181-192-34-160-184-48-54-177-10-4-112-123-35-43-42-5-96-116-65-59-118-51-176-80-79-133-151-162-194-127-70-135-154-180-53-63-94-124-121-100-26-86-75-101-1-97-152-2-120-44-25-78-16-88-171-175-113-56-85-31-81-90-27-164-165-8-40-185-145-92-57-55-52-106-178-49-138-14-144-15-9"
84,76577,100,23307,99884,16,"40-119-165-90-164-21-14-144-62-9-148-49-3-178-106-52-55-57-92-129-2-125-152-111-124-94-99-121-182-63-79-133-80-176-137-23-89-183-153-0-143-117-108-18-139-68-46-115-51-151-162-72-59-65-116-105-43-42-192-181-41-193-159-22-146-103-34-160-48-54-177-184-4-112-123-127-70-135-154-180-158-53-86-26-97-1-101-75-120-44-25-16-171-175-113-31-78-145-196-185"
85,76384,100,23294,99678,16,"48-34-22-159-193-41-115-46-139-18-108-140-93-117-143-0-153-183-89-23-137-186-15-144-14-49-62-9-37-148-167-172-57-55-52-178-106-185-40-119-165-7-164-27-90-187-81-196-179-145-78-38-31-13-56-113-175-171-16-25-44-120-92-129-2-75-86-101-1-97-152-189-94-79-63-53-180-154-135-133-151-80-176-51-59-65-47-116-43-5-42-160-184-149-123-112-4-10-177-54"
86,76314,100,23594,99908,15,"137-148-9-62-144-14-102-49-178-106-165-90-81-40-185-52-55-57-92-145-78-31-113-175-171-16-44-120-2-152-94-97-1-101-75-86-53-154-135-70-127-162-72-151-133-180-182-63-79-80-176-51-59-131-123-156-126-112-4-84-190-10-177-54-48-34-181-160-184-11-77-47-65-116-105-43-42-41-193-159-146-22-18-108-69-139-115-198-46-68-140-93-117-0-143-183-89-114-186-23"
87,79275,100,25317,104592,16,"144-62-9-37-148-186-89-183-23-137-176-66-51-151-72-59-118-115-41-193-139-46-0-143-117-93-140-108-69-18-22-34-160-184-177-10-4-112-127-194-123-35-43-42-5-116-65-47-131-162-133-79-80-12-124-94-63-135-70-154-180-53-19-97-86-75-101-1-152-125-2-82-120-44-25-78-92-129-57-55-52-145-31-16-171-175-113-81-90-164-7-165-8-40-185-106-178-49-14-155"
88,76926,100,25048,101974,16,"44-16-171-175-113-31-78-145-92-57-55-52-81-90-164-7-21-165-40-185-106-178-3-138-14-132-144-49-62-9-167-124-94-12-148-37-15-186-23-89-183-143-0-137-80-176-66-51-109-59-115-116-65-149-105-43-42-41-193-139-198-46-68-108-18-159-22-146-181-34-160-48-54-30-177-10-190-184-4-112-123-162-151-133-79-63-180-135-70-154-53-26-86-101-1-97-152-2-75-120"
89,79547,100,22257,101804,15,"63-80-176-137-23-183-89-186-114-144-14-138-32-49-62-9-33-37-148-167-172-129-92-57-55-52-178-3-106-185-8-165-40-90-81-196-145-78-157-31-113-175-171-16-25-44-120-82-2-74-152-130-94-19-26-97-1-101-150-75-86-121-53-180-154-135-127-123-131-47-65-116-43-42-184-54-160-34-181-41-193-22-18-108-140-93-117-143-0-46-198-139-115-59-109-51-151-162-133-79"
90,78082,100,23776,101858,15,"42-43-77-149-65-105-116-59-51-176-137-0-143-183-89-23-186-9-62-144-102-49-14-165-90-40-185-106-178-52-55-57-129-92-145-78-31-56-50-113-175-171-16-44-120-2-125-152-167-148-130-94-189-97-1-101-75-86-26-53-63-122-80-79-133-151-162-194-180-154-135-70-127-123-112-4-190-10-177-184-160-48-54-30-34-181-193-22-18-108-140-93-117-46-139-110-41-115-96-5"
91,75661,100,23305,98966,17,"149-131-65-116-59-118-72-109-51-176-80-151-133-79-122-63-182-180-154-53-86-101-1-97-94-124-152-2-120-44-25-145-78-16-171-175-113-56-31-196-81-90-165-40-185-92-57-55-52-106-178-49-102-14-144-62-9-148-137-23-89-183-143-0-117-93-46-139-115-96-41-193-163-108-69-18-159-22-146-34-160-48-54-30-177-10-190-184-42-43-35-112-4-127-70-135-194-161-162-123"
92,80993,100,24426,105419,16,"183-89-186-15-62-9-37-148-12-124-94-152-2-129-92-57-55-52-106-178-32-49-144-14-165-40-185-145-157-31-113-175-171-16-78-25-44-120-75-1-97-101-86-53-154-6-135-70-127-123-156-112-4-190-10-177-184-160-48-54-30-34-146-22-18-108-117-0-46-139-159-193-41-96-115-51-59-65-116-105-77-43-42-166-149-161-162-151-133-194-180-136-63-79-80-176-141-137-23-143"
93,78143,100,23837,101980,18,"75-120-44-129-57-92-145-78-16-171-175-113-31-196-81-187-90-27-71-164-7-21-165-8-119-40-185-52-106-178-3-49-14-144-102-62-9-148-128-94-63-122-79-133-80-176-137-183-143-117-0-46-110-69-108-18-22-146-103-34-181-160-48-54-177-4-112-184-131-77-65-116-43-42-159-193-41-139-115-59-72-109-51-151-162-123-127-135-154-180-53-136-121-189-86-101-1-97-152-2"
94,76889,100,24294,101183,17,"133-162-151-51-60-118-59-115-46-68-139-191-69-108-18-22-146-159-193-41-42-181-34-160-48-54-177-10-184-43-116-65-131-149-123-127-135-154-180-158-53-63-94-189-152-97-100-86-75-101-1-2-172-111-52-55-57-92-145-78-120-44-16-171-175-113-56-31-196-81-40-185-106-178-165-90-27-164-21-14-144-155-49-102-62-9-37-148-15-186-23-89-183-143-117-0-137-176-80-79"
95,76307,100,23655,99962,15,"135-70-127-123-24-161-162-151-133-79-63-80-176-51-118-59-65-116-43-42-28-184-35-29-126-112-4-10-177-54-160-34-181-146-22-195-159-18-108-69-193-41-139-115-46-0-93-117-143-183-89-23-137-148-9-62-144-14-49-128-124-94-189-100-86-75-120-44-78-16-171-175-113-56-31-157-145-179-185-40-81-90-165-106-178-52-55-57-92-129-2-152-97-1-101-26-121-53-180-154"
96,77288,100,24112,101400,15,"93-108-18-22-146-159-193-41-191-96-42-181-103-34-160-48-54-177-10-4-112-184-28-43-47-65-116-115-59-162-123-127-135-154-180-53-86-101-75-2-152-1-97-63-79-133-151-176-80-122-94-124-148-9-62-102-49-3-178-106-52-55-57-92-129-120-44-25-78-16-171-175-113-56-13-85-31-145-179-185-40-165-90-164-21-14-144-15-186-23-137-76-89-183-143-0-46-139-68-117"
97,78824,100,25518,104342,15,"116-65-105-43-166-28-42-5-41-193-139-142-159-22-146-34-160-48-54-177-10-184-84-4-112-123-149-59-162-151-133-176-80-79-63-180-154-135-127-70-158-53-86-100-94-124-111-167-55-57-92-129-2-87-152-97-1-101-75-120-44-145-78-16-171-175-113-31-17-196-81-90-164-7-21-165-40-185-52-106-178-3-49-14-144-62-9-148-137-23-89-183-143-117-93-18-108-0-46-115"
98,79103,100,23986,103089,15,"133-151-162-194-135-70-127-123-112-4-10-177-54-34-160-48-184-35-149-65-116-43-42-96-41-193-159-22-18-108-140-93-117-143-183-89-114-186-23-0-46-139-191-115-59-51-80-176-137-148-12-130-94-152-125-82-120-44-16-171-175-113-56-13-31-17-196-81-90-165-40-185-106-178-14-144-62-9-49-52-55-57-91-145-78-92-129-2-1-97-101-75-86-26-53-180-154-173-63-79"
99,77078,100,22854,99932,15,"170-143-183-89-23-186-114-64-144-14-138-49-102-62-9-148-167-129-92-57-55-52-178-106-165-90-40-185-91-145-78-31-56-113-175-171-16-44-120-2-75-101-86-26-97-1-152-189-53-180-154-135-127-123-162-151-133-79-80-176-122-63-94-124-12-137-51-109-59-65-47-184-10-177-54-160-34-146-22-18-69-108-163-199-159-193-41-96-42-43-116-115-139-198-46-68-140-93-117-0"
100,79604,100,23914,103518,16,"97-99-189-94-148-9-62-49-178-106-52-57-92-129-120-44-25-16-171-175-113-31-157-38-78-145-179-185-40-90-165-14-144-15-137-89-183-143-0-117-108-18-22-146-159-193-41-96-42-181-34-160-48-54-184-177-10-190-4-112-35-28-43-131-123-162-151-72-118-59-65-116-115-139-191-110-68-46-109-51-66-176-80-79-63-136-133-135-70-154-180-53-100-86-75-101-1-2-125-152"
101,79285,100,23469,102754,16,"101-75-44-25-16-171-175-113-56-31-38-17-196-81-90-27-165-119-40-185-8-14-144-62-9-49-32-178-106-52-55-57-145-78-92-129-82-120-2-87-167-148-12-124-94-130-80-176-137-183-143-0-51-59-65-47-116-43-184-42-115-46-139-41-193-159-69-108-18-22-146-181-34-160-54-177-10-4-112-123-162-151-133-79-63-180-135-70-154-158-53-182-121-189-152-74-1-97-26-86"
102,80221,100,24725,104946,14,"65-47-105-43-42-41-193-139-115-96-116-59-109-51-151-45-162-133-79-63-136-180-173-135-127-70-154-53-100-86-75-101-1-97-152-19-189-94-80-176-66-137-148-172-52-55-57-92-129-2-120-44-25-78-16-171-175-113-31-145-91-185-40-119-165-90-164-7-21-106-178-49-14-144-62-9-15-114-186-23-89-183-143-0-46-117-93-108-18-22-34-160-184-54-177-4-112-123-24-149"
103,78576,100,24101,102677,16,"44-120-2-74-152-1-97-26-101-75-86-53-121-94-63-173-180-154-135-70-127-123-29-112-4-10-177-54-48-160-34-181-42-43-166-184-35-131-149-162-151-133-79-80-176-66-51-59-65-116-115-41-193-159-22-18-139-46-0-143-183-89-23-137-15-62-9-148-128-49-102-155-144-132-14-138-178-106-52-55-185-40-165-39-95-21-7-164-90-81-196-31-113-175-171-16-78-145-57-92"
104,77889,100,22790,100679,14,"120-44-25-16-171-175-113-31-78-145-92-57-52-185-40-165-90-27-164-7-21-39-106-178-49-14-155-144-102-62-9-37-148-167-94-63-79-80-176-137-183-143-117-0-46-198-115-139-18-22-146-34-160-181-159-193-41-96-5-42-43-116-65-59-72-51-151-133-45-162-161-123-24-126-112-4-190-10-177-54-48-184-35-127-70-135-154-180-158-53-136-121-100-86-75-101-1-97-152-2"
105,78409,100,21100,99509,17,"94-63-79-133-80-176-137-23-186-114-89-183-143-117-0-46-68-93-140-67-108-18-69-110-139-115-5-41-193-159-22-146-181-34-48-54-177-184-160-42-43-116-65-59-72-51-151-162-161-194-123-127-70-135-154-180-158-53-182-121-99-19-152-74-1-101-97-26-86-75-2-120-44-16-171-175-113-31-78-145-92-129-57-55-52-185-40-165-106-178-49-14-144-62-9-33-37-148-111-124"
106,77946,100,22732,100678,16,"158-180-154-70-135-162-133-151-72-51-109-60-59-197-115-46-198-139-159-193-41-5-42-43-77-116-65-131-123-35-184-177-54-160-34-181-195-146-22-18-69-108-140-93-117-143-0-153-183-89-137-176-80-79-63-94-124-12-148-37-9-62-144-14-49-178-106-165-164-27-90-81-196-40-185-52-57-129-92-145-78-31-113-175-171-16-44-120-2-125-152-1-97-26-101-75-86-182-136-53"
107,79115,100,23149,102264,15,"46-115-59-149-47-65-116-43-42-41-193-159-22-34-160-184-177-112-127-123-162-151-118-109-51-176-80-133-79-63-12-130-94-99-136-180-135-70-154-53-26-97-1-101-86-75-2-152-167-52-55-57-92-145-78-120-44-25-16-171-175-113-56-13-31-157-17-196-81-90-27-165-119-40-185-106-178-3-32-49-14-144-62-9-33-148-114-186-137-23-89-183-143-0-117-93-108-18-139-198"
108,79747,100,24219,103966,15,"15-9-62-102-49-144-14-32-178-3-106-52-185-40-165-164-27-90-81-31-113-175-171-16-44-120-75-101-86-26-53-158-136-63-79-133-180-154-135-162-45-151-72-118-59-123-149-65-116-43-115-5-42-184-177-54-160-34-103-181-41-193-159-22-18-108-69-139-46-68-93-117-0-143-183-89-76-23-186-137-176-80-94-19-152-74-97-1-2-129-92-78-145-91-57-55-167-111-148-37"
109,79281,100,25480,104761,16,"75-86-53-154-180-63-79-133-151-80-176-137-51-59-162-135-123-112-4-190-10-177-30-54-48-184-160-34-181-146-22-159-193-41-192-42-43-28-11-77-65-116-115-60-46-139-110-199-18-69-108-67-36-140-93-117-0-143-183-89-23-186-114-15-144-21-164-165-185-40-90-81-196-113-175-171-16-31-145-78-44-120-92-57-55-52-106-178-14-49-102-62-9-148-94-97-152-2-1-101"
110,79346,100,23905,103251,17,"43-116-65-47-131-184-177-4-112-123-162-161-135-70-154-180-158-53-189-94-124-111-87-2-125-152-97-1-101-86-150-75-120-82-44-25-16-171-175-113-31-78-145-179-92-129-57-55-52-49-14-138-3-178-106-185-40-165-90-164-21-144-62-9-148-23-89-183-137-176-80-122-63-79-133-151-51-59-197-115-41-193-191-139-46-0-143-117-108-18-159-22-146-34-54-48-160-181-42-5"
111,75581,100,24439,100020,16,"174-81-196-168-145-78-31-56-113-175-171-16-25-44-120-75-101-86-26-97-1-152-2-129-92-57-172-37-148-124-94-80-176-151-133-79-63-53-180-154-135-70-127-123-162-149-65-116-43-184-112-4-10-177-54-160-34-146-22-18-108-69-159-193-41-42-59-51-115-139-46-68-36-140-93-117-0-143-183-89-23-137-9-62-144-14-138-49-178-106-52-55-185-40-165-39-7-164-27-90"
112,76831,100,24929,101760,15,"65-43-42-181-160-184-112-4-10-177-54-34-146-22-18-108-140-93-117-143-183-89-0-46-198-115-139-191-142-159-193-41-116-59-118-51-72-151-133-80-176-137-23-186-114-148-37-9-62-144-49-178-106-14-21-7-164-90-165-40-185-52-55-167-57-92-145-78-31-113-175-171-16-44-120-129-2-152-97-1-101-75-86-26-121-189-94-124-12-130-79-63-53-180-154-135-70-127-123-162"
113,80933,100,23514,104447,15,"161-133-79-80-176-122-63-94-111-148-9-62-144-14-49-3-178-106-185-40-165-90-113-175-171-16-31-78-145-179-52-55-57-92-129-82-25-44-120-2-152-1-101-75-86-100-97-99-121-53-180-154-173-135-70-127-123-156-112-4-65-116-43-42-192-160-184-190-10-177-54-48-34-146-22-18-108-117-143-183-89-23-137-153-0-46-139-191-142-159-193-41-115-59-72-109-141-51-151-162"
114,80062,100,23187,103249,15,"137-76-143-183-89-23-186-114-148-33-9-62-144-102-49-14-165-27-90-81-40-185-106-178-52-55-57-129-92-145-78-31-113-175-171-16-44-120-2-75-150-86-101-1-97-152-94-130-12-63-182-136-53-180-154-173-135-70-127-123-112-4-10-177-184-160-34-146-22-18-108-93-117-0-46-115-139-159-193-41-5-42-43-105-116-65-77-131-149-24-59-72-151-162-133-79-80-176-51-66"
115,75850,100,22264,98114,15,"31-78-145-92-57-55-52-178-106-185-40-81-90-165-138-14-49-144-62-9-33-148-167-12-124-94-63-122-79-133-162-151-80-176-137-23-89-183-143-0-117-93-140-108-18-22-159-193-41-181-34-160-48-54-177-10-190-4-112-184-43-77-47-65-116-42-5-96-115-139-46-118-59-149-123-127-194-135-70-154-180-158-53-26-189-19-97-1-152-74-2-101-86-75-120-44-16-171-175-113"
116,75214,100,23533,98747,18,"67-108-69-18-199-159-22-146-103-34-181-160-48-54-177-10-184-28-166-149-65-116-77-43-42-96-41-193-139-68-46-115-59-118-51-176-80-63-79-133-151-162-123-84-4-112-127-70-135-154-180-53-86-101-97-100-121-94-152-1-75-2-129-92-120-44-16-171-175-113-56-31-78-145-57-55-52-185-40-119-165-90-164-21-14-106-178-49-102-144-62-9-148-137-183-143-0-117-93-140"
117,77019,100,23721,100740,17,"81-90-165-8-119-40-185-106-178-14-144-49-52-55-57-92-145-78-129-2-74-152-111-148-9-62-137-183-143-0-117-93-46-115-139-41-193-159-142-69-108-18-22-146-34-181-42-43-77-47-65-116-59-109-51-149-131-184-160-48-54-30-177-10-190-84-4-112-123-127-70-135-162-151-133-180-154-53-63-79-80-176-94-189-19-97-1-101-86-75-120-44-16-171-175-113-56-31-157-196"
118,76953,100,24530,101483,15,"165-90-27-164-21-132-73-144-14-49-102-62-9-37-167-111-124-148-15-137-23-89-183-143-0-46-139-108-18-193-159-22-146-181-41-115-59-51-176-80-12-130-94-63-79-133-151-162-131-65-116-43-42-28-160-34-48-54-177-184-35-84-4-112-123-127-135-154-180-53-86-75-101-1-97-152-2-120-44-25-78-16-171-175-113-56-31-81-196-145-92-129-57-55-52-178-3-106-185-40"
119,79004,100,24455,103459,15,"1-97-53-154-180-63-94-122-176-80-79-133-173-135-70-127-123-194-162-151-51-59-65-116-105-43-184-35-112-4-10-177-30-54-160-34-181-42-96-115-198-139-41-193-22-18-68-46-0-117-143-183-89-23-137-186-144-14-8-185-40-119-165-95-21-7-164-58-27-90-174-187-81-196-31-113-175-171-16-44-120-78-145-92-57-52-106-178-3-32-49-102-62-9-148-152-2-75-86-101"
120,79921,100,24468,104389,14,"41-139-68-117-143-0-46-115-116-65-59-109-51-151-162-133-79-63-94-80-176-137-183-89-148-37-9-62-49-14-144-21-164-27-90-165-8-185-40-187-81-196-17-145-106-178-52-55-57-129-92-78-31-13-56-50-113-175-171-16-44-120-82-2-125-152-74-75-101-1-97-19-189-100-86-53-180-154-135-127-123-149-47-43-42-184-112-4-10-177-54-160-34-181-146-22-18-108-159-193"
121,77485,100,22251,99736,15,"40-185-52-55-57-92-129-82-78-145-157-31-56-113-175-171-16-44-120-2-125-152-94-189-99-121-100-26-97-1-101-75-86-53-158-154-135-70-127-123-24-162-151-133-173-180-136-182-63-79-80-176-137-51-118-59-149-131-184-177-54-48-34-160-42-43-77-47-65-116-197-115-46-139-41-193-159-146-22-18-108-117-0-143-183-89-23-186-148-9-62-102-144-14-49-178-106-165-90-81"
122,77268,100,24972,102240,15,"151-133-180-154-70-135-194-162-123-127-112-4-184-177-54-34-160-43-116-65-47-149-131-59-72-51-46-198-115-139-159-193-41-96-42-181-146-22-18-69-108-117-0-143-183-89-23-137-176-130-94-189-19-124-148-15-9-62-144-14-49-32-138-21-164-27-90-81-40-165-185-106-178-52-55-57-129-92-145-78-31-113-175-171-16-44-120-75-86-101-2-152-1-97-121-53-63-122-79-80"
123,75063,100,22776,97839,16,"0-143-183-89-83-186-23-137-176-80-133-79-63-94-124-148-114-64-15-9-62-144-155-14-49-3-178-106-52-55-185-40-119-165-27-90-81-196-113-175-171-16-31-78-145-179-57-92-44-120-2-75-86-101-1-152-97-26-100-53-158-180-154-135-127-123-162-151-72-51-118-59-115-46-139-193-41-96-42-116-65-43-184-112-4-10-177-54-160-34-181-146-22-159-199-18-69-108-93-117"
124,77848,100,24291,102139,14,"48-54-34-181-41-193-159-22-18-117-143-183-89-153-0-46-139-115-5-42-43-105-116-65-47-149-59-51-176-137-23-186-148-9-62-144-49-14-138-32-178-106-52-55-185-165-7-164-27-90-40-174-81-98-196-169-145-78-38-31-113-175-171-16-25-44-120-92-57-129-2-152-97-1-101-75-86-26-100-53-121-94-63-80-151-162-133-79-180-154-135-123-112-4-190-10-177-184-28-160"
125,77581,100,24245,101826,16,"171-175-113-56-31-185-40-165-90-164-7-21-144-14-49-178-106-52-55-148-9-62-61-186-89-183-23-137-176-66-141-51-59-65-116-43-42-181-159-193-41-139-115-46-0-143-117-93-140-108-69-18-22-146-34-160-48-54-30-177-10-4-112-84-184-28-166-131-149-123-127-135-154-194-162-151-133-80-79-63-180-182-94-152-1-97-26-100-53-86-101-75-2-129-92-145-78-120-44-16"
126,78492,100,23851,102343,14,"9-148-124-94-63-79-80-176-151-45-162-133-180-53-154-135-70-127-123-112-4-84-35-184-177-54-48-160-34-181-146-22-159-193-41-139-18-108-117-143-0-46-198-115-42-43-105-65-116-197-59-72-51-137-23-89-183-144-155-14-49-178-106-52-55-57-92-78-145-185-119-8-165-90-40-196-31-113-175-171-16-25-44-120-82-129-2-75-86-101-1-97-121-19-152-74-167-128-102-62"
127,81373,100,23952,105325,16,"46-115-197-59-116-65-47-77-43-184-160-34-54-177-112-123-127-194-135-70-154-180-53-86-75-120-44-78-16-88-171-175-113-56-31-13-188-157-145-92-57-55-52-178-106-8-185-119-40-169-196-81-90-27-165-164-21-138-14-49-144-62-148-94-152-1-101-97-26-100-136-63-79-80-133-161-162-45-151-51-176-137-89-183-143-0-117-108-69-18-22-146-159-181-42-5-96-41-193-139"
128,76835,100,24196,101031,14,"179-91-196-27-90-81-31-56-113-175-171-16-25-44-120-2-82-78-145-92-57-55-52-106-178-3-49-148-137-176-51-151-133-80-79-63-94-152-97-100-1-101-75-86-53-158-180-154-135-70-127-123-162-24-35-112-4-10-177-54-184-160-34-146-22-159-181-42-43-105-116-65-59-118-115-46-139-41-193-18-108-117-0-170-143-183-89-76-23-186-15-9-62-61-144-14-165-119-40-185"
129,78613,100,24445,103058,17,"154-180-63-122-79-133-162-45-151-80-176-137-23-183-89-186-114-64-144-155-14-21-164-90-81-113-175-171-16-31-78-145-179-185-40-119-165-8-106-178-3-49-102-62-9-37-148-111-167-52-55-57-92-129-25-44-120-2-75-86-101-1-97-152-94-121-53-70-127-112-184-190-10-177-54-160-34-181-42-43-105-116-96-41-193-159-146-22-18-108-140-68-46-139-115-59-65-131-123-135"
130,78558,100,24482,103040,15,"145-78-92-129-2-74-152-97-1-101-26-53-86-75-120-44-25-16-88-171-175-113-31-196-81-90-27-164-165-119-40-185-138-14-49-144-62-9-148-137-176-80-51-72-151-133-162-24-131-65-47-43-42-116-59-46-0-143-117-68-139-115-41-193-159-69-108-18-20-22-146-181-34-160-48-54-177-10-184-112-123-127-70-135-154-180-136-63-79-122-94-189-19-178-106-52-55-57-179-91"
131,77507,100,25186,102693,14,"16-171-175-113-31-78-145-196-169-81-90-27-164-165-40-185-91-57-55-52-106-178-49-14-144-62-9-37-148-111-12-137-15-73-114-186-23-89-183-143-0-117-93-140-46-139-41-193-159-69-108-18-22-146-34-48-54-177-10-190-184-160-181-42-115-197-65-116-43-131-59-109-51-176-80-133-151-162-123-127-70-135-154-180-79-122-63-94-152-97-1-101-53-86-75-2-129-92-120-44"
132,79018,100,24259,103277,16,"106-52-55-185-40-165-39-27-90-81-196-31-113-175-171-16-25-44-120-78-145-92-57-129-2-74-152-97-1-101-75-86-182-53-158-154-6-180-133-151-45-162-194-135-70-127-123-149-131-43-42-160-184-112-4-10-177-54-48-34-181-41-193-22-18-117-143-183-0-46-68-139-115-5-116-65-59-118-109-51-66-137-23-186-176-80-79-63-189-19-94-130-167-148-9-62-144-14-49-178"
133,76896,100,24296,101192,16,"131-123-127-70-135-154-180-53-100-189-97-1-101-86-75-120-44-145-78-16-171-175-113-31-81-90-165-119-40-185-106-178-14-49-52-55-57-92-129-2-74-152-148-37-9-62-102-144-15-114-186-23-89-183-76-137-130-124-94-136-63-79-80-176-51-133-161-162-151-59-115-139-68-46-0-143-117-93-108-69-18-193-41-159-22-146-195-181-34-54-177-10-4-112-184-160-42-43-116-65"
134,75831,100,23315,99146,15,"145-92-129-44-120-2-75-86-101-1-152-97-26-100-53-182-180-154-135-70-127-123-162-151-133-79-63-94-80-176-51-141-46-115-59-65-116-105-77-43-42-184-35-112-4-10-177-54-48-34-160-192-181-96-41-193-159-22-18-108-69-139-68-93-117-0-143-183-89-23-137-186-15-148-9-62-49-144-155-14-3-178-106-52-185-40-119-165-7-164-90-81-196-31-56-113-175-171-16-78"
135,77459,100,23665,101124,15,"23-89-183-143-117-0-153-137-60-115-139-46-68-18-22-159-193-41-5-42-160-34-54-177-184-84-4-112-149-43-116-65-59-109-51-66-176-80-63-79-133-151-162-123-127-135-154-180-136-182-53-86-101-75-120-44-25-78-16-171-175-113-31-145-179-91-185-40-165-39-90-27-71-95-164-7-21-14-144-62-9-102-49-3-178-106-52-55-57-92-129-2-152-1-97-121-94-130-148-186"
136,77764,100,24391,102155,16,"44-120-2-75-86-101-1-97-152-94-63-182-53-180-154-173-6-135-70-127-123-112-4-84-131-161-162-151-133-79-80-176-51-72-59-115-46-198-139-191-193-41-5-116-65-47-43-42-181-160-184-10-177-54-34-22-159-18-69-108-68-36-140-93-117-0-143-183-89-137-148-62-49-178-52-106-14-144-21-164-27-90-165-185-119-40-81-196-31-56-113-175-171-16-78-145-92-57-129-25"
137,76926,100,22864,99790,15,"97-152-1-101-75-86-100-53-158-180-154-135-127-123-162-133-151-51-59-65-116-43-184-35-84-112-4-177-54-48-34-160-42-5-115-46-139-41-193-159-22-18-69-108-140-93-117-0-143-183-89-23-137-186-83-114-15-9-62-144-155-14-138-165-90-40-8-185-57-92-145-78-157-31-113-175-171-16-25-44-120-82-2-129-55-52-106-178-32-49-128-148-176-80-79-122-63-94-189-121"
138,77996,100,24276,102272,15,"160-54-177-10-184-84-4-112-123-127-70-135-154-180-162-45-151-133-79-63-182-53-86-100-97-1-101-75-2-120-44-129-57-55-52-92-145-78-16-171-175-113-185-40-165-39-90-27-164-21-144-14-32-3-106-178-49-62-9-148-167-152-19-189-94-124-80-176-137-23-186-114-89-183-143-0-117-108-18-139-115-46-60-51-118-59-197-116-65-105-43-42-41-193-159-22-146-195-181-34"
139,76195,100,23706,99901,15,"16-44-120-2-152-97-1-101-75-86-53-158-180-154-70-135-194-162-151-59-116-43-77-47-65-149-123-127-112-4-84-35-184-177-54-48-160-42-181-34-146-22-195-41-193-159-199-18-69-108-163-139-115-46-0-117-143-183-89-23-137-66-51-176-80-133-79-63-94-111-148-9-62-144-155-49-14-138-21-164-27-90-165-185-106-178-52-55-57-92-78-145-196-40-81-157-31-113-175-171"
140,79616,100,22258,101874,14,"47-65-59-72-151-162-133-79-80-176-122-63-94-124-148-9-62-144-102-49-14-32-178-106-52-185-40-165-90-81-31-113-175-171-16-78-145-92-44-120-2-75-86-101-1-97-152-189-182-136-53-180-154-70-135-194-127-123-112-4-177-54-48-184-160-34-181-192-42-5-115-46-198-139-41-193-142-159-195-103-146-22-18-69-108-140-93-117-143-183-89-186-23-137-141-51-197-116-43-105"
141,76220,100,23970,100190,14,"97-1-101-86-75-120-44-25-16-171-175-113-31-78-145-185-40-165-39-90-27-164-21-144-62-9-15-148-49-14-178-106-52-55-57-92-2-152-94-122-80-176-137-23-89-183-153-0-143-117-93-140-67-108-69-18-22-146-34-54-177-10-184-4-112-127-123-149-47-65-116-105-166-43-42-160-181-195-159-193-41-110-139-198-46-115-59-51-151-162-133-79-63-180-154-135-70-53-136-100"
142,81265,100,24803,106068,16,"40-165-185-106-178-32-49-14-144-62-9-148-15-114-186-23-89-183-143-76-137-12-124-130-176-80-79-133-151-51-118-115-139-68-46-0-117-93-108-18-22-146-159-193-41-59-162-149-65-116-77-43-42-181-34-160-48-54-177-184-84-4-112-35-123-127-70-135-154-180-136-63-94-53-26-97-86-75-150-101-1-152-125-2-87-172-167-52-55-57-92-145-78-120-44-16-171-175-113-31"
143,78025,100,22737,100762,17,"139-191-41-193-159-69-108-18-22-146-34-160-42-5-43-28-184-54-177-10-4-112-126-131-65-116-197-115-59-51-176-80-63-79-133-151-162-123-127-70-135-173-154-180-53-26-86-75-101-97-1-2-152-19-94-124-111-167-148-9-62-49-178-106-52-55-57-92-120-44-25-16-171-175-113-31-78-145-196-81-40-185-165-14-144-15-64-114-83-186-137-23-89-183-143-0-117-93-140-46"
144,74265,100,23002,97267,18,"117-93-140-108-18-69-139-46-115-96-42-5-41-193-159-22-146-181-34-160-48-54-177-10-4-112-84-184-43-116-65-59-151-162-123-127-70-135-154-180-158-53-26-86-75-101-1-97-152-2-120-44-129-92-145-78-16-171-175-113-31-196-81-90-27-71-164-7-95-165-40-185-169-179-57-55-52-106-178-3-49-32-138-14-144-62-9-15-148-12-94-63-79-133-80-176-137-183-143-0"
145,77511,100,24097,101608,16,"105-43-96-115-139-46-0-183-143-117-93-108-18-22-159-193-41-42-160-181-146-34-48-54-177-10-184-35-131-149-123-162-151-133-135-154-180-53-100-86-75-2-129-92-145-78-25-120-44-16-171-175-113-56-13-85-31-38-196-81-40-119-185-57-55-52-106-178-3-165-90-27-164-7-21-14-49-102-144-62-9-148-137-124-94-189-19-152-97-1-101-26-182-63-79-80-176-59-65-116"
146,79766,100,22461,102227,16,"133-151-51-141-118-59-197-115-139-46-140-93-117-0-143-183-89-137-176-80-79-122-63-182-94-189-26-97-101-150-1-152-2-129-92-57-55-52-106-178-167-148-15-9-62-144-49-14-165-40-185-145-78-113-175-171-16-44-120-75-86-53-158-180-154-135-70-127-123-112-4-84-184-190-10-177-147-54-30-48-160-34-146-22-18-159-193-41-5-42-43-105-116-65-47-77-166-131-24-162"
147,76873,100,23692,100565,16,"62-9-49-178-106-52-55-57-92-129-2-152-1-97-100-121-124-148-94-63-79-133-151-80-176-137-23-89-183-143-117-0-141-51-109-59-115-46-139-41-193-159-18-22-146-34-160-192-181-42-5-197-116-105-65-149-131-43-28-184-48-54-30-177-10-4-112-123-127-70-135-154-180-53-86-101-75-120-44-25-16-171-175-113-56-31-78-145-185-165-119-40-196-81-90-27-164-14-155-144"
148,78158,100,23433,101591,14,"160-34-48-54-177-10-190-4-112-123-127-70-135-154-180-53-86-101-75-2-1-97-152-189-121-63-122-94-124-12-148-9-62-102-49-3-178-106-52-55-57-92-129-120-44-25-16-171-175-113-50-56-85-31-38-78-145-185-40-90-27-164-7-165-14-144-15-137-23-89-183-143-0-46-198-139-41-193-159-18-22-146-181-42-115-59-60-109-51-151-176-80-79-133-45-162-65-116-43-184"
149,78867,100,23010,101877,15,"193-159-22-146-34-181-5-42-160-184-177-4-112-127-194-135-70-154-180-158-53-26-97-1-101-86-75-2-74-152-111-49-52-55-57-92-129-82-120-44-25-16-88-171-175-113-31-78-145-91-196-81-90-27-164-7-165-40-185-106-178-3-14-144-73-62-9-37-148-12-130-94-189-63-79-133-162-123-149-131-43-105-116-47-65-59-51-151-80-176-137-89-183-143-117-0-46-115-139-41"
150,76408,100,23778,100186,16,"175-113-78-145-92-57-196-81-90-27-164-165-40-185-55-52-106-178-3-14-144-49-128-148-9-62-15-114-186-89-183-23-137-176-80-63-79-133-151-51-118-59-115-198-46-0-143-117-93-108-69-18-199-22-146-103-195-159-193-41-191-139-96-42-43-116-65-77-184-160-181-34-54-177-4-112-123-162-127-70-135-154-180-158-53-182-121-94-124-152-97-1-101-86-75-2-120-44-16-171"
151,76417,100,24478,100895,13,"23-137-176-80-130-94-111-148-9-62-144-14-49-167-55-52-178-3-106-165-7-164-90-81-40-119-185-179-57-129-92-78-145-196-31-56-113-175-171-16-44-120-2-74-152-97-1-101-75-86-26-182-53-154-180-63-79-133-151-162-135-123-149-131-65-116-43-42-5-181-184-112-4-190-10-177-54-48-160-34-195-146-22-18-159-193-41-139-115-197-59-118-51-46-0-117-143-183-89-186"
152,76309,100,24472,100781,15,"139-68-117-143-183-89-0-46-115-59-51-79-80-176-137-23-186-83-15-148-9-62-144-49-14-138-3-178-106-52-55-185-40-119-165-7-164-27-90-81-196-31-56-113-175-171-16-78-145-92-57-129-82-25-44-120-2-87-152-97-1-101-75-86-53-189-94-63-182-136-180-154-70-135-194-133-151-162-131-123-127-112-4-177-54-160-184-43-65-116-5-42-181-34-146-22-18-159-193-41"
153,76860,100,23685,100545,15,"171-175-113-31-78-145-92-129-57-55-52-185-40-90-164-7-165-8-106-178-3-49-14-144-62-9-15-148-167-94-63-122-176-80-79-133-162-151-51-137-23-89-183-143-0-117-93-140-46-139-108-18-159-22-146-34-181-193-41-96-5-42-43-116-115-59-65-149-131-184-160-48-54-177-10-4-112-29-123-127-135-154-180-53-121-99-97-100-86-75-101-1-152-125-87-2-120-44-25-16"
154,76514,100,22278,98792,17,"114-148-9-62-144-49-14-138-178-106-8-165-90-81-40-185-52-55-57-92-145-78-31-113-175-171-16-25-44-120-2-152-97-26-1-101-75-86-53-94-63-79-80-176-51-109-151-162-133-180-154-6-135-70-127-123-126-112-4-84-11-184-190-10-177-30-54-48-160-34-181-42-5-43-166-116-65-59-115-46-198-139-110-41-193-159-22-18-108-140-93-117-0-143-183-89-76-137-23-186"
155,77241,100,24325,101566,15,"185-165-90-164-7-21-138-14-49-144-61-62-9-148-23-89-183-143-117-93-0-137-176-80-133-162-45-151-51-72-59-65-116-77-43-42-5-41-193-115-46-198-139-18-159-195-22-146-34-160-184-54-30-177-10-4-112-123-127-70-135-154-180-53-63-79-94-189-152-97-1-101-26-100-86-75-2-120-44-25-145-78-16-171-175-113-56-85-31-196-81-187-40-92-129-57-55-52-178-106"
156,76028,100,24391,100419,15,"23-183-89-186-148-9-62-49-14-144-21-164-90-81-196-40-165-185-179-106-178-52-55-57-129-92-145-78-31-113-175-171-16-25-44-120-2-75-86-26-101-1-97-152-19-94-53-158-180-154-70-135-194-127-123-29-112-4-177-184-160-42-5-41-193-142-159-181-34-146-22-20-18-69-108-140-93-117-143-0-46-139-115-118-51-59-65-47-116-43-149-161-162-151-133-79-63-80-176-137"
157,78758,100,23013,101771,17,"42-5-115-46-68-139-41-193-159-18-69-108-140-93-117-0-143-183-89-23-137-148-9-62-102-144-155-14-49-178-106-3-32-138-21-165-185-40-119-90-81-145-78-31-113-175-171-16-44-120-92-57-55-52-172-94-122-79-63-26-97-1-152-2-75-101-86-53-158-154-180-173-135-70-127-123-162-72-151-133-80-176-66-51-118-59-131-65-116-105-77-43-184-160-34-103-146-22-195-181"
158,78862,100,22679,101541,15,"46-0-117-143-183-89-23-137-176-80-133-79-63-94-19-189-121-100-86-101-75-120-44-25-16-171-175-113-31-81-90-27-165-40-185-179-145-78-92-129-57-55-52-106-178-3-49-14-144-62-9-15-37-148-111-128-167-172-87-2-125-152-1-97-26-53-182-180-154-135-70-127-156-123-162-151-51-72-59-65-47-116-43-184-177-54-160-181-34-103-146-22-18-159-193-41-42-5-115-139"
159,76209,100,23320,99529,15,"63-79-80-176-137-51-59-72-151-162-133-173-180-154-135-70-127-123-112-84-65-116-43-184-177-54-160-34-146-22-159-193-41-42-5-115-46-139-191-110-69-18-108-140-93-117-0-143-183-89-23-186-15-148-9-62-102-144-73-21-164-27-90-165-119-40-185-32-14-49-3-178-106-52-55-57-92-129-82-145-78-31-113-175-171-16-44-120-2-152-97-1-101-75-86-26-121-53-182-94"
160,79117,100,24000,103117,16,"178-14-49-102-144-21-164-27-90-165-8-185-40-81-196-91-179-145-78-31-56-113-175-171-16-25-44-120-2-75-101-86-26-97-1-74-152-121-189-94-122-80-79-63-53-180-154-135-133-151-162-123-112-4-177-54-34-160-184-42-5-43-116-47-65-59-72-176-66-51-115-41-193-159-22-18-139-198-46-0-183-89-23-137-186-114-64-15-62-9-37-148-12-129-82-92-57-55-52-106"
161,78017,100,24494,102511,14,"32-178-106-52-55-57-92-129-111-148-124-94-130-137-141-115-96-41-193-139-46-0-183-143-117-93-108-69-18-159-22-146-34-160-54-177-4-112-35-184-42-43-116-65-131-59-51-176-80-63-79-133-151-162-123-135-154-180-158-53-86-100-26-19-152-97-1-101-75-2-120-44-25-145-78-16-171-175-113-56-31-81-90-27-39-165-119-40-185-138-14-144-114-23-186-15-9-62-102-49"
162,78671,100,24671,103342,15,"151-51-176-80-133-79-122-63-94-124-152-74-1-97-136-180-194-123-127-70-135-154-53-86-101-75-2-129-92-120-44-16-171-175-113-56-31-168-78-145-196-81-90-27-164-39-165-40-185-179-57-55-52-106-178-49-14-144-73-62-9-148-137-23-186-89-183-143-0-46-115-139-191-41-193-108-18-22-146-159-181-34-160-54-177-184-4-112-131-149-65-77-43-42-5-116-197-59-161-162"
163,75480,100,23603,99083,15,"9-148-128-178-106-165-27-90-40-185-52-55-57-129-92-145-196-81-31-56-113-175-171-16-78-25-44-120-75-86-101-1-97-152-94-80-176-51-151-162-133-79-63-182-53-180-154-135-70-127-123-112-4-84-184-190-10-177-54-48-34-160-42-5-43-116-105-77-131-47-65-197-59-118-115-41-193-159-146-22-20-18-69-108-140-93-139-46-0-117-143-183-89-23-137-186-144-14-49-62"
164,77178,100,22928,100106,16,"90-81-196-17-157-38-31-113-175-171-16-25-44-120-78-145-92-129-2-75-86-101-1-100-97-152-167-124-94-53-158-154-180-182-63-79-80-176-51-151-133-162-135-127-123-126-112-4-84-35-184-177-54-34-146-22-181-160-42-5-43-116-65-47-131-59-197-115-46-139-110-41-193-18-69-108-140-93-117-143-0-153-183-89-23-137-148-62-144-14-102-49-178-106-52-55-185-40-165-27"
165,79733,100,24601,104334,17,"41-42-181-34-160-48-54-177-10-184-4-112-126-127-70-135-123-24-162-45-151-133-180-154-53-100-26-86-75-101-1-97-152-2-129-120-44-16-171-175-113-31-78-145-179-92-57-55-52-185-40-90-27-164-165-106-178-49-138-14-144-73-83-89-183-143-117-0-137-23-186-114-15-61-62-9-37-148-167-94-189-136-63-79-80-176-51-60-59-65-47-116-43-115-46-139-18-22-159-193"
166,78753,100,24412,103165,16,"96-115-59-51-151-133-79-80-176-137-183-89-144-14-165-119-40-90-81-31-113-175-171-16-78-44-120-75-86-101-1-100-26-97-152-87-2-129-92-145-169-185-52-106-178-49-102-62-9-148-94-19-189-63-182-53-180-154-135-70-127-162-123-35-112-4-84-190-10-177-54-184-166-149-77-47-65-116-105-43-5-42-160-34-181-146-22-159-18-69-108-93-117-143-170-0-46-139-193-41"
167,78140,100,24278,102418,16,"16-78-44-120-92-57-129-2-152-97-1-101-75-86-53-63-79-180-154-135-70-127-112-4-190-10-177-54-48-34-160-42-41-193-159-22-18-108-69-139-46-115-116-65-77-43-166-184-35-131-123-162-151-133-80-176-51-59-109-137-0-143-183-89-23-186-15-94-124-148-33-9-62-144-14-49-128-32-3-178-106-52-55-185-40-8-165-39-27-90-81-196-179-145-38-31-56-113-175-171"
168,76121,100,24234,100355,16,"175-171-16-25-44-120-75-86-101-1-97-26-100-53-154-70-135-180-136-63-79-80-176-51-59-151-133-162-127-123-24-149-65-105-116-197-115-42-43-28-160-184-112-4-190-10-177-54-34-146-22-18-108-159-193-41-139-46-0-183-89-186-114-23-137-12-94-152-2-129-92-57-55-52-106-178-3-49-167-148-9-62-102-144-14-138-185-165-164-27-90-119-40-81-196-145-78-31-56-113"
169,78848,100,22896,101744,17,"42-5-197-115-139-46-0-143-117-108-18-22-159-193-41-181-34-160-48-54-30-177-10-184-11-84-112-123-135-154-180-53-136-63-122-94-130-148-111-74-152-97-26-100-86-75-101-1-87-2-120-44-25-16-171-175-113-56-31-81-196-91-145-78-92-57-55-52-178-3-106-185-40-119-90-27-165-14-49-144-62-9-183-89-23-137-176-80-79-133-162-151-51-72-59-65-47-116-105-43"
170,78654,100,23075,101729,16,"2-1-97-26-101-75-86-53-180-154-135-70-127-123-162-45-151-133-176-80-79-63-94-137-66-51-118-59-197-116-65-131-77-43-28-184-84-112-4-190-10-177-30-54-48-34-160-42-115-46-139-191-41-193-159-22-18-108-117-0-143-183-89-23-186-62-9-61-144-155-14-138-165-90-81-40-185-145-78-31-113-175-171-16-44-120-129-92-57-55-52-106-178-3-32-49-148-128-167-152"
171,73167,100,22599,95766,16,"122-79-80-176-137-23-186-89-183-143-0-117-93-108-18-22-146-34-160-54-177-10-190-4-112-184-131-149-65-116-43-42-5-41-193-159-191-139-68-46-198-115-59-51-151-133-162-123-127-135-154-180-158-53-182-121-26-97-1-101-86-75-2-152-167-52-55-57-92-129-82-120-44-16-171-175-113-56-31-78-145-157-196-81-90-165-40-185-106-178-49-14-144-62-9-15-148-124-94-63"
172,78091,100,23740,101831,15,"18-22-146-34-160-184-54-177-10-190-84-4-112-127-70-135-154-180-133-79-63-182-53-100-1-101-86-75-120-44-16-171-175-113-56-31-78-145-179-196-81-90-27-164-7-21-165-40-185-52-106-178-3-49-32-138-14-144-102-62-9-148-111-128-172-55-57-92-129-2-87-74-152-97-19-94-80-176-151-162-123-65-105-43-42-116-59-51-137-23-89-183-143-0-46-115-139-41-193-159"
173,77228,100,24408,101636,13,"116-43-42-159-22-18-108-69-193-41-139-115-198-46-117-143-0-118-59-51-151-133-79-63-122-80-176-137-183-89-23-148-9-62-102-49-144-155-14-138-165-90-81-40-185-106-178-52-55-57-129-92-179-145-78-38-31-56-113-175-171-16-25-44-120-75-101-86-100-97-1-2-152-128-12-130-94-121-53-180-154-135-70-127-123-162-149-4-112-190-10-177-54-48-160-34-181-192-184-65"
174,77707,100,24108,101815,17,"117-143-183-0-46-68-139-41-193-159-181-42-5-43-149-47-65-116-115-59-118-51-137-176-80-151-162-133-79-63-182-121-189-94-12-167-148-37-9-62-144-155-14-49-178-106-52-55-185-165-164-27-90-40-169-81-196-145-57-92-78-31-56-113-175-171-16-44-120-2-74-152-97-1-101-75-86-53-180-154-6-135-70-127-123-112-4-184-10-177-54-48-160-192-34-146-22-18-108-93"
175,78507,100,24987,103494,16,"180-154-70-135-133-79-122-80-151-162-123-127-112-4-10-177-30-54-184-149-65-197-116-105-43-96-42-160-34-146-22-18-108-159-193-41-115-139-117-143-0-46-59-72-51-176-137-23-183-89-186-15-148-37-33-9-62-102-49-14-144-21-7-164-27-90-165-32-3-178-106-52-57-92-145-185-40-196-31-113-175-171-16-78-44-120-2-75-86-26-101-1-97-152-74-124-94-63-53-158"
176,79242,100,24861,104103,16,"112-4-190-10-177-54-160-184-35-65-116-105-43-42-115-41-193-181-34-22-18-108-117-143-0-68-139-198-46-59-51-151-133-79-63-122-80-176-137-23-183-89-186-144-14-185-40-119-165-7-164-90-81-196-188-50-56-31-13-113-175-171-16-78-145-92-129-57-55-52-106-178-3-49-62-9-148-94-152-97-1-2-120-25-44-75-101-86-182-53-158-180-154-6-70-135-45-162-123-127"
177,78248,100,24887,103135,15,"55-57-92-129-2-152-94-12-80-63-79-133-151-162-59-51-176-137-148-9-62-49-14-144-73-15-64-186-23-89-183-143-117-0-46-60-115-139-93-140-67-108-69-18-159-193-41-5-42-160-22-146-34-54-177-10-190-84-184-166-43-116-65-47-123-127-70-135-154-180-158-53-136-182-121-86-97-1-101-75-120-44-25-16-171-175-113-31-78-145-81-90-27-164-165-40-185-106-178-52"
178,77847,100,22033,99880,15,"193-159-42-43-105-116-65-131-184-54-160-34-181-146-22-18-108-117-0-143-183-89-137-176-80-79-122-63-99-189-19-94-124-148-9-62-49-14-155-144-21-7-164-27-90-187-81-196-169-40-165-185-106-178-52-55-57-129-92-179-145-78-31-56-113-175-171-16-25-44-120-2-87-125-152-1-101-75-86-97-100-121-53-158-180-154-135-127-123-162-133-151-51-109-59-115-46-68-139-41"
179,77972,100,23668,101640,15,"180-154-6-135-70-127-123-112-4-177-184-43-77-105-65-116-42-160-48-54-34-181-41-193-159-22-18-108-139-46-115-59-118-51-151-45-162-133-182-63-79-80-176-66-137-0-117-143-183-89-23-186-148-9-62-102-49-14-144-21-7-164-27-90-165-40-185-169-145-78-31-56-113-175-171-16-44-120-92-57-52-106-178-3-167-124-12-94-189-152-2-75-86-101-1-97-26-100-53-158"
180,80256,100,24832,105088,15,"176-80-133-79-63-180-135-70-154-53-19-26-86-101-1-97-152-2-75-120-44-78-16-171-175-113-50-56-13-31-38-157-17-81-174-196-145-179-92-129-172-57-55-52-178-106-185-40-119-165-90-27-164-21-144-155-14-49-62-9-114-148-167-94-137-23-89-183-143-0-46-68-69-108-18-22-103-146-159-193-41-139-115-116-65-43-42-181-34-160-54-177-184-112-123-162-151-72-59-51"
181,75837,100,22994,98831,15,"41-139-46-115-59-118-109-51-151-176-80-63-79-133-162-127-70-135-154-180-158-53-136-94-152-97-86-75-101-1-2-82-120-44-25-78-16-171-175-113-31-145-92-57-55-52-185-40-196-81-90-27-165-106-178-3-138-14-49-144-61-62-9-37-148-137-23-186-89-183-153-0-143-117-108-18-22-193-181-34-160-184-48-54-30-177-10-190-4-112-123-24-149-131-65-116-105-43-42-96"
182,79156,100,25452,104608,16,"52-106-185-40-81-90-27-164-165-138-14-21-132-144-62-9-49-3-178-167-148-124-94-63-79-133-162-151-80-176-137-89-183-51-59-116-105-43-42-181-159-193-41-142-139-115-198-46-0-143-117-108-18-22-34-160-54-30-177-10-190-4-112-84-184-28-77-65-131-24-123-127-135-154-180-53-86-75-101-1-97-152-2-120-44-25-78-31-16-171-175-113-56-157-145-92-129-172-57-55"
183,75733,100,22391,98124,16,"115-46-0-143-183-89-186-23-137-148-9-62-102-49-155-144-14-178-106-52-57-92-145-185-40-165-27-90-81-196-157-38-31-56-113-175-171-16-78-25-44-120-2-75-86-101-1-97-152-189-94-136-53-158-180-154-70-135-133-79-63-122-80-176-51-151-162-123-149-131-184-84-112-4-10-177-30-54-48-160-34-103-146-22-18-108-69-199-159-181-42-43-116-65-59-96-41-193-110-139"
184,77352,100,23588,100940,16,"162-133-151-51-141-176-80-130-122-79-63-136-180-135-127-70-154-53-86-100-26-97-94-152-1-101-75-2-129-82-120-44-16-171-175-113-78-145-92-57-55-52-185-40-90-165-106-178-49-14-144-62-9-37-148-15-186-23-137-76-89-183-143-0-117-93-140-108-18-22-146-159-193-41-139-46-115-116-65-47-43-42-181-34-160-48-54-30-177-10-184-166-35-84-4-112-123-149-59-72"
185,77898,100,24637,102535,15,"176-80-12-124-94-63-122-79-133-151-162-65-116-105-77-43-42-184-160-34-54-177-4-112-123-127-70-135-154-180-158-53-136-19-100-97-152-1-101-86-75-2-82-120-44-25-16-171-175-113-31-78-129-92-145-196-81-90-164-7-165-8-119-40-185-57-55-52-106-178-49-102-14-155-144-62-9-148-186-23-89-183-143-117-18-22-146-159-193-41-115-139-68-46-0-137-141-59-109-51"
186,75856,100,23318,99174,17,"123-135-154-180-53-86-101-75-120-44-25-16-171-175-113-31-81-196-179-145-78-92-129-57-55-52-178-106-185-40-119-165-39-90-27-164-14-32-49-144-61-62-9-37-148-167-152-2-1-97-121-94-63-79-133-80-176-137-23-89-183-143-0-117-93-140-69-18-108-46-139-41-193-159-22-181-192-160-34-48-54-177-10-184-35-131-149-47-65-116-43-42-96-115-59-118-109-51-151-162"
187,78434,100,22251,100685,15,"133-151-80-176-137-23-89-183-143-117-0-46-118-59-116-65-47-149-184-28-77-43-42-5-115-139-41-193-159-69-108-18-22-146-34-160-48-54-177-10-4-112-127-123-24-162-161-135-70-154-180-53-86-75-101-1-97-152-125-87-2-120-44-129-92-145-168-78-16-171-175-113-56-13-31-196-81-90-27-39-165-40-185-57-55-52-106-178-3-49-14-144-62-9-148-94-19-182-63-79"
188,79840,100,22545,102385,16,"80-51-72-151-162-161-133-79-63-94-152-2-75-101-1-97-26-100-86-53-180-154-135-123-149-131-184-10-177-54-48-160-34-103-146-22-159-193-41-181-42-43-116-47-65-59-115-139-46-0-143-183-89-186-144-14-138-185-165-39-21-7-164-95-27-90-119-40-174-81-196-17-31-13-56-50-188-113-175-171-88-16-78-145-25-44-120-129-92-57-55-52-106-178-49-62-9-148-137-176"
189,77315,100,22580,99895,14,"163-139-46-117-143-170-0-153-183-89-186-23-137-51-109-151-162-133-176-80-79-63-94-130-148-9-62-49-14-155-144-21-7-164-90-165-119-40-185-106-3-178-52-57-92-145-78-31-13-56-113-175-171-16-44-120-2-152-97-1-101-75-86-53-180-154-135-70-127-123-131-149-59-115-116-65-43-160-184-11-84-112-4-177-54-48-34-103-146-22-181-42-5-96-41-193-159-18-69-108"
190,77255,100,23133,100388,15,"46-68-139-69-18-108-140-93-117-143-0-153-183-89-23-137-176-80-51-151-133-79-122-63-94-124-148-15-9-62-144-102-49-14-178-106-52-185-40-165-90-81-113-175-171-16-31-78-25-44-120-82-145-92-57-55-129-2-1-101-150-75-86-100-26-97-152-19-99-53-158-180-154-135-70-127-123-162-184-177-54-160-192-181-34-146-22-159-142-193-41-42-43-105-116-65-59-72-118-115"
191,79000,100,25264,104264,16,"170-0-117-108-18-22-146-34-160-48-54-177-184-43-42-96-159-193-41-115-198-139-68-46-60-118-59-116-65-4-112-123-162-151-109-51-66-176-80-63-79-133-194-135-70-154-180-158-53-182-94-124-148-37-167-49-14-178-106-52-57-92-129-152-1-97-26-86-101-75-2-82-120-44-145-78-16-171-175-113-31-81-40-185-165-90-164-21-73-144-62-9-15-64-186-137-23-89-183-143"
192,79040,100,22412,101452,15,"145-78-25-44-16-171-175-113-56-31-17-196-81-90-27-164-7-21-73-144-14-138-8-165-119-40-185-91-57-55-52-106-178-3-49-62-9-148-167-111-94-63-122-80-79-133-151-59-51-176-137-23-186-15-83-89-183-143-170-0-117-68-46-139-115-116-65-43-42-41-193-159-22-34-160-54-177-184-35-123-127-70-135-154-180-136-53-100-26-86-75-101-1-97-152-74-125-2-120-92"
193,77403,100,25023,102426,16,"22-18-108-139-115-46-0-117-143-183-89-137-176-80-79-122-63-94-189-97-152-167-128-148-37-9-62-73-144-14-49-178-106-32-138-21-7-164-58-165-185-40-119-27-90-81-196-56-113-175-171-16-31-78-25-44-120-82-145-52-55-57-92-129-2-1-101-75-86-100-53-180-154-135-112-4-190-10-177-54-184-123-162-133-151-51-59-65-116-105-43-42-160-48-34-181-96-41-193-159"
194,79404,100,23491,102895,14,"27-165-8-106-178-32-49-14-144-73-62-9-148-15-114-186-23-137-76-89-183-143-117-0-46-68-139-41-193-159-69-108-18-22-34-54-177-184-4-112-123-149-77-105-65-116-43-160-42-96-115-118-59-72-51-151-162-133-79-180-173-135-70-154-158-53-136-63-80-176-130-94-189-152-97-1-101-86-75-2-120-44-25-78-16-171-175-113-56-31-38-145-92-57-55-52-185-40-81-90"
195,77100,100,24535,101635,14,"185-40-119-165-39-27-90-81-196-145-78-31-56-113-175-171-16-44-120-82-129-2-75-86-101-1-97-87-152-94-63-121-53-180-154-70-135-194-133-79-80-176-51-109-151-162-127-123-24-65-116-43-42-115-59-118-46-139-193-41-160-184-84-112-4-190-10-177-54-34-146-22-159-18-108-117-0-143-183-89-76-137-23-186-148-167-33-9-62-49-144-21-14-178-106-52-55-57-92-179"
196,77954,100,22827,100781,18,"42-43-116-65-59-115-139-46-68-93-117-143-0-153-183-89-23-137-186-114-15-148-37-33-9-62-61-144-155-14-49-178-106-185-40-165-90-81-52-55-57-129-92-145-78-31-113-175-171-16-25-44-120-75-86-158-53-136-182-121-26-97-1-101-2-167-125-74-152-19-189-94-63-79-80-176-51-151-162-133-180-154-135-70-127-123-112-184-177-54-160-34-146-22-18-108-69-159-193-41"
197,75833,100,22652,98485,16,"106-178-49-14-155-144-62-9-148-124-94-63-79-80-176-137-186-23-76-89-183-153-0-143-117-93-140-108-18-139-46-198-41-193-159-195-22-146-34-181-42-160-54-177-184-43-65-116-115-118-59-72-51-151-162-123-127-70-135-194-133-180-154-53-121-189-152-97-26-1-101-86-75-2-120-44-25-16-171-175-113-56-85-31-157-38-78-145-179-92-129-57-55-52-185-40-196-81-90-165"
198,78729,100,22531,101260,16,"194-135-70-154-180-79-63-182-136-53-86-101-75-2-152-1-97-100-189-94-167-148-37-102-49-178-106-52-55-57-92-120-44-25-16-88-171-175-113-56-13-85-31-168-78-145-179-185-40-81-90-165-138-14-144-62-9-15-186-137-23-89-183-143-0-117-108-18-139-198-46-115-41-193-159-22-146-34-160-54-177-184-42-43-77-105-116-65-59-51-176-80-133-151-162-161-131-149-123-127"
199,77328,100,24034,101362,15,"117-143-183-89-23-137-186-144-14-106-185-40-119-165-90-145-78-38-31-56-113-175-171-88-16-44-120-82-129-92-57-55-52-178-49-62-9-148-12-94-122-79-63-97-101-1-152-2-75-86-53-180-154-70-135-162-151-133-80-176-51-60-118-59-115-193-41-96-42-43-77-116-65-131-123-127-112-84-35-11-184-190-10-177-54-48-160-34-181-146-22-159-18-108-69-139-68-46-0-93"
200,77482,100,23977,101459,15,"144-62-9-148-186-23-89-183-143-117-0-137-51-176-80-63-79-133-151-59-115-46-68-139-18-22-159-193-41-42-181-34-160-48-30-54-147-177-10-190-184-28-166-43-116-65-149-84-4-112-24-123-162-127-70-135-154-180-158-53-121-99-94-19-152-97-100-86-75-101-1-2-120-44-25-129-92-57-179-145-78-16-171-175-113-90-27-164-7-95-39-165-40-185-55-52-106-178-49-14"
