SolutionID,TotalCost,NumNodes,TotalDistance,ObjectiveFunction,TotalRunningTime,Cycle
1,63188,100,37984,101172,96,"5-177-21-8-144-111-82-81-163-89-127-114-166-179-47-94-130-95-124-106-139-51-100-40-107-133-10-147-125-131-1-135-63-122-191-90-156-198-117-54-193-31-73-25-138-11-182-121-112-19-136-142-36-141-187-165-103-143-109-29-0-35-62-18-55-152-184-155-3-70-132-13-33-104-91-61-77-176-148-20-183-140-145-195-168-169-188-15-34-185-99-86-194-113-153-78-175-190-80-45"
2,66250,100,40012,106262,28,"41-111-104-138-25-73-164-31-193-190-80-136-169-188-147-133-107-40-63-135-122-121-118-74-139-168-13-195-134-131-1-198-117-54-182-11-29-0-35-106-124-18-62-81-97-141-77-153-163-194-166-55-152-34-109-160-144-8-177-142-175-78-61-95-130-183-155-189-33-21-45-5-36-91-82-15-70-3-145-132-6-98-51-191-90-28-148-47-94-60-20-140-9-99-185-86-176-113-143-159"
3,65069,100,39249,104318,26,"121-131-122-40-107-63-135-1-117-193-190-80-141-146-187-103-194-166-183-140-152-155-51-90-191-147-70-28-20-179-127-89-153-97-77-81-163-113-180-176-159-143-35-0-15-3-13-132-195-109-83-18-55-34-189-145-169-188-65-6-134-11-106-86-185-128-124-82-8-104-182-139-33-168-29-62-130-99-94-47-148-95-111-177-31-54-73-136-45-5-175-78-36-61-91-21-144-160-49-138"
4,63223,100,36714,99937,30,"90-122-44-133-10-147-138-33-0-35-106-143-8-21-177-5-45-175-78-142-162-190-80-36-61-141-77-163-103-89-127-94-47-124-144-104-121-117-54-31-193-73-25-182-155-170-34-109-29-13-195-168-132-15-145-18-62-83-55-95-86-194-166-172-179-183-140-152-3-169-188-6-85-134-74-118-51-139-11-160-111-81-153-113-176-185-99-148-20-28-149-70-63-102-32-135-38-27-1-131"
5,65679,100,39526,105205,20,"51-104-8-82-21-61-36-91-141-77-153-163-106-128-124-35-29-5-190-80-162-175-177-187-103-113-194-166-185-20-28-149-55-18-159-143-62-95-94-66-183-140-152-155-15-145-11-49-144-111-81-176-86-179-47-148-130-34-122-135-63-40-107-147-6-169-132-195-168-43-139-138-182-173-73-193-45-142-78-136-31-54-188-161-3-70-126-13-121-1-198-117-25-33-160-109-0-134-191-90"
6,59655,100,34024,93679,24,"81-77-141-36-61-21-87-82-29-168-195-13-169-188-6-147-122-135-63-40-107-100-133-10-118-11-56-8-5-175-78-80-190-73-121-132-70-3-189-170-130-95-86-153-163-127-89-103-113-176-194-166-185-47-148-20-28-140-183-152-184-155-15-145-143-106-62-128-124-35-109-160-33-144-104-25-54-31-193-198-117-177-138-139-134-191-90-27-38-1-156-131-125-51-182-111-0-18-55-34"
7,66277,100,38301,104578,31,"189-139-182-78-175-80-190-45-5-177-138-11-49-33-56-8-87-21-195-13-29-109-143-124-18-34-15-3-161-70-132-169-188-6-134-43-82-141-153-113-176-148-47-94-179-166-106-111-144-104-118-51-120-71-147-90-191-122-32-135-63-27-38-1-168-126-145-155-152-140-28-20-185-86-62-35-0-81-77-91-61-36-107-40-10-133-125-131-121-54-193-117-31-73-25-160-55-183-170-184"
8,65476,100,38759,104235,19,"54-31-193-190-80-78-141-97-187-165-113-166-179-94-47-148-20-99-128-124-62-155-184-152-28-140-183-131-1-198-117-177-77-176-86-95-130-185-22-194-103-89-127-163-153-106-18-55-34-170-189-3-15-29-39-82-21-156-27-38-135-122-25-5-36-61-138-11-195-188-169-70-145-168-182-56-111-0-12-35-109-144-104-8-33-160-139-51-90-107-40-63-151-45-175-136-73-112-121-19"
9,67090,100,39916,107006,18,"81-33-134-147-191-90-135-1-198-117-31-177-36-61-138-182-118-51-121-190-80-136-164-73-5-21-82-111-0-140-183-83-18-62-128-153-97-141-77-124-179-94-47-99-95-144-160-104-8-106-176-113-180-194-86-185-148-20-28-70-131-54-193-45-175-78-142-25-74-43-139-11-35-159-143-132-13-188-6-169-168-29-109-195-145-3-15-155-170-55-152-53-184-34-166-103-163-89-127-187"
10,67271,100,41109,108380,25,"103-35-147-10-133-122-90-51-118-182-138-21-91-61-177-1-27-38-63-135-131-139-11-49-29-124-166-194-113-176-18-145-15-3-155-95-130-185-99-28-149-152-70-132-13-195-168-43-134-121-117-54-31-6-188-169-25-73-193-80-190-175-36-141-128-20-47-148-94-179-86-143-111-68-160-39-33-104-82-187-89-163-153-8-56-144-0-109-34-55-140-183-62-106-81-97-77-165-127-114"
11,63829,100,39197,103026,14,"122-133-10-134-195-168-139-78-175-121-90-191-6-169-132-145-34-18-55-152-140-28-9-86-166-103-127-89-163-187-80-190-136-193-31-5-177-36-104-8-77-141-61-91-21-82-160-144-81-153-113-194-176-106-159-111-29-143-124-189-15-3-155-95-130-185-99-22-183-35-12-0-109-62-179-66-94-47-148-60-20-149-70-188-147-107-40-63-38-1-117-54-25-11-33-138-182-118-51-135"
12,59773,100,34145,93918,21,"113-176-128-170-155-70-132-169-134-122-96-63-100-40-107-133-10-147-6-188-118-112-117-198-1-38-135-131-74-182-138-160-34-55-18-62-124-106-81-77-141-153-163-89-103-185-60-20-148-47-94-166-194-179-86-130-95-99-183-140-152-111-36-5-45-162-142-175-78-177-21-82-8-104-25-164-193-31-54-73-136-80-190-121-90-51-139-109-0-29-33-11-168-195-13-145-3-15-35-143"
13,63609,100,36400,100009,19,"152-155-70-147-191-90-122-135-63-102-38-27-16-1-139-11-0-106-176-180-88-194-166-148-47-94-66-113-103-89-163-127-187-13-188-6-169-132-3-15-77-141-36-61-21-138-182-198-117-54-78-175-80-190-136-73-193-31-151-19-112-177-5-142-45-25-121-51-168-195-145-29-160-144-8-82-143-86-99-179-185-62-35-159-124-128-18-55-95-130-153-81-111-56-104-33-109-34-140-183"
14,64059,100,37626,101685,11,"77-81-153-163-89-103-194-166-179-99-185-86-95-130-183-170-29-33-160-182-51-90-191-134-132-13-126-195-15-161-70-3-145-6-147-178-10-133-122-135-188-169-168-104-8-25-131-1-198-117-193-136-175-78-141-113-176-106-18-9-148-154-94-66-124-143-11-139-138-177-5-190-80-31-54-73-121-111-62-22-47-60-20-28-184-155-152-149-4-140-35-0-109-55-34-82-61-36-91-21"
15,65023,100,37815,102838,15,"153-141-45-190-80-175-78-5-177-21-82-111-35-18-83-183-140-152-170-109-0-29-134-6-147-191-90-125-118-182-104-56-160-49-195-13-132-161-70-3-84-155-184-15-11-138-8-144-33-168-169-188-145-189-185-95-62-139-51-10-133-135-63-107-40-122-131-121-36-61-91-106-55-34-112-1-198-193-117-31-54-73-25-87-77-81-143-124-86-176-113-20-148-47-66-94-179-166-194-163"
16,66952,100,41809,108761,13,"25-177-21-82-153-179-60-20-28-140-183-152-170-109-0-35-18-62-124-106-143-182-112-1-198-36-61-91-77-81-111-8-160-33-122-107-40-147-13-132-169-188-6-134-90-191-118-74-11-144-104-139-43-195-168-189-185-99-148-47-94-130-145-15-70-3-155-34-89-103-163-121-135-131-190-80-193-117-54-31-73-78-175-142-5-141-97-187-127-113-194-166-176-86-95-55-29-138-51-98"
17,62150,100,34983,97133,30,"185-179-94-47-148-60-20-140-183-152-155-3-70-147-135-1-198-117-77-81-153-163-165-127-89-187-0-160-118-51-90-121-112-45-175-5-177-25-182-138-104-144-82-8-111-159-143-35-109-134-85-126-195-13-188-6-21-61-78-80-190-193-164-73-54-31-136-36-91-141-97-103-113-180-29-145-168-139-11-33-49-43-169-132-15-189-62-128-106-176-194-166-86-124-55-34-18-99-130-95"
18,67865,100,42220,110085,26,"187-141-36-78-175-142-177-168-13-195-11-138-139-134-6-188-169-132-29-0-35-109-15-145-10-107-40-100-191-182-33-111-163-194-166-183-140-152-73-54-117-198-156-1-31-193-136-173-25-104-8-82-5-45-80-190-160-155-189-70-3-133-63-102-135-122-90-131-121-34-55-18-106-176-113-180-86-185-20-148-47-94-179-130-95-124-62-147-71-51-118-21-61-91-77-153-165-103-127-89"
19,63014,100,37426,100440,25,"145-15-70-3-189-69-35-143-106-86-166-179-66-94-47-148-20-183-55-62-11-139-168-43-134-6-147-90-122-135-32-131-121-182-104-8-21-54-117-80-190-198-156-38-27-51-118-25-5-175-193-31-1-63-133-155-152-140-4-149-28-34-109-0-12-29-160-144-111-77-89-127-163-113-176-194-103-81-82-33-138-45-78-177-61-36-141-187-153-18-124-128-185-130-95-169-188-132-195-13"
20,68580,100,42315,110895,18,"63-1-45-142-175-78-21-8-111-176-166-172-179-185-130-183-20-47-94-148-140-152-168-139-182-54-31-190-80-162-82-81-163-89-127-103-124-128-18-62-106-159-144-160-49-29-13-43-25-73-136-177-138-3-70-145-188-192-147-90-122-131-112-61-36-77-97-141-5-117-198-193-0-170-34-55-189-195-169-15-155-184-95-86-194-113-153-143-35-109-33-11-132-6-134-51-121-135-107-40"
21,59298,100,34242,93540,21,"153-163-165-127-89-103-113-194-166-179-172-114-137-187-141-91-36-78-175-142-5-61-77-81-106-95-130-99-86-176-180-185-183-152-155-109-35-143-124-128-62-18-55-34-170-140-28-94-66-47-148-20-145-169-6-126-13-132-70-3-15-11-138-25-73-117-31-1-38-63-102-135-131-121-182-139-160-111-8-82-21-87-177-80-190-193-54-104-33-0-29-168-195-188-147-133-122-90-51-144"
22,69317,100,43695,113012,12,"113-176-86-34-3-6-192-147-10-133-139-109-95-130-179-94-47-148-20-28-8-136-73-164-193-198-117-175-45-121-90-131-135-122-63-107-40-70-155-152-55-18-128-143-77-91-177-78-5-80-190-118-134-188-13-168-43-11-0-163-103-89-127-81-111-25-54-31-156-1-51-169-15-29-12-35-183-140-185-166-194-106-124-62-145-132-195-49-160-104-182-138-33-144-82-21-61-36-141-153"
23,65127,100,39031,104158,26,"107-40-63-121-112-136-190-80-175-61-77-187-127-89-163-153-81-73-31-117-193-45-21-87-82-8-111-56-144-168-145-70-3-15-139-182-104-177-5-78-36-141-103-194-176-113-166-86-106-124-185-130-95-35-12-0-109-143-179-94-148-183-152-170-34-55-140-28-149-155-6-71-90-191-135-122-133-134-138-160-33-11-118-51-131-1-198-54-25-29-18-62-189-195-169-132-13-188-147-10"
24,65850,100,39168,105018,20,"152-140-148-47-94-179-130-95-8-5-45-80-190-36-61-91-141-77-187-165-127-89-103-62-34-189-155-184-109-29-12-0-159-128-124-86-113-163-153-81-160-33-144-35-18-55-3-70-188-51-121-31-54-193-73-177-21-82-111-143-106-176-194-166-185-183-170-11-118-90-122-135-38-1-198-117-138-43-134-25-142-175-78-182-139-168-195-132-13-15-145-169-6-147-10-178-133-63-102-131"
25,68945,100,42895,111840,17,"25-177-61-141-97-77-81-111-144-8-104-16-27-38-63-135-122-90-51-138-33-160-143-124-15-145-13-132-169-126-168-195-43-134-118-121-198-117-54-73-21-82-106-183-28-140-152-155-139-31-193-190-80-36-153-103-194-176-180-26-137-165-127-89-163-114-113-166-34-133-107-40-10-55-185-99-179-86-95-130-18-62-109-35-29-0-11-131-1-156-136-175-78-5-182-3-70-188-6-147"
26,67046,100,42095,109141,14,"90-122-63-40-107-133-147-134-29-55-83-185-179-99-130-95-86-128-77-97-81-153-163-89-127-103-176-194-106-160-33-11-139-195-132-169-188-6-51-121-112-198-1-38-27-16-135-131-54-177-104-8-20-148-94-166-113-180-18-34-109-0-3-70-15-145-13-5-78-45-80-190-175-61-36-21-143-62-124-111-193-31-73-117-25-182-138-82-146-187-141-91-144-35-152-140-28-183-155-168"
27,62256,100,35589,97845,21,"135-122-90-191-71-147-6-169-168-160-104-182-74-98-51-188-132-3-155-152-140-148-66-94-47-60-20-28-183-174-55-18-83-106-159-81-77-97-187-165-89-103-176-166-194-113-141-91-61-36-80-190-193-164-117-198-121-118-134-145-15-34-62-124-143-29-11-139-138-33-82-153-163-127-114-179-185-95-86-128-111-0-109-35-136-73-54-31-175-78-5-13-70-195-144-21-177-8-25-131"
28,71271,100,44420,115691,19,"194-176-106-124-189-145-188-6-147-51-118-134-169-70-3-152-60-148-94-47-179-82-177-54-1-131-90-15-155-149-28-20-185-166-113-111-135-63-122-19-78-142-45-80-190-193-31-136-61-187-163-103-143-49-182-25-121-112-198-117-73-173-138-33-160-104-8-87-21-11-168-13-55-18-62-153-81-77-56-144-109-35-141-91-36-175-5-139-195-29-0-12-34-170-174-140-183-130-95-86"
29,62913,100,36641,99554,16,"106-124-62-18-55-95-86-166-194-114-103-113-176-185-47-148-60-20-28-140-183-34-189-51-191-133-10-147-6-188-169-111-141-91-61-175-193-164-117-54-31-73-136-144-155-152-170-109-0-35-12-29-134-90-135-102-63-122-143-159-153-127-89-163-187-77-82-21-8-104-160-33-138-121-1-156-198-80-190-45-142-139-13-132-145-70-3-15-195-168-11-182-118-74-25-177-5-78-36-81"
30,64984,100,38973,103957,18,"177-78-175-193-31-54-73-80-190-1-135-102-63-40-122-90-118-182-138-104-77-153-180-176-106-124-159-143-128-194-103-163-89-127-81-33-160-139-189-183-47-94-66-166-113-141-36-5-117-198-27-38-131-134-169-132-3-184-95-130-86-22-172-52-179-99-185-62-35-0-29-195-168-11-49-144-109-18-55-34-170-152-155-145-15-70-188-6-147-51-121-25-140-149-28-20-148-111-8-21"
31,70498,100,40867,111365,20,"18-143-82-61-36-91-141-77-81-111-8-21-78-175-142-11-195-13-132-169-134-98-51-131-117-193-177-187-114-179-99-185-166-176-113-194-180-0-191-122-135-90-125-120-71-147-6-188-70-170-183-140-152-15-145-168-43-25-112-121-118-139-3-155-34-62-128-124-103-127-89-163-153-159-35-109-86-130-95-106-5-45-73-54-151-160-33-138-182-158-173-136-80-190-164-31-104-144-29-55"
32,62659,100,37333,99992,17,"177-91-141-97-187-137-114-103-180-34-155-145-195-5-142-175-78-36-61-87-21-104-139-168-152-140-183-128-124-159-111-144-160-109-62-18-55-130-95-185-86-194-113-26-89-165-127-163-153-81-8-56-0-35-29-169-188-70-3-15-25-73-198-1-135-122-191-90-51-118-182-138-11-33-143-106-47-148-28-20-60-94-179-166-176-77-82-190-80-31-54-131-63-40-107-133-10-121-117-193"
33,61755,100,36368,98123,16,"155-3-70-140-183-99-130-95-128-82-177-25-118-98-51-121-112-136-80-190-193-31-73-173-182-139-168-195-145-15-34-18-62-176-103-127-113-194-166-179-47-94-60-20-148-185-86-106-109-29-81-153-187-89-163-77-141-91-79-61-45-117-198-156-131-188-169-6-147-10-133-107-40-100-90-134-11-138-104-21-36-78-175-5-54-1-135-102-63-122-33-0-35-111-8-143-124-55-170-152"
34,60189,100,34614,94803,18,"198-117-164-73-177-21-82-81-153-187-163-89-127-114-113-103-77-5-78-175-36-61-141-91-87-8-11-139-182-138-29-111-160-118-51-90-122-63-102-135-27-38-54-31-193-190-80-25-33-109-124-62-34-152-189-3-15-195-169-188-6-134-43-168-0-35-143-106-128-86-166-179-185-94-47-20-70-132-13-145-155-184-170-4-149-28-60-148-140-183-18-55-194-176-144-104-121-131-1-156"
35,64648,100,39252,103900,14,"148-20-28-140-152-182-5-45-25-138-104-8-21-91-61-78-175-162-80-190-142-36-141-97-106-128-86-185-95-183-124-143-168-195-13-134-10-133-107-40-63-1-121-112-131-135-122-90-191-51-71-147-6-132-15-3-34-55-113-114-89-176-62-18-170-184-155-11-49-33-139-169-188-70-145-160-82-77-165-163-153-81-54-117-31-193-177-111-144-35-0-29-109-187-137-127-103-194-166-94"
36,71456,100,46046,117502,15,"111-144-160-139-169-188-132-13-195-29-0-35-183-140-20-60-47-94-66-148-25-112-19-54-31-136-45-177-91-61-36-21-8-104-138-182-118-51-74-33-11-168-145-155-152-130-95-185-3-15-121-175-78-141-187-137-89-122-135-63-40-107-90-134-81-180-113-176-106-109-147-192-6-70-99-179-166-194-86-55-34-18-62-124-143-159-82-73-117-198-193-80-190-5-153-163-127-103-165-77"
37,64756,100,39594,104350,16,"60-20-28-149-155-147-133-122-107-40-63-135-51-118-74-139-33-11-15-3-70-169-188-6-134-191-90-125-121-131-1-117-193-25-182-138-104-136-54-31-73-5-177-36-78-142-45-190-80-175-61-153-89-103-183-140-55-18-77-91-79-141-187-163-113-176-180-62-34-143-109-0-35-124-86-185-22-95-128-111-8-21-82-106-94-66-194-166-179-130-152-145-195-168-13-132-29-99-148-47"
38,67608,100,40294,107902,17,"109-29-49-33-160-144-0-18-55-34-145-168-195-13-132-70-3-35-81-153-163-148-20-152-189-15-11-104-182-139-118-19-31-73-54-164-117-156-27-38-1-198-8-111-143-95-47-94-99-130-194-113-114-103-127-89-176-128-62-183-140-82-177-45-80-190-142-36-61-175-78-5-193-135-90-191-122-133-10-147-188-169-155-184-69-138-25-112-131-121-51-21-77-106-179-172-166-185-86-124"
39,62550,100,36441,98991,16,"124-62-174-140-183-83-128-163-103-127-89-153-77-141-36-25-118-98-147-71-191-90-135-122-133-10-178-51-121-131-1-31-54-134-6-188-169-15-189-18-55-152-155-145-13-139-11-138-104-21-61-91-82-8-111-177-45-190-80-117-198-38-63-70-3-109-35-29-168-195-132-0-33-160-175-78-5-73-164-193-182-34-149-28-20-60-94-47-148-99-185-86-176-113-95-130-179-166-194-106"
40,64411,100,39597,104008,22,"21-177-78-175-80-190-117-198-121-118-139-34-55-95-86-185-179-20-28-149-140-153-146-97-141-77-29-132-70-3-15-145-13-168-195-6-188-169-155-184-189-109-144-8-160-33-11-134-133-122-191-90-147-43-170-18-62-106-124-138-182-51-131-1-38-135-63-152-183-94-47-60-148-166-176-180-163-89-103-127-114-113-194-165-187-61-36-5-136-193-31-54-25-104-82-81-143-0-35-111"
41,66777,100,41257,108034,13,"89-103-163-61-36-135-122-90-191-51-118-139-106-176-180-194-113-143-111-25-121-73-31-193-117-198-54-136-175-78-45-80-190-5-177-21-104-144-0-160-138-11-13-169-152-140-183-34-29-6-147-133-107-40-70-28-9-185-153-81-77-141-82-8-35-109-124-128-99-47-60-20-94-66-148-95-62-55-86-166-179-130-18-155-189-15-145-195-168-43-134-188-126-132-3-49-33-97-187-127"
42,66802,100,39926,106728,18,"117-193-31-73-34-185-179-94-47-148-95-61-36-91-141-153-176-194-113-103-127-89-163-0-109-29-144-21-82-77-81-111-8-104-138-182-139-33-49-168-126-15-195-11-74-51-133-10-147-70-3-145-188-6-134-118-98-121-151-54-19-112-25-160-35-143-166-86-106-5-78-175-142-162-80-190-45-177-124-18-55-62-140-152-183-28-149-155-90-191-169-132-13-122-135-63-27-38-1-198"
43,62941,100,37450,100391,14,"166-179-185-86-176-113-103-187-141-61-36-73-164-31-54-173-104-8-82-111-144-168-188-6-40-107-122-133-10-178-147-85-134-25-78-175-45-193-117-1-131-121-118-132-13-169-70-15-145-29-143-34-28-20-60-148-94-66-47-99-95-183-140-152-170-55-62-18-124-106-21-198-27-38-63-135-90-51-139-33-109-0-35-155-3-160-138-182-11-195-126-43-136-190-80-5-177-77-153-163"
44,59951,100,34087,94038,36,"170-3-70-15-145-168-139-11-33-160-56-8-82-104-138-182-118-90-122-133-107-40-100-63-135-121-74-189-62-18-128-124-106-144-87-21-177-78-175-36-111-29-0-109-35-143-159-103-113-176-194-166-86-95-185-94-47-148-60-28-20-140-152-155-169-6-134-51-147-188-132-13-195-81-153-77-61-91-141-187-127-89-163-5-45-162-80-190-193-117-198-31-54-73-25-49-34-55-174-183"
45,68890,100,40876,109766,13,"113-187-141-61-36-142-80-190-193-117-1-38-63-102-135-131-121-138-8-56-104-54-31-25-182-11-170-152-184-70-13-132-3-155-53-140-28-20-148-185-86-153-77-87-21-78-175-162-45-5-177-82-81-124-128-95-183-55-18-34-189-15-145-168-111-143-106-159-144-33-139-160-109-0-29-49-74-118-122-100-40-107-10-133-191-43-195-134-6-188-169-35-103-89-163-51-90-147-62-176"
46,65570,100,40949,106519,15,"152-140-20-28-55-18-121-1-16-38-107-40-63-27-198-117-73-45-142-177-112-131-135-122-133-90-51-71-147-6-74-118-134-182-11-139-195-13-3-70-145-109-0-35-111-8-33-144-160-143-106-153-81-82-87-21-77-185-148-94-47-179-166-194-113-89-103-127-163-141-36-175-190-80-5-91-187-137-114-124-62-29-138-25-31-54-193-78-61-176-86-95-183-34-168-188-169-15-189-155"
47,62698,100,36963,99661,17,"28-20-148-94-179-166-194-113-180-176-86-128-124-29-160-144-111-81-153-141-36-61-78-190-80-162-45-142-175-5-177-90-191-10-133-135-38-27-131-121-25-8-140-183-95-185-62-35-0-109-189-170-34-18-55-152-184-155-3-132-188-6-134-73-54-31-193-117-198-156-1-63-100-107-147-13-15-70-169-11-33-143-106-127-89-103-163-187-77-138-182-51-122-72-40-125-118-139-168-145"
48,64908,100,39165,104073,17,"183-95-130-99-66-154-94-140-152-155-70-132-169-188-134-25-78-175-142-36-61-141-187-127-103-113-176-179-28-149-4-170-109-111-144-160-0-35-143-106-13-43-139-177-5-45-190-80-193-131-51-90-147-6-189-20-148-47-185-86-62-124-82-21-1-156-54-31-73-104-8-33-195-168-145-15-3-29-49-11-118-121-198-117-27-38-63-135-122-182-138-77-153-163-194-166-18-34-55-174"
49,67121,100,40131,107252,19,"82-58-77-97-141-61-36-121-131-1-135-102-63-40-107-10-189-170-140-183-99-130-18-55-34-62-128-95-185-166-114-127-89-143-35-145-169-132-126-195-29-160-104-177-136-80-190-193-117-138-33-139-168-13-70-3-15-124-106-103-26-194-163-153-81-144-0-109-20-28-149-4-155-6-147-134-11-8-111-176-113-86-152-188-133-122-90-191-51-118-45-5-78-175-73-54-31-25-87-21"
50,64023,100,37191,101214,15,"62-18-55-95-185-86-166-194-114-137-113-176-103-89-127-187-141-91-21-182-195-13-70-189-155-132-126-147-90-40-107-63-122-131-112-19-173-164-31-193-117-198-54-82-106-143-35-109-152-140-20-28-183-29-11-139-138-33-49-160-144-8-177-78-175-80-190-1-27-38-135-121-98-6-3-15-145-169-188-25-45-142-36-61-77-81-0-168-134-118-51-151-73-136-5-104-111-153-163-124"
51,64746,100,39261,104007,14,"47-94-62-54-31-177-77-143-106-124-153-97-141-91-36-61-21-82-33-139-49-160-111-81-41-35-109-184-170-152-4-140-183-130-95-185-179-166-86-128-18-195-11-5-78-175-80-190-193-117-73-187-165-127-89-103-113-176-163-29-0-145-13-132-169-3-70-15-189-34-55-168-134-51-121-90-122-107-40-100-63-135-38-1-25-104-8-144-56-182-138-147-192-6-188-155-28-20-148-60"
52,61105,100,36367,97472,18,"81-77-141-82-182-118-51-147-6-188-65-169-132-145-149-28-140-55-18-95-166-194-113-103-89-127-137-114-106-62-185-179-94-148-47-20-183-109-29-11-139-25-80-190-73-164-31-54-193-117-198-1-27-38-111-143-128-86-35-144-138-168-195-13-70-155-184-189-0-33-104-142-78-175-45-5-131-135-63-107-40-122-133-90-121-177-36-61-21-8-160-15-3-152-34-124-180-176-163-153"
53,69459,100,42501,111960,26,"132-13-126-195-168-43-139-138-190-80-78-175-5-25-125-90-133-107-40-100-63-27-38-135-122-11-29-35-124-176-163-153-77-117-1-156-198-193-73-136-177-8-111-18-83-55-0-109-34-130-99-185-95-143-81-146-187-113-194-166-86-155-15-145-144-56-82-21-141-106-179-94-47-20-60-148-62-33-54-31-104-160-170-140-183-28-152-3-70-51-121-98-118-134-85-6-147-192-169-188"
54,70014,100,43980,113994,13,"77-187-163-89-127-103-113-176-86-183-140-28-149-4-55-175-78-142-5-56-160-109-35-143-106-159-81-111-169-6-147-10-133-40-107-122-90-51-8-21-177-193-31-117-54-121-158-25-33-168-13-70-152-99-130-95-34-145-15-3-155-170-18-62-124-104-131-135-63-195-20-60-47-148-153-141-36-61-138-139-11-182-134-188-132-161-126-43-29-128-94-66-179-185-166-194-180-0-144-82"
55,69870,100,44119,113989,20,"137-113-176-86-18-121-131-135-63-40-107-147-6-145-55-62-124-106-77-45-190-80-175-78-142-11-13-169-188-168-29-33-104-8-82-21-177-138-182-139-134-43-160-144-35-143-159-12-0-109-34-170-189-15-184-152-4-149-101-28-20-148-94-47-60-90-51-25-111-180-194-166-179-99-185-141-61-117-54-31-5-36-187-89-163-103-127-153-81-195-132-161-3-70-155-183-140-130-95-114"
56,69812,100,44900,114712,14,"107-40-70-148-47-94-66-179-106-143-159-82-21-78-175-36-187-89-103-113-194-176-177-117-198-1-63-135-131-121-112-136-190-80-45-5-61-141-163-165-127-166-86-185-62-18-188-147-191-90-122-125-51-118-134-0-109-34-55-3-15-195-139-33-160-25-73-193-31-54-29-35-124-95-140-149-4-199-183-170-11-138-182-104-8-77-153-81-111-168-13-145-189-155-28-20-152-169-6-133"
57,63272,100,36476,99748,13,"146-187-127-89-103-176-106-124-62-143-21-78-175-80-190-136-45-5-177-111-18-55-95-185-86-166-194-113-163-153-54-117-1-135-102-63-122-51-118-29-35-0-109-160-104-36-61-141-97-77-8-182-121-131-90-191-10-133-147-192-169-188-6-145-13-195-11-33-56-144-34-140-20-148-23-60-94-47-28-183-152-184-155-15-132-139-138-134-85-43-3-161-70-168-31-193-73-25-82-81"
58,67492,100,39564,107056,13,"51-118-139-95-130-99-140-152-184-155-145-160-144-56-104-8-82-91-61-36-1-135-121-25-177-163-113-194-176-153-111-29-0-35-187-103-165-89-127-114-166-86-185-33-49-11-168-195-169-132-13-126-15-3-143-119-159-124-83-62-81-77-141-21-138-182-134-147-6-188-70-47-148-20-28-183-174-34-170-189-109-18-55-181-128-106-5-31-54-198-117-193-80-190-175-78-45-131-122-90"
59,60493,100,34221,94714,18,"78-5-177-25-104-8-82-111-20-148-47-94-179-166-194-153-81-144-11-139-49-29-0-109-35-12-160-33-138-121-198-117-31-73-190-80-193-54-131-90-122-135-63-133-10-147-51-98-118-134-6-169-188-3-15-145-13-195-168-55-34-170-152-4-149-28-140-183-159-143-113-127-89-114-103-176-106-124-62-70-161-132-155-18-83-128-163-187-141-61-91-77-97-86-185-130-95-21-36-175"
60,72381,100,43175,115556,21,"111-163-103-89-127-187-153-41-35-109-18-83-62-34-189-125-131-135-38-27-1-63-122-133-90-191-147-43-13-15-145-195-126-139-49-11-138-33-104-61-36-82-159-143-106-124-81-77-78-175-73-31-54-121-158-182-29-170-183-140-0-177-190-80-141-166-86-130-152-184-70-132-168-193-117-136-5-113-194-176-185-95-55-155-3-169-188-6-144-160-8-21-87-25-74-118-98-51-85-134"
61,67268,100,40158,107426,14,"169-132-109-106-103-89-127-165-81-82-8-144-160-29-15-161-70-3-184-155-170-174-183-185-86-124-111-45-80-190-91-141-187-113-194-166-176-163-153-77-73-31-54-117-193-5-61-36-21-87-138-139-90-133-10-122-182-33-143-62-18-35-78-175-177-104-0-11-43-13-195-168-145-189-34-55-20-148-47-94-60-149-28-140-152-74-118-63-135-131-121-125-191-51-71-147-85-134-6-188"
62,70988,100,44399,115387,22,"90-147-6-134-118-142-78-175-31-54-25-182-128-86-166-89-127-187-146-35-109-145-3-155-184-152-106-153-81-97-21-56-138-29-0-163-103-113-194-180-176-18-55-189-70-132-169-188-139-11-160-87-141-36-193-117-198-1-135-63-122-28-20-60-94-185-95-34-13-126-168-195-15-140-183-148-47-179-5-80-190-45-124-62-143-159-111-50-77-82-8-144-33-104-91-61-177-112-121-51"
63,64223,100,38859,103082,17,"16-135-63-38-27-156-198-117-131-122-90-51-147-6-188-95-130-99-185-179-176-163-153-141-91-82-77-81-124-106-62-18-55-34-189-11-49-160-29-109-35-0-111-8-104-33-138-182-74-118-25-5-177-21-168-195-15-3-155-152-86-180-113-114-89-165-127-137-26-187-61-36-175-80-190-73-121-134-139-143-103-194-166-128-132-169-70-140-149-28-20-47-148-183-145-13-31-54-193-1"
64,67930,100,39177,107107,14,"113-163-109-145-15-3-70-161-188-71-191-122-96-32-135-175-5-177-36-61-91-141-81-153-166-86-128-124-106-159-144-160-29-170-152-149-28-20-4-155-132-6-147-178-10-133-63-102-38-27-131-134-169-13-195-49-111-82-77-143-62-83-18-55-183-140-148-94-47-99-95-35-0-33-104-8-25-118-51-90-107-40-1-156-54-117-198-193-121-168-43-182-139-11-73-31-138-34-185-176"
65,63091,100,37949,101040,13,"145-13-195-11-49-153-89-127-114-103-113-194-95-47-66-94-148-60-20-140-55-81-77-82-21-144-111-0-109-33-160-56-8-34-183-130-185-152-147-122-135-131-125-90-51-25-177-5-142-175-36-61-104-29-35-18-62-124-143-138-121-198-117-193-31-54-190-80-136-182-139-168-3-70-169-188-6-10-133-63-38-27-1-78-141-97-187-163-176-180-106-128-86-166-172-179-99-170-155-15"
66,63305,100,37477,100782,19,"109-0-111-187-165-176-166-194-113-103-127-89-163-153-77-141-81-62-55-83-124-82-21-177-5-142-78-175-193-31-54-117-1-38-122-133-10-90-121-190-80-73-19-112-51-134-43-11-182-118-74-139-145-3-152-140-20-60-148-34-195-168-13-188-70-189-95-185-86-179-94-47-35-29-138-33-160-144-18-183-99-130-128-106-143-8-104-25-131-135-102-63-40-107-147-169-132-15-155-184"
67,59763,100,33476,93239,31,"131-90-122-133-10-107-40-63-135-198-117-193-31-54-73-5-36-77-97-163-89-103-137-114-113-194-176-166-179-66-47-94-185-86-106-143-111-177-190-80-175-78-45-136-112-121-61-79-21-87-82-8-104-56-144-160-0-35-109-29-11-33-168-126-195-155-140-183-148-20-28-70-13-132-169-3-15-124-62-18-55-34-170-152-189-145-139-138-182-91-141-187-127-165-153-81-25-151-156-1"
68,66119,100,39609,105728,15,"61-21-104-160-33-11-138-5-78-175-141-77-153-163-89-103-113-106-124-145-161-70-152-28-149-55-82-177-45-142-25-182-139-109-34-128-176-194-166-86-185-18-62-143-35-49-43-147-107-40-63-135-122-133-90-51-125-131-136-162-80-190-73-6-188-132-170-183-140-20-47-94-148-95-117-198-156-24-1-31-193-54-121-134-189-184-155-3-15-13-169-195-168-29-0-111-8-87-91-36"
69,61109,100,35983,97092,20,"193-121-15-3-155-184-183-140-28-20-60-148-47-94-66-172-114-127-165-187-153-189-145-132-147-10-133-63-38-1-31-164-73-5-8-111-143-106-81-77-82-33-11-168-195-13-169-188-134-51-98-118-182-138-104-160-29-0-34-18-35-109-170-152-55-86-113-194-180-176-62-124-163-103-89-166-179-22-99-95-185-130-70-6-90-122-135-131-198-117-54-177-21-141-91-61-36-175-80-190"
70,66172,100,39271,105443,26,"3-155-170-55-86-176-180-194-166-179-20-148-47-94-99-185-95-34-51-122-107-40-133-10-118-35-0-29-109-138-25-158-121-131-1-198-190-80-175-78-104-152-140-183-62-97-141-91-21-111-144-43-134-6-147-191-90-71-15-145-195-126-13-11-33-160-77-81-18-124-106-159-143-5-177-61-36-87-8-82-146-187-127-113-103-89-163-153-31-54-193-117-73-182-139-168-169-188-132-70"
71,64156,100,37816,101972,15,"121-25-182-138-160-33-29-0-109-35-34-183-148-60-20-28-140-152-170-145-195-168-139-11-13-15-3-189-184-155-70-169-188-51-1-198-193-117-131-135-63-80-190-142-78-21-87-61-79-141-91-36-175-5-97-77-81-143-159-106-194-86-179-66-94-47-166-187-177-136-45-153-127-113-176-103-89-163-144-8-104-82-111-124-18-62-128-95-185-130-55-6-147-90-31-73-54-151-19-112"
72,59419,100,32322,91741,25,"4-184-155-189-109-35-111-81-106-128-86-95-185-179-47-94-60-148-20-145-15-3-70-13-195-168-126-132-169-6-188-147-125-121-54-31-175-78-45-190-80-117-131-51-191-90-118-25-177-141-163-176-194-166-113-103-127-89-153-119-159-143-124-34-55-18-83-62-77-91-36-61-21-87-82-8-33-11-139-43-134-182-104-56-138-122-135-1-193-73-5-144-160-29-0-152-183-140-149-28"
73,66005,100,38907,104912,18,"121-54-31-193-73-136-177-56-144-49-195-168-126-13-145-132-188-169-6-134-43-160-41-143-159-106-47-148-20-140-183-109-29-33-138-182-118-74-139-11-0-35-111-8-82-153-163-187-77-141-5-175-78-142-21-81-180-176-86-99-130-95-185-94-28-152-155-133-122-135-117-80-190-131-90-51-147-161-3-70-15-104-61-36-179-172-166-194-89-127-114-103-26-113-124-62-18-34-55-25"
74,66570,100,41658,108228,13,"73-193-117-198-156-190-80-141-187-127-137-114-163-153-0-109-170-28-20-148-95-185-166-86-128-160-138-51-122-107-40-63-135-131-121-182-139-29-15-3-155-152-140-34-18-55-62-130-99-189-70-169-132-188-6-134-25-5-142-175-78-36-61-21-45-136-164-31-54-183-47-94-66-172-179-124-35-82-111-11-147-191-90-168-195-13-145-143-106-113-176-103-89-77-8-33-144-56-104-177"
75,61797,100,35890,97687,13,"45-177-153-163-89-127-114-166-86-128-62-124-176-103-113-194-52-172-60-23-20-99-185-95-155-3-145-152-199-148-47-94-66-179-106-143-159-111-8-82-21-141-77-168-195-70-13-33-49-144-56-104-35-109-170-28-149-140-183-174-55-18-34-15-132-188-6-147-90-121-73-136-190-80-175-78-5-25-138-160-0-11-139-36-61-29-169-134-51-122-40-63-135-1-198-156-117-193-54-31"
76,62080,100,35199,97279,26,"45-5-21-177-54-31-193-117-198-135-122-133-147-168-11-49-33-138-104-160-0-35-124-128-62-18-170-184-155-70-3-106-163-89-153-111-8-182-90-131-1-80-190-136-29-109-143-180-176-86-95-28-149-4-130-99-22-179-66-94-60-148-47-20-199-183-55-34-15-132-13-195-139-144-56-82-77-141-187-113-194-166-185-140-152-145-169-188-6-51-121-158-25-91-61-36-7-142-175-78"
77,68889,100,42999,111888,12,"114-194-166-86-95-9-140-152-170-34-35-0-11-139-191-90-122-133-147-6-70-155-124-106-143-128-66-94-47-148-172-185-176-113-153-81-82-104-118-131-135-63-38-1-193-54-182-168-195-28-20-60-179-22-99-130-183-3-15-177-5-175-21-8-33-160-56-144-138-25-73-31-117-141-127-89-103-111-145-169-188-29-109-18-62-83-55-134-51-120-125-121-112-136-190-80-36-77-187-163"
78,64791,100,36154,100945,31,"35-140-183-86-166-187-141-91-78-175-193-31-54-177-180-176-194-113-114-127-165-89-128-34-152-170-184-155-147-90-122-63-135-131-121-112-19-156-1-198-117-190-80-5-36-61-21-87-144-160-49-11-74-118-98-51-6-188-169-163-103-106-124-62-18-55-143-159-81-41-182-139-15-3-70-145-195-168-134-43-132-13-149-28-20-148-185-153-77-82-8-111-0-39-33-104-56-138-29-109"
79,71419,100,44583,116002,11,"51-6-169-132-3-34-55-95-185-86-128-144-104-160-0-152-4-140-62-124-106-159-33-31-193-73-151-19-112-125-191-131-117-80-190-136-54-21-81-163-89-127-114-176-166-94-148-20-28-183-109-29-139-25-142-45-175-91-141-82-11-138-90-122-133-178-134-168-145-35-143-41-111-61-36-97-77-177-78-5-195-13-147-10-107-40-63-135-188-70-155-170-18-194-103-113-153-8-182-121"
80,63005,100,38399,101404,14,"104-54-31-193-190-80-141-89-127-114-137-103-113-176-179-94-47-148-60-20-28-140-183-152-15-134-85-6-188-132-13-11-33-160-144-111-143-34-55-128-124-35-0-29-138-177-5-142-175-78-36-61-21-25-121-51-135-131-198-117-156-1-38-27-63-40-122-109-95-130-185-106-81-77-82-8-145-161-70-155-184-189-3-169-90-191-71-147-195-168-139-153-187-163-194-166-86-62-83-18"
81,66007,100,40326,106333,15,"0-130-99-94-47-148-60-23-20-28-149-140-183-128-124-159-119-106-143-87-177-136-198-156-1-38-63-135-122-90-51-111-81-176-113-103-89-141-61-21-138-33-145-70-155-152-18-86-166-172-179-185-95-55-34-139-134-169-132-62-194-114-127-187-36-5-78-175-80-190-31-54-117-131-147-192-6-188-168-29-109-15-3-35-163-153-77-82-8-11-13-195-49-160-144-104-25-73-193-121"
82,65051,100,36867,101918,22,"163-89-127-187-97-141-91-21-87-11-168-195-145-155-184-189-109-126-13-132-169-188-6-147-85-134-43-139-29-0-34-140-183-55-18-62-143-144-160-33-49-8-79-61-36-177-5-117-198-1-121-152-28-20-148-47-94-185-86-176-113-103-81-131-135-63-40-107-122-90-191-15-161-70-3-175-78-80-190-54-193-31-104-56-111-106-128-124-35-138-182-74-98-51-118-25-157-82-77-153"
83,70904,100,46152,117056,18,"118-163-103-127-89-153-77-82-8-144-104-87-21-61-36-91-141-187-114-194-166-124-106-131-38-27-1-121-29-0-34-9-148-20-60-47-94-28-70-132-138-73-193-190-80-177-143-62-18-55-35-182-54-31-117-63-40-107-6-188-168-109-189-155-145-195-134-25-175-5-135-122-147-139-11-33-160-111-81-113-176-180-86-185-99-130-95-184-3-15-152-140-183-170-13-169-71-90-191-51"
84,62201,100,36348,98549,15,"33-160-144-111-81-77-61-45-136-198-156-1-117-73-5-177-138-182-139-70-155-189-11-122-135-63-40-107-133-147-6-29-109-0-3-145-15-13-195-188-191-90-125-121-25-35-62-106-176-166-185-179-94-66-47-20-148-130-95-86-113-103-163-165-89-127-153-18-34-55-134-51-131-151-54-164-31-193-80-190-175-142-78-36-21-87-56-104-8-82-91-141-143-124-183-140-152-169-132-168"
85,65973,100,37379,103352,15,"95-183-152-170-184-155-3-161-13-132-169-6-122-63-40-107-133-10-147-195-168-29-0-109-35-111-81-77-97-82-8-61-79-36-177-138-139-134-118-51-131-54-193-190-80-175-45-136-31-73-153-180-176-194-113-103-187-141-91-25-74-11-49-33-160-144-41-163-127-89-166-185-62-18-55-78-142-5-21-143-34-145-15-70-188-90-135-38-1-198-117-121-112-19-158-182-104-106-124-86"
86,67351,100,41096,108447,14,"131-135-122-169-132-13-195-168-5-142-45-162-80-190-193-31-54-73-15-145-155-184-95-185-18-34-3-70-188-6-147-90-51-177-61-21-77-187-163-113-176-103-89-127-165-35-0-140-183-179-172-57-66-94-47-148-166-194-153-111-139-134-133-63-38-16-27-1-117-25-8-128-86-55-170-53-152-189-49-11-182-138-33-104-82-81-106-124-62-143-141-175-78-36-144-109-29-160-118-121"
87,71587,100,46029,117616,8,"153-163-89-103-114-113-195-169-188-6-135-63-40-107-133-147-132-155-152-53-170-11-138-193-73-29-109-174-183-140-95-55-106-159-168-134-191-122-90-145-20-148-47-94-66-194-166-179-128-62-130-99-185-86-124-143-82-80-190-117-1-131-139-33-144-35-18-34-189-15-3-70-13-111-21-61-141-187-165-127-176-0-160-8-104-25-158-112-121-51-118-182-177-5-175-31-54-78-36-77"
88,62536,100,36568,99104,19,"1-63-40-107-133-10-147-6-188-70-3-18-55-95-130-128-124-159-111-29-138-139-43-155-184-20-148-47-94-185-86-62-35-11-169-132-145-13-126-168-195-15-189-34-183-140-149-4-28-152-134-121-131-135-32-122-191-90-51-82-81-176-194-52-172-179-166-143-109-0-160-33-8-104-21-61-36-175-78-5-177-25-74-182-106-113-103-89-163-153-77-141-73-193-31-54-80-190-117-198"
89,69300,100,42724,112024,12,"132-126-43-139-11-111-81-86-179-94-148-47-60-183-140-109-118-51-121-80-190-175-78-36-61-91-177-182-138-49-144-33-195-13-15-145-168-25-73-198-1-90-147-6-134-163-194-166-176-113-77-21-104-56-8-160-29-39-82-141-187-153-106-124-62-18-31-54-193-117-5-159-143-95-185-99-20-28-152-189-3-161-70-184-155-34-55-83-128-35-0-122-107-40-63-102-135-131-188-169"
90,66383,100,40032,106415,16,"63-38-27-1-198-117-193-31-54-134-70-3-155-34-18-124-41-111-144-8-104-56-160-33-29-35-143-159-106-62-109-0-87-21-82-81-86-185-179-113-26-103-163-165-137-114-127-89-187-77-141-36-80-190-25-182-11-138-5-78-175-6-188-169-132-13-189-183-95-130-99-140-15-145-195-43-139-55-166-194-176-153-177-118-51-120-125-90-191-147-152-28-20-47-94-148-168-121-131-135"
91,63256,100,36075,99331,15,"45-190-80-175-78-36-61-82-159-106-124-170-189-3-70-169-188-6-138-104-81-153-113-194-103-127-165-89-163-176-143-111-54-31-117-1-135-122-63-107-40-100-72-133-10-90-191-71-147-134-168-126-132-13-195-34-62-18-83-55-109-35-12-160-33-8-56-144-0-29-145-15-155-152-140-28-183-139-11-128-95-86-130-185-148-47-94-179-166-51-125-131-121-25-87-21-141-77-177-5"
92,66248,100,38265,104513,16,"117-198-156-1-63-40-107-133-147-188-15-189-194-166-20-28-140-170-34-62-128-35-0-153-165-103-89-127-137-114-113-176-143-118-121-51-6-169-70-3-155-184-152-132-134-90-122-135-32-131-25-177-87-82-104-8-144-138-33-39-109-168-145-13-195-43-139-11-182-49-29-106-95-130-183-55-18-124-159-111-141-61-21-56-160-41-81-187-163-180-172-179-185-86-77-36-5-175-31-54"
93,59886,100,33998,93884,23,"20-148-94-179-185-86-62-18-55-34-170-152-134-118-51-117-193-190-80-175-78-5-177-104-56-160-189-155-70-188-121-1-27-38-135-63-40-122-25-36-61-141-97-153-81-29-168-195-13-132-139-11-182-138-33-144-35-159-106-163-89-165-187-77-21-87-82-68-111-8-73-31-54-131-90-191-147-169-3-15-145-0-109-143-128-124-176-180-194-114-127-103-113-166-99-183-130-95-140-28"
94,62721,100,34460,97181,17,"106-62-18-189-168-195-145-155-152-95-86-128-124-109-0-12-29-34-183-20-28-149-140-55-104-5-45-136-31-54-112-121-125-71-191-90-135-122-147-6-70-15-3-132-13-126-169-188-11-139-61-91-141-187-127-179-22-99-185-176-180-166-194-113-103-89-163-153-81-56-144-33-138-182-118-51-25-162-80-190-193-117-198-73-78-142-175-36-77-111-8-82-21-177-160-35-143-165-137-114"
95,63158,100,36274,99432,13,"141-77-153-81-0-132-169-188-147-125-156-198-117-193-31-54-164-73-136-177-87-111-55-183-149-28-20-148-47-152-184-155-70-145-189-34-166-194-176-113-163-25-90-10-133-178-191-51-121-5-45-78-142-175-80-190-42-1-38-63-135-122-131-36-61-11-13-15-3-109-29-195-168-139-43-134-182-138-33-144-56-104-160-35-143-106-86-130-95-185-179-66-94-140-18-62-124-8-21-82"
96,66726,100,40918,107644,17,"28-20-148-47-94-179-141-61-36-175-5-138-139-25-173-73-54-164-136-190-80-177-82-159-143-106-124-35-109-0-160-144-29-62-95-86-166-114-137-103-163-153-111-104-169-188-132-13-195-168-43-134-98-51-191-90-125-118-74-11-18-130-185-194-89-127-187-81-8-122-63-135-131-121-182-33-34-183-140-152-155-3-147-38-16-27-1-117-193-31-21-77-113-176-128-55-145-15-70-149"
97,65920,100,41433,107353,21,"144-111-176-194-103-89-127-165-187-141-78-175-198-1-27-38-63-135-122-133-90-147-6-169-13-148-47-94-179-143-118-51-134-43-168-139-11-33-77-97-81-153-163-113-166-99-183-170-155-145-132-188-70-3-152-130-95-86-128-124-35-138-182-25-73-193-31-54-5-177-140-28-20-60-185-106-45-190-80-117-131-121-195-15-189-34-55-83-18-62-109-0-29-160-21-61-36-82-8-104"
98,59598,100,33579,93177,34,"141-97-77-82-87-21-177-54-117-1-135-63-122-121-45-78-175-80-190-193-31-73-5-153-163-89-127-86-183-140-199-9-128-124-109-35-138-182-134-43-139-11-33-160-13-169-188-147-10-133-90-191-51-6-195-145-70-155-34-176-103-113-180-194-166-172-179-185-55-170-152-3-15-132-168-29-0-144-8-111-159-106-95-66-94-47-28-149-4-20-60-148-99-130-18-62-143-81-61-36"
99,64313,100,38056,102369,15,"28-20-140-183-55-34-109-0-111-56-82-81-153-113-176-62-18-170-155-189-49-11-33-144-160-29-35-124-106-143-91-79-36-61-21-141-77-97-187-163-127-89-103-194-166-179-94-47-185-86-95-147-178-133-107-40-10-90-51-138-104-8-177-190-31-54-193-117-121-118-74-139-169-195-168-145-15-3-13-188-70-132-125-131-38-1-5-142-175-78-25-182-43-6-134-191-122-63-135-152"
100,64765,100,37365,102130,13,"20-148-47-94-179-166-194-113-103-114-127-89-163-153-21-36-61-54-1-24-156-198-30-117-193-31-164-136-45-78-175-5-188-169-70-15-149-28-185-86-176-111-8-82-143-106-109-40-107-100-135-121-73-190-80-177-25-118-51-125-191-90-133-63-102-32-122-147-139-77-141-97-81-35-12-0-144-160-29-182-138-104-56-33-11-13-145-34-183-140-152-155-3-195-168-62-124-128-18-55"
101,66946,100,40175,107121,17,"106-103-163-141-36-61-77-81-153-99-47-94-66-185-86-124-21-177-54-117-193-31-73-95-130-20-149-70-132-188-169-134-118-98-191-10-133-122-147-6-43-138-33-144-82-8-104-56-11-168-15-3-155-152-140-183-174-55-109-195-13-139-182-74-116-121-51-90-135-102-63-38-27-1-131-145-189-34-18-62-176-113-194-166-172-179-148-28-170-35-0-29-160-25-190-80-175-5-111-143"
102,60496,100,35103,95599,16,"183-140-4-149-28-20-148-47-94-179-185-177-78-175-73-31-54-198-122-133-107-40-63-1-156-117-193-61-111-106-62-55-152-34-0-29-33-138-25-121-131-135-90-191-51-74-182-11-49-160-144-139-43-168-195-70-188-6-147-134-169-13-132-118-136-190-80-45-5-36-187-127-163-89-113-176-153-81-50-82-77-141-21-8-104-56-109-35-145-3-155-18-124-103-114-194-166-86-130-95"
103,63129,100,35862,98991,13,"107-133-147-192-6-70-34-55-185-179-66-94-47-148-95-62-109-29-25-173-164-117-198-156-1-131-125-90-132-13-3-155-152-140-28-20-183-170-189-15-145-195-134-85-43-168-11-104-8-177-175-190-80-31-54-193-73-21-82-111-35-0-144-5-78-142-45-136-112-121-135-122-51-118-138-49-160-33-182-139-188-169-18-124-176-113-103-194-166-86-128-106-153-77-141-91-61-36-63-40"
104,68561,100,41661,110222,17,"177-61-79-91-87-8-56-11-139-134-43-168-18-62-128-113-103-89-127-179-94-47-148-81-77-141-136-117-31-193-54-25-195-132-13-29-109-118-51-90-121-112-73-45-5-28-20-140-183-170-155-15-145-133-122-135-147-188-70-3-95-185-99-130-86-166-194-176-180-35-0-160-33-182-138-104-144-111-82-21-78-142-162-190-80-175-36-143-106-163-187-153-124-34-55-152-189-169-6-74"
105,66338,100,40380,106718,13,"141-80-190-31-54-117-198-1-135-63-40-107-139-29-0-69-189-145-13-188-192-147-125-131-38-27-121-25-35-95-130-140-152-155-132-6-90-122-133-10-191-51-118-134-169-70-3-15-138-11-33-160-109-18-94-47-60-20-185-86-106-166-172-52-179-99-22-148-183-111-177-175-5-61-36-82-168-195-170-34-55-62-176-180-194-113-103-127-124-159-143-104-144-8-21-77-163-89-153-81"
106,66005,100,39662,105667,12,"144-143-62-18-55-174-183-140-28-149-4-152-34-159-81-77-141-36-45-80-190-139-145-132-13-126-195-168-15-70-3-155-20-148-94-47-185-95-86-124-21-177-5-78-175-61-113-166-179-99-130-189-122-63-135-8-106-176-194-103-187-146-153-127-89-163-111-82-25-158-112-121-90-191-147-169-0-35-29-109-49-11-134-6-188-51-131-1-31-193-117-198-73-164-54-182-138-104-33-160"
107,60869,100,35042,95911,24,"195-132-169-188-70-155-140-183-99-179-94-47-148-20-28-149-152-121-131-135-90-125-51-191-122-40-107-63-190-80-162-45-5-78-142-175-25-182-139-11-49-18-83-62-128-124-106-95-130-185-86-113-163-153-8-82-144-29-166-194-176-180-143-109-145-15-3-189-34-55-35-0-12-111-160-33-138-104-81-103-89-127-187-77-91-61-36-141-21-177-54-31-193-198-1-117-151-147-6-168"
108,59997,100,34851,94848,15,"102-38-27-16-121-51-168-155-4-149-28-20-148-94-179-172-166-194-176-180-143-189-145-132-169-188-6-147-90-117-193-190-80-18-62-124-106-160-33-35-34-55-99-185-95-130-9-140-152-183-86-113-103-127-114-137-89-163-153-141-21-104-138-139-11-144-111-81-77-8-0-109-15-3-70-195-29-25-78-175-142-5-177-61-36-73-31-54-198-1-156-131-135-32-122-133-10-107-40-63"
109,62089,100,35826,97915,18,"0-35-109-143-159-124-128-185-95-34-132-169-188-134-85-43-168-195-70-3-189-155-152-130-99-22-179-86-166-194-127-89-103-113-176-163-187-77-177-5-36-61-79-91-141-97-140-149-28-94-60-20-148-47-147-10-133-122-131-121-54-31-193-90-191-51-104-8-82-81-153-106-62-183-55-18-111-21-175-78-80-190-117-198-1-135-32-102-63-6-126-13-145-15-29-33-160-139-11-138"
110,68121,100,39012,107133,28,"47-94-66-179-86-185-22-99-130-95-83-18-55-6-147-191-90-121-118-139-11-77-97-153-41-111-104-87-82-160-35-0-109-168-126-195-145-189-62-128-166-194-127-89-103-15-70-132-169-13-29-163-113-176-106-124-61-136-73-31-54-131-51-134-188-3-155-152-34-36-5-45-80-190-175-78-182-138-33-49-144-56-21-91-141-81-119-159-143-68-8-177-193-117-25-183-140-28-20-148"
111,64234,100,37864,102098,16,"82-77-97-187-89-163-153-81-141-175-78-177-111-143-184-155-189-11-139-134-85-147-122-63-135-51-118-138-35-106-124-62-55-18-140-28-20-148-47-94-183-152-70-188-6-169-126-161-3-145-15-132-13-168-195-34-95-185-86-176-114-127-144-160-104-21-61-36-25-158-125-191-90-133-10-74-103-26-113-194-166-5-190-80-54-31-193-117-198-156-1-38-131-121-182-33-29-109-0-8"
112,60399,100,33123,93522,16,"166-52-172-179-140-152-189-145-13-132-169-70-155-28-20-148-185-86-106-124-111-8-81-153-127-187-146-77-97-141-21-104-160-35-0-11-138-182-25-63-135-122-51-139-33-29-109-62-95-130-183-18-55-34-3-15-195-168-121-112-73-164-31-54-198-117-193-105-190-80-175-78-142-5-177-61-91-79-36-45-136-156-1-131-90-147-188-6-134-118-74-144-143-176-113-114-89-103-163-194"
113,64699,100,38737,103436,15,"153-163-103-194-166-47-148-20-28-152-133-40-107-100-122-121-51-134-195-29-160-159-143-106-124-128-95-130-9-140-183-132-169-168-182-56-144-111-176-86-185-99-94-66-179-113-187-77-141-21-8-35-62-18-55-34-109-0-139-11-33-31-193-54-131-63-102-135-61-36-104-138-145-13-189-167-184-155-15-3-70-188-6-147-90-1-198-117-190-80-175-78-5-73-136-45-142-177-82-81"
114,68273,100,40026,108299,21,"29-15-145-195-168-11-138-56-104-177-142-80-190-31-117-27-38-63-102-135-131-153-163-127-137-114-166-172-179-183-140-152-70-161-6-147-192-132-13-126-139-33-160-111-81-77-97-141-187-113-176-169-188-3-155-34-95-130-185-143-175-78-5-136-54-73-134-43-35-89-103-26-194-86-106-124-62-18-109-0-182-51-90-122-1-156-198-193-45-61-36-91-21-112-121-25-82-8-144-49"
115,66322,100,40702,107024,19,"166-179-94-47-148-20-140-183-113-103-163-124-106-95-130-99-185-86-128-62-34-15-145-132-169-13-168-195-189-155-152-194-180-176-18-55-3-161-70-133-107-40-100-63-121-29-0-109-89-127-143-188-6-147-90-191-71-134-139-11-33-160-144-35-111-25-193-117-1-38-135-122-51-118-182-138-104-21-61-36-80-190-175-78-187-153-81-77-97-8-56-87-91-141-82-177-73-54-31-5"
116,64430,100,39243,103673,20,"175-162-80-190-45-78-5-121-131-135-63-107-40-133-10-147-6-95-185-99-130-183-140-15-3-70-155-152-149-28-20-66-179-166-81-91-36-61-153-127-89-103-94-60-148-47-86-106-143-35-0-163-137-114-26-113-194-180-176-55-34-195-168-134-51-90-191-98-118-74-25-177-104-33-182-139-188-169-132-145-11-160-29-109-82-21-54-193-31-117-138-144-8-62-18-128-124-111-77-141"
117,67251,100,40466,107717,11,"190-80-162-175-141-187-166-194-114-127-89-106-124-189-168-51-90-133-122-135-31-164-73-177-36-61-77-153-176-113-103-163-81-182-118-121-112-5-45-78-142-21-82-8-29-49-144-160-138-11-139-195-169-147-6-188-70-28-149-152-55-174-140-20-148-47-183-62-18-143-35-0-128-185-94-66-179-86-95-184-155-170-34-3-15-126-13-33-25-54-193-117-131-134-132-145-109-111-56-104"
118,62825,100,35403,98228,25,"80-190-136-73-164-193-31-54-131-135-63-38-27-16-1-198-117-151-121-122-107-40-133-90-51-95-130-185-179-166-103-89-127-187-97-21-77-81-124-62-35-12-29-0-109-126-195-132-169-188-6-147-134-139-182-8-144-56-104-25-177-36-91-79-61-82-111-140-183-152-155-160-33-143-106-180-113-163-153-141-78-175-142-5-138-11-168-70-3-15-13-145-34-18-55-128-86-194-176-45"
119,62053,100,35919,97972,11,"70-3-155-140-148-47-94-66-179-185-130-95-86-166-88-176-180-153-141-91-177-21-61-5-78-175-80-190-45-142-36-163-103-113-124-62-55-18-51-90-135-122-133-10-72-107-100-40-63-38-156-54-73-112-121-134-132-169-6-188-145-106-194-114-137-127-89-111-109-29-0-35-143-34-183-152-170-160-138-25-136-193-1-16-27-198-117-31-77-81-144-8-82-104-33-11-139-168-195-13"
120,61034,100,33931,94965,18,"103-113-194-176-81-177-73-54-31-136-190-80-175-78-5-11-168-195-126-169-188-6-43-139-182-74-118-51-125-121-158-25-33-160-29-12-35-109-138-63-135-122-134-49-104-56-8-111-183-140-20-60-47-148-94-179-166-86-185-62-128-124-106-163-187-141-36-61-193-117-198-27-38-1-131-90-147-161-70-15-145-152-34-18-83-55-170-184-155-3-132-13-0-144-21-82-77-153-89-127"
121,67161,100,41037,108198,17,"143-34-170-152-155-3-70-15-145-195-121-198-117-31-21-8-111-77-163-103-127-89-153-81-82-104-138-168-132-169-188-6-147-71-120-98-118-139-189-140-183-55-18-109-11-131-135-10-133-122-90-191-51-45-5-177-25-182-134-107-40-63-38-1-54-35-128-62-130-95-185-180-176-113-194-114-187-141-78-136-73-193-190-80-175-36-61-86-47-94-179-166-144-33-160-29-0-106-124-159"
122,62958,100,36776,99734,10,"109-159-106-128-55-34-189-15-3-70-132-169-188-51-191-90-131-117-45-177-36-89-113-176-166-179-185-95-86-194-103-127-163-153-97-141-187-146-77-82-111-0-29-195-6-147-133-40-107-63-121-118-182-35-143-124-18-62-81-144-56-160-104-8-33-49-168-145-155-152-183-28-20-148-47-140-122-32-135-1-156-198-31-193-190-80-136-54-73-173-25-21-61-175-78-142-5-138-139-11"
123,60151,100,33364,93515,18,"184-152-4-149-28-20-148-94-179-86-130-95-183-140-55-18-62-54-31-117-198-193-80-190-175-36-61-141-77-153-143-185-166-194-103-127-89-165-163-113-176-106-124-35-13-126-168-11-49-33-182-25-45-78-5-177-21-0-29-121-1-27-38-63-135-122-133-107-40-10-90-191-134-6-85-98-118-74-51-71-147-132-195-109-69-189-3-15-139-138-104-8-82-111-160-169-188-70-145-155"
124,66724,100,40858,107582,20,"10-133-107-40-63-135-122-125-51-118-74-182-138-177-5-45-142-78-104-144-8-111-81-77-97-141-91-21-82-103-127-89-194-86-148-20-60-28-149-140-18-34-3-70-15-13-43-134-6-139-143-106-163-153-187-36-175-190-193-117-121-0-109-29-33-11-168-195-35-62-185-179-94-47-183-152-155-54-31-73-160-124-128-166-113-176-61-162-80-136-173-25-145-132-169-188-147-71-90-191"
125,66419,100,40641,107060,10,"103-113-194-166-86-176-153-81-77-177-121-135-63-107-40-147-11-49-56-104-87-82-111-33-182-25-136-190-80-175-61-143-106-187-141-36-91-21-8-138-51-90-191-10-133-122-38-27-156-31-73-134-6-132-168-195-145-34-83-62-124-0-109-29-160-144-78-5-45-193-1-24-198-54-117-139-13-155-140-183-28-149-3-15-18-55-95-185-94-47-148-20-152-184-70-169-188-35-163-89"
126,68731,100,41424,110155,10,"99-179-185-95-55-18-62-124-35-109-0-29-139-147-133-122-131-21-81-176-113-194-166-86-31-193-54-117-198-1-135-63-182-144-111-41-143-159-77-91-61-45-190-80-36-141-97-153-163-106-155-15-168-169-70-3-145-6-71-191-90-125-120-51-5-78-175-177-25-138-160-33-34-183-140-20-148-47-94-103-127-187-87-112-121-118-134-43-188-132-56-8-82-104-11-195-126-13-152-130"
127,62565,100,36280,98845,16,"111-41-81-77-141-36-61-82-58-153-185-148-60-47-94-66-99-55-155-147-122-63-135-1-198-117-54-11-139-168-15-3-70-188-6-134-121-31-190-80-45-175-78-5-177-25-138-182-118-90-191-51-106-124-62-83-159-143-35-0-29-132-169-13-189-170-183-95-86-89-127-187-97-87-21-8-104-56-144-33-195-145-152-140-149-28-20-179-176-194-113-163-103-114-166-128-18-34-109-160"
128,63649,100,37338,100987,19,"40-63-135-131-25-8-187-127-114-113-194-166-176-103-82-117-198-1-121-11-49-29-109-145-15-3-70-169-188-51-191-90-133-10-147-6-134-139-35-89-163-153-21-54-31-193-136-190-80-162-104-144-160-0-111-81-77-97-141-91-79-61-36-177-5-78-142-175-45-173-158-118-182-138-33-124-86-95-28-149-152-62-143-106-128-185-94-47-148-20-140-183-55-83-18-34-195-168-122-107"
129,60410,100,33689,94099,15,"104-21-61-36-80-190-193-54-121-6-188-195-168-11-33-109-106-124-176-128-170-145-13-132-169-147-51-90-122-63-102-135-131-5-45-142-78-175-136-73-31-117-198-1-112-25-177-81-153-163-103-89-187-141-8-82-144-160-29-12-0-183-140-20-148-47-22-185-52-172-179-86-95-55-62-18-34-184-155-70-15-3-189-152-28-130-99-66-94-166-194-113-127-165-97-77-111-159-143-35"
130,65575,100,39616,105191,12,"170-34-35-78-175-36-61-62-124-176-103-165-187-193-117-54-177-21-104-25-118-98-74-182-5-142-45-80-190-136-31-73-111-143-106-89-127-163-153-77-141-82-8-144-29-168-145-195-11-160-33-147-10-133-90-121-85-134-6-132-15-70-140-199-20-28-149-183-130-99-148-94-47-66-179-166-194-180-113-86-185-95-55-18-109-0-51-191-122-63-135-131-138-139-13-169-188-3-155-152"
131,66319,100,39278,105597,17,"8-82-81-153-113-166-66-94-47-148-109-25-193-198-1-38-27-135-121-117-54-31-175-5-177-36-141-77-130-99-179-185-10-133-107-40-63-122-195-145-43-139-138-182-147-188-6-70-3-170-34-55-18-184-155-152-174-183-199-140-28-101-149-4-20-95-83-128-86-194-176-180-62-143-189-15-134-51-125-90-191-168-13-132-169-11-33-160-29-0-35-106-124-103-127-89-163-111-144-104"
132,62722,100,36305,99027,15,"152-183-140-28-20-99-185-194-113-176-86-95-130-66-154-94-60-148-47-172-179-166-127-187-36-175-78-5-193-31-54-131-120-71-147-70-155-189-0-109-29-168-188-6-117-80-190-177-11-145-15-3-33-160-144-111-169-132-13-35-18-55-62-34-143-106-124-163-89-153-77-141-82-8-104-118-122-135-156-198-1-16-27-38-63-133-10-90-191-121-125-51-98-74-25-182-138-139-43-195"
133,58249,100,33706,91955,15,"63-40-107-133-90-51-134-143-124-153-81-77-82-8-144-104-25-131-1-117-54-31-193-190-80-45-175-78-5-21-111-166-194-176-103-127-89-163-62-18-55-95-130-140-183-20-28-149-4-184-155-13-132-169-168-195-43-11-139-74-121-118-182-138-177-36-61-141-97-187-113-86-185-99-94-47-148-66-179-128-106-3-70-15-145-33-160-0-35-109-29-34-152-170-189-188-6-147-122-135"
134,65165,100,39179,104344,13,"82-91-61-36-175-31-54-112-51-6-188-169-70-3-15-152-140-55-35-0-109-189-155-145-132-147-71-90-191-118-21-87-8-56-104-33-144-111-41-163-114-194-86-185-179-94-148-20-28-149-183-34-62-106-176-180-113-124-143-29-11-138-177-5-73-193-190-80-122-40-107-133-187-89-103-127-81-77-141-97-153-26-166-130-95-18-182-25-117-198-1-38-63-135-131-121-139-195-168-160"
135,68110,100,40252,108362,18,"133-107-40-100-63-38-193-31-73-177-77-187-127-89-103-163-153-8-25-173-54-117-198-1-135-32-122-90-106-124-86-166-113-176-185-179-94-148-20-152-189-15-3-168-11-139-43-126-13-195-160-33-104-142-5-78-175-36-61-141-81-41-111-144-56-12-0-35-143-159-138-74-118-85-134-188-132-169-145-155-70-161-6-147-51-121-182-29-18-62-82-21-45-80-190-109-34-140-183-55"
136,64345,100,38349,102694,14,"148-47-94-66-179-185-86-166-194-177-175-190-80-136-193-31-54-73-19-112-121-158-25-182-139-74-118-134-85-43-126-169-132-3-70-13-195-168-11-138-104-82-21-61-36-91-77-143-159-128-62-18-0-35-109-34-55-95-183-140-155-135-63-1-198-117-5-141-153-187-81-111-133-40-107-122-8-163-89-103-113-176-106-124-144-51-90-147-6-188-145-15-49-33-160-29-152-28-20-60"
137,58904,100,33074,91978,14,"94-179-166-114-127-89-103-113-194-180-176-106-124-109-118-51-90-131-121-182-138-143-128-83-62-18-55-34-170-184-189-145-15-155-152-28-140-183-95-130-185-86-163-165-187-153-77-111-56-33-6-188-169-134-139-11-104-8-82-21-177-45-5-73-54-193-190-80-31-117-198-1-38-27-63-135-122-133-147-132-13-168-25-142-175-78-36-61-141-195-161-70-3-160-144-29-0-35-148-47"
138,64974,100,35562,100536,18,"1-135-63-40-122-90-51-118-11-29-4-149-28-140-183-152-15-195-126-168-153-176-113-103-89-127-114-180-86-55-170-155-3-13-188-169-6-134-139-43-132-161-70-145-109-35-160-33-111-143-124-18-128-166-194-163-165-187-141-97-77-142-45-5-175-78-177-138-144-56-8-61-36-91-95-185-99-130-0-49-104-21-82-81-159-106-62-34-182-74-98-121-158-25-73-31-193-54-117-198"
139,62273,100,36762,99035,22,"63-135-122-90-121-21-163-165-187-141-5-193-198-117-54-31-164-73-36-61-177-123-25-138-33-160-140-183-95-130-185-99-66-94-106-143-159-111-8-82-153-127-89-103-114-137-194-166-86-62-18-55-34-35-0-144-104-77-81-124-128-22-179-172-180-113-176-152-155-189-15-3-70-149-28-60-47-148-20-139-134-6-188-169-132-195-168-13-145-109-29-11-182-78-175-45-80-190-1-38"
140,63125,100,37754,100879,15,"155-184-152-183-140-149-28-20-60-148-47-94-185-86-95-134-147-6-169-3-189-34-55-166-114-127-103-113-194-176-21-5-175-80-1-156-198-193-31-54-63-40-107-10-133-122-90-191-125-51-98-118-138-8-81-159-143-106-15-70-161-132-13-49-160-109-29-195-168-11-82-77-97-141-177-25-121-135-131-117-190-36-187-165-89-163-153-35-0-124-62-18-111-104-144-33-182-139-188-145"
141,65945,100,38872,104817,15,"6-147-191-90-51-118-134-132-140-148-47-94-179-166-194-176-141-61-36-91-187-127-137-114-113-153-77-21-177-144-11-139-25-121-54-31-117-193-136-80-190-5-81-86-99-185-128-106-8-104-126-13-70-3-55-174-183-199-9-130-95-34-18-111-82-45-78-175-142-56-160-33-49-138-182-43-168-195-0-143-163-103-89-62-124-35-29-109-189-155-152-20-60-28-149-4-145-15-169-188"
142,66438,100,40355,106793,16,"60-47-94-66-179-185-86-176-103-113-194-166-130-95-106-144-56-160-11-33-104-82-124-62-18-15-3-70-169-188-6-147-191-90-125-134-138-0-35-81-77-141-80-190-45-5-182-189-155-152-55-87-21-61-36-175-78-177-8-111-163-89-127-187-153-139-51-10-133-122-63-135-140-28-149-4-25-54-31-117-193-73-121-118-98-74-43-168-195-145-13-132-109-29-143-34-183-148-20-23"
143,65212,100,38315,103527,16,"128-34-170-184-155-189-3-70-147-10-133-122-63-1-156-198-118-134-43-29-0-35-109-18-62-86-166-114-137-163-153-81-77-61-36-177-21-82-11-139-195-15-145-13-132-169-188-168-33-104-25-54-117-193-80-190-45-78-141-97-187-127-165-89-103-194-185-130-95-55-160-182-51-191-90-6-161-152-183-20-28-140-124-143-111-8-31-73-5-175-121-112-135-131-138-106-180-176-113-88"
144,61890,100,34557,96447,11,"155-145-168-139-134-6-188-169-195-124-89-127-103-113-194-166-172-66-94-47-148-183-70-132-126-13-15-3-140-185-86-62-83-18-49-182-25-136-193-198-117-54-31-73-190-80-5-177-36-61-91-141-187-163-176-180-106-143-144-8-82-21-77-81-153-111-160-29-189-69-109-35-0-33-104-56-138-51-121-131-125-90-10-133-135-122-147-11-95-179-22-99-130-9-28-20-55-34-170-152"
145,63310,100,36652,99962,21,"32-96-102-131-121-182-138-152-140-183-99-179-166-194-180-176-172-66-94-47-148-60-95-113-103-61-36-175-5-187-127-89-163-153-81-77-141-91-82-87-21-25-118-51-74-139-29-0-109-34-55-18-62-124-86-185-130-20-28-155-195-168-11-33-144-8-104-160-12-35-106-143-111-177-193-117-31-54-1-63-100-40-107-133-147-145-15-70-3-13-43-90-122-191-6-188-132-169-134-135"
146,61139,100,35127,96266,29,"6-169-132-13-11-182-25-5-78-175-142-45-36-77-176-166-194-180-113-114-127-187-141-91-61-177-131-135-102-63-122-133-90-138-144-111-41-143-159-106-163-26-103-89-165-153-81-82-21-8-56-104-33-160-195-145-70-155-152-170-109-80-190-117-31-54-121-51-118-134-139-43-168-28-20-60-94-47-148-99-130-124-0-29-35-140-183-185-179-172-86-95-62-18-55-34-3-15-188-147"
147,68286,100,43057,111343,24,"104-8-177-136-193-31-54-73-25-28-20-60-47-148-140-183-35-111-82-77-141-21-138-11-169-188-6-147-191-90-117-198-1-131-121-182-33-29-0-109-55-18-168-195-145-34-170-189-15-13-43-134-125-122-10-133-190-80-78-5-139-132-70-3-155-152-62-124-106-128-95-166-172-179-185-86-143-159-119-81-153-89-103-114-113-51-40-63-135-45-175-36-61-187-127-194-180-176-163-144"
148,63147,100,34825,97972,28,"147-131-1-156-198-117-193-31-54-73-190-80-175-78-36-61-177-5-45-162-142-111-153-166-194-113-103-89-163-176-183-140-28-20-148-34-109-49-182-134-191-90-51-118-21-141-91-82-81-77-159-143-106-95-185-86-55-62-18-124-10-133-122-63-135-121-112-158-25-8-170-152-184-15-145-169-132-13-3-161-70-155-189-168-195-43-139-11-138-104-160-144-0-29-35-33-126-6-188-192"
149,62964,100,36213,99177,9,"35-145-15-3-70-169-134-51-131-156-54-31-73-177-21-77-141-91-36-61-5-164-193-136-78-175-142-45-80-190-90-191-133-122-1-198-117-104-0-29-168-188-6-147-10-63-135-121-182-33-138-158-112-151-19-25-160-109-189-184-155-170-152-140-149-28-20-148-99-95-130-55-18-183-34-132-13-195-11-139-144-8-82-111-143-185-47-94-179-172-194-166-86-106-124-62-176-113-163-153"
150,66045,100,40410,106455,15,"102-63-122-131-141-187-165-127-89-103-194-166-81-77-80-190-45-5-177-25-182-33-160-104-87-21-73-54-31-175-78-36-61-91-86-185-95-62-152-184-155-70-188-147-10-133-90-13-145-183-94-47-148-20-28-140-55-34-3-132-169-6-51-121-193-198-117-118-134-195-15-189-18-124-106-143-35-0-109-111-82-8-56-138-11-139-168-29-153-163-113-176-144-112-16-38-27-156-1-135"
151,63592,100,39279,102871,16,"163-89-103-114-137-127-187-141-31-54-121-139-168-70-3-155-34-143-8-82-21-78-175-80-190-45-5-177-160-109-0-122-107-40-63-135-38-1-156-198-117-193-136-36-61-86-179-66-94-47-148-130-55-33-11-195-13-145-152-28-20-199-140-183-62-124-111-77-81-153-176-113-194-166-185-99-95-18-29-144-104-25-118-51-147-133-10-90-191-134-132-169-188-6-74-98-182-138-35-106"
152,65306,100,38668,103974,15,"190-5-21-166-179-172-52-194-176-97-141-36-61-106-94-47-60-20-148-185-86-130-95-83-55-29-1-198-117-193-25-182-138-33-139-134-51-131-27-38-63-40-107-100-32-135-122-90-11-109-0-12-144-111-81-153-187-146-77-82-8-56-41-163-103-127-89-114-113-140-183-152-184-155-189-145-3-15-70-188-169-6-54-31-73-121-168-34-62-18-124-143-35-160-104-177-142-78-175-80"
153,61868,100,35297,97165,15,"143-81-77-141-91-177-5-73-31-164-173-25-104-144-138-182-121-90-133-107-40-63-122-51-43-145-15-126-195-13-132-169-134-85-147-192-6-188-33-11-139-168-70-3-155-152-34-55-18-124-106-95-185-86-130-99-47-148-94-113-103-163-153-35-0-109-29-160-54-117-131-135-38-193-190-80-45-36-61-8-82-21-151-198-1-136-78-175-187-176-166-179-20-28-149-4-140-183-83-62"
154,63655,100,33928,97583,13,"132-169-65-188-6-147-90-133-10-122-135-63-38-27-1-131-138-33-160-83-18-62-86-166-113-176-153-81-141-77-145-15-3-161-70-51-121-112-31-164-54-117-198-193-190-80-46-162-45-136-173-151-73-142-78-175-61-36-21-82-0-12-29-144-177-5-123-25-182-43-168-139-11-104-56-155-149-28-47-60-20-148-185-95-143-159-111-8-195-13-189-34-55-152-140-183-106-124-35-109"
155,69028,100,43443,112471,18,"113-103-91-61-36-142-45-80-190-121-131-51-134-139-11-82-141-187-127-89-163-153-77-21-177-73-54-31-193-117-198-8-56-33-35-18-55-34-168-13-169-188-6-122-10-133-107-40-63-102-135-90-147-132-155-184-152-124-106-176-128-189-70-3-0-159-143-119-81-41-109-145-195-15-86-179-166-111-104-138-182-25-175-78-5-148-94-47-62-144-160-29-183-140-28-20-130-95-185-194"
156,57716,100,30455,88171,41,"145-195-109-0-29-160-144-111-86-185-94-47-148-20-140-183-55-62-124-176-113-103-163-194-166-172-179-22-99-130-95-106-143-8-21-177-138-139-182-25-5-78-175-136-73-164-31-54-193-80-190-162-45-36-61-97-153-35-15-3-70-13-134-118-121-191-125-90-133-122-135-131-198-30-117-156-27-38-1-19-112-51-147-6-169-188-132-168-11-33-104-82-91-141-77-81-18-34-152-155"
157,65012,100,36432,101444,21,"54-121-51-147-191-90-125-122-135-102-63-133-6-132-70-3-145-195-11-33-25-177-45-142-78-175-80-190-134-188-169-168-139-138-182-131-1-117-5-143-159-8-61-36-91-141-146-187-41-109-35-124-106-176-88-194-166-180-113-103-114-86-179-99-185-95-183-140-28-152-155-189-15-13-160-56-58-77-97-81-18-55-62-34-170-0-29-82-87-104-144-111-163-89-127-165-153-21-31-193"
158,62035,100,33048,95083,23,"160-143-106-176-180-113-194-86-124-62-18-145-134-51-131-1-156-198-45-36-141-97-187-153-111-74-118-98-135-63-122-125-121-54-73-136-80-190-193-117-31-151-90-191-10-133-147-6-11-139-188-169-132-70-15-3-155-34-55-152-183-140-95-130-99-185-166-103-127-89-163-81-77-91-79-61-87-25-182-144-104-21-177-5-78-175-82-35-109-0-29-195-13-168-8-68-56-138-33-49"
159,63920,100,39261,103181,18,"185-179-66-94-47-148-60-20-28-149-140-183-152-155-3-15-34-62-106-103-89-127-113-194-166-176-124-35-160-33-138-25-131-135-63-122-90-191-51-73-193-117-31-54-121-98-43-139-11-111-187-163-153-36-78-175-80-190-5-134-168-195-145-109-0-29-21-177-136-198-1-40-107-133-147-70-18-55-144-104-8-82-141-77-81-143-159-49-182-74-118-6-188-132-13-169-61-91-86-95"
160,59520,100,32619,92139,18,"31-54-117-198-121-13-145-3-70-161-169-6-122-135-63-40-107-133-147-188-132-34-55-18-62-128-166-194-176-180-103-89-113-86-99-179-185-130-95-124-159-81-82-87-21-8-144-160-104-111-77-97-141-91-36-78-175-142-5-177-61-143-106-153-163-187-165-127-94-148-140-183-170-152-139-11-182-134-191-90-51-118-138-168-195-15-155-189-109-35-0-12-29-33-25-136-73-190-80-193"
161,63680,100,35877,99557,12,"132-169-188-126-195-168-43-11-139-134-191-90-122-135-131-121-112-151-19-158-25-182-74-118-51-71-147-6-70-3-15-145-138-177-5-142-78-175-141-82-104-8-21-91-61-31-54-117-190-80-33-29-34-18-128-176-166-194-113-127-89-165-35-109-0-103-163-187-36-193-164-73-160-55-95-185-179-86-62-124-106-143-159-111-81-77-97-153-94-47-148-140-183-199-20-28-152-155-189-13"
162,65399,100,40593,105992,17,"38-27-156-198-193-31-54-33-160-0-109-35-124-128-103-127-89-106-159-143-29-139-11-168-169-132-13-195-145-15-4-149-20-28-152-155-3-70-177-5-78-175-142-21-77-81-55-18-62-111-82-144-104-8-141-187-113-179-185-183-140-86-176-194-166-94-47-148-99-130-95-34-138-182-118-51-191-90-121-80-190-61-36-45-73-117-1-63-107-40-133-10-147-188-153-163-97-25-131-135"
163,62126,100,36567,98693,14,"193-117-198-1-16-27-38-102-63-32-135-122-90-191-147-70-3-13-15-132-169-139-29-4-149-28-20-140-183-95-185-179-86-128-124-106-143-111-21-80-190-121-6-188-134-118-98-51-10-133-40-107-25-77-97-141-91-36-82-138-11-33-35-34-55-18-109-0-160-144-104-8-177-5-78-175-61-187-127-103-113-176-62-189-145-195-168-155-184-152-148-47-94-166-163-153-81-73-54-31"
164,66018,100,39360,105378,17,"133-10-147-145-94-47-148-20-155-3-70-15-118-51-198-117-193-31-164-54-73-175-78-36-141-103-113-194-176-128-124-160-11-43-134-85-139-138-33-34-95-130-183-174-55-18-62-86-179-166-81-77-21-8-111-170-152-140-99-185-106-143-109-29-39-0-12-35-153-163-187-61-177-25-182-195-188-6-169-132-13-168-191-90-131-135-1-80-190-45-5-82-144-56-104-121-122-63-40-107"
165,64026,100,39258,103284,19,"81-176-86-185-130-95-183-140-199-148-47-94-179-99-152-184-155-3-15-169-43-144-82-8-61-36-91-141-97-187-163-89-127-103-153-77-177-175-5-25-104-33-182-138-80-190-193-54-31-73-117-131-191-90-147-188-70-149-28-20-60-166-194-113-13-132-6-63-102-135-118-160-29-168-195-145-189-109-0-34-18-62-124-106-143-111-35-11-139-51-125-1-27-38-40-107-133-122-121-21"
166,63734,100,38596,102330,13,"169-6-147-133-107-40-188-152-183-130-99-185-95-128-62-34-189-15-70-3-155-170-106-143-139-121-122-63-135-131-43-168-195-29-111-36-61-78-175-54-117-198-1-156-31-193-80-190-177-0-18-55-140-28-20-148-94-103-163-187-153-81-50-82-160-33-104-8-144-49-11-182-138-109-35-176-113-89-127-114-194-166-172-179-86-124-77-141-91-21-5-25-90-191-51-118-134-132-145-13"
167,68987,100,42186,111173,12,"153-163-127-137-114-194-166-183-140-152-155-3-70-188-122-135-102-63-40-107-100-133-10-147-15-145-109-0-138-182-25-121-131-1-61-141-187-89-103-113-20-28-149-34-35-78-175-80-190-193-73-177-82-180-176-29-139-54-31-117-169-168-195-13-132-6-191-90-51-112-19-136-45-5-36-77-128-86-95-185-130-55-62-143-159-104-21-87-81-106-124-18-111-8-56-144-160-11-33-41"
168,65012,100,39917,104929,14,"35-143-106-166-194-113-141-91-61-36-175-80-190-136-25-0-109-34-124-62-18-55-174-183-152-155-3-70-13-126-15-95-185-86-176-77-177-78-5-170-140-149-28-20-148-47-94-179-145-132-188-169-51-117-54-31-193-81-153-103-114-137-89-127-163-111-104-138-11-33-160-144-8-82-21-182-139-118-98-121-198-156-1-16-131-122-40-63-135-38-27-90-191-168-195-6-147-134-43-29"
169,65339,100,37973,103312,14,"36-78-175-142-45-5-182-43-132-13-195-168-11-33-77-153-159-35-145-169-51-125-121-73-31-54-131-135-102-63-70-3-15-155-170-140-183-95-86-179-148-47-20-28-60-94-99-62-143-81-82-8-138-188-6-71-191-90-122-133-10-178-147-134-139-104-144-160-29-109-55-18-34-0-25-136-193-190-80-1-156-198-117-177-106-124-176-194-113-163-103-166-185-130-152-189-69-111-87-21"
170,64319,100,37732,102051,19,"20-148-94-179-166-194-176-86-185-155-3-70-132-145-143-124-106-153-77-61-36-177-182-139-168-195-189-55-18-138-25-73-54-117-1-16-135-131-31-193-45-175-142-78-141-111-169-188-6-43-11-0-62-95-130-183-140-34-109-29-33-160-104-8-82-21-144-56-35-113-103-89-163-187-5-136-80-190-198-156-42-27-38-63-133-10-122-191-147-71-51-121-125-90-134-126-13-15-184-152"
171,66741,100,37851,104592,17,"140-55-81-77-97-187-165-127-128-18-62-124-106-109-0-188-6-112-54-193-31-73-136-80-190-117-131-51-120-98-118-74-134-139-182-138-144-176-194-113-180-153-175-5-177-104-33-11-147-90-122-135-121-25-82-21-91-61-36-141-111-155-189-145-13-195-168-126-132-169-65-43-49-160-8-143-185-179-86-166-103-89-163-35-12-29-34-152-183-130-95-70-161-15-3-148-20-28-149-4"
172,68883,100,41471,110354,27,"168-139-182-25-73-193-156-1-63-135-90-147-43-34-55-18-21-190-80-45-5-173-112-19-54-31-187-163-176-179-94-47-148-185-95-117-198-151-109-62-86-166-194-113-103-127-89-153-77-141-91-61-36-175-142-78-177-56-104-8-82-144-111-143-106-124-159-81-35-0-49-11-118-121-131-51-138-33-160-29-15-70-3-140-183-189-169-188-6-134-132-149-28-152-184-155-145-13-126-195"
173,59616,100,34312,93928,14,"176-89-103-113-194-185-148-60-47-94-66-179-172-166-163-141-36-80-190-193-54-131-90-133-122-135-100-107-40-63-38-27-1-198-117-31-73-136-5-33-160-12-35-0-29-168-43-6-188-70-145-195-8-21-61-91-82-104-144-111-106-124-189-3-15-13-126-134-51-121-182-11-109-34-55-18-99-130-95-62-143-153-77-177-175-78-142-45-25-138-139-169-132-155-152-20-28-140-183-86"
174,71208,100,42001,113209,17,"114-113-176-180-103-89-163-111-144-90-122-135-63-1-198-117-193-8-185-179-86-87-21-177-123-25-104-160-33-138-182-73-31-54-112-121-128-95-130-183-29-11-139-134-74-118-51-71-147-6-161-70-145-13-126-168-49-0-35-106-166-194-124-189-15-195-132-3-155-152-140-174-55-34-62-18-159-81-97-91-141-36-5-78-142-61-77-153-143-41-82-175-80-190-188-169-109-187-127-137"
175,70628,100,42840,113468,13,"177-80-190-31-54-117-1-63-135-131-34-83-55-189-70-161-10-133-122-5-78-175-36-141-81-86-185-179-47-94-148-183-152-155-126-134-51-125-191-90-121-112-19-158-25-140-28-20-166-194-89-127-113-106-159-35-0-8-144-143-124-62-18-109-138-104-111-187-163-103-180-176-29-6-147-71-120-188-169-65-13-132-168-33-160-11-145-15-3-195-43-139-182-21-82-77-153-130-95-128"
176,70739,100,43653,114392,24,"166-194-187-141-91-36-61-21-104-144-8-82-77-153-163-103-113-176-124-34-132-6-133-107-40-147-155-184-152-170-35-33-5-80-190-136-156-1-19-112-25-168-195-145-13-169-188-191-90-125-118-139-11-49-160-15-161-70-3-189-29-109-55-18-140-28-20-148-47-94-111-73-193-54-121-74-85-134-51-122-32-135-63-131-175-177-143-106-185-95-183-62-138-117-198-31-0-159-128-86"
177,59411,100,34228,93639,17,"29-33-11-139-168-195-13-145-15-132-169-82-21-91-61-36-78-175-136-31-54-131-191-147-6-188-189-170-152-183-185-130-95-55-34-155-70-161-3-184-140-20-47-148-94-179-166-194-86-176-113-127-114-137-187-141-5-193-135-63-38-27-16-1-156-122-133-90-51-121-198-117-73-80-190-77-153-103-89-163-81-8-144-104-177-25-182-138-160-0-35-109-12-111-143-124-106-128-62-18"
178,58132,100,32926,91058,16,"128-176-166-194-113-103-127-89-163-147-10-133-72-107-40-100-63-90-191-6-155-152-55-34-111-8-104-182-138-144-143-106-86-185-95-183-20-60-47-94-66-148-28-140-160-33-139-195-15-3-70-13-132-188-169-168-145-189-69-29-109-35-0-11-51-122-135-38-27-198-80-190-136-54-31-193-73-164-117-156-1-16-131-121-25-82-21-91-61-36-177-5-78-175-141-77-153-124-18-62"
179,66355,100,38035,104390,20,"27-38-63-135-177-91-141-187-127-89-165-81-111-144-0-170-152-28-140-183-15-145-132-13-43-11-182-118-121-125-51-98-74-134-139-29-62-18-55-95-130-34-155-189-35-12-56-104-138-33-160-109-143-124-185-99-179-86-106-128-3-70-188-6-142-45-175-78-136-73-164-193-117-1-131-90-147-192-169-195-168-25-54-31-5-21-82-8-113-176-194-166-103-163-153-77-61-36-190-80"
180,68314,100,41895,110209,24,"103-114-137-127-165-61-36-90-122-133-147-6-188-169-0-163-26-113-176-194-166-183-195-168-134-43-126-13-132-145-4-149-28-20-140-152-155-15-70-3-34-55-18-25-1-16-27-38-63-135-51-138-33-49-11-139-29-109-160-5-175-78-45-73-117-198-131-121-182-35-62-124-106-143-144-56-104-77-97-153-187-141-91-21-82-86-185-130-95-177-190-80-193-31-54-136-8-111-81-89"
181,66262,100,40741,107003,16,"128-62-18-55-131-38-27-1-198-117-183-148-60-20-28-149-152-170-34-35-0-160-11-51-90-135-63-40-122-121-25-77-81-163-103-26-166-95-189-132-169-6-134-85-147-188-126-13-33-144-104-56-8-82-141-187-146-153-41-111-54-31-193-80-190-175-36-61-78-142-5-177-21-143-106-86-185-94-47-140-155-3-15-109-29-138-182-139-43-70-145-195-168-124-89-127-114-113-176-194"
182,64155,100,38679,102834,14,"127-163-153-81-111-144-160-33-134-147-10-133-122-107-40-63-135-1-198-78-175-136-193-117-73-91-141-187-103-176-148-20-28-140-152-3-70-15-13-132-169-188-6-21-61-79-87-82-113-194-166-86-185-179-95-55-34-155-168-118-121-31-5-177-25-195-145-18-130-99-66-94-47-183-62-8-104-56-29-109-35-0-39-49-11-182-139-138-51-90-131-54-80-190-36-97-77-124-106-89"
183,62543,100,36440,98983,14,"131-54-31-164-193-117-135-122-63-38-27-16-1-198-73-5-142-45-190-80-175-78-177-157-138-11-169-188-132-33-104-25-118-74-182-160-144-8-77-81-111-109-13-70-3-15-28-20-47-94-148-130-95-183-140-185-103-163-127-89-137-114-124-62-18-86-166-194-153-141-36-61-82-0-35-55-34-143-21-112-121-51-90-134-43-139-168-145-155-152-128-180-113-176-106-29-195-6-147-191"
184,62106,100,35848,97954,21,"36-175-78-5-25-182-139-195-13-132-70-109-29-49-11-168-169-188-147-133-122-131-1-156-193-190-80-136-73-31-54-135-63-38-198-117-177-21-8-158-121-90-191-6-140-20-148-47-94-179-86-166-176-163-35-0-134-51-118-138-104-82-141-97-81-111-33-160-144-153-127-114-194-113-89-103-26-180-88-128-95-99-185-130-9-183-55-106-62-124-18-145-15-3-155-152-34-143-77-61"
185,63618,100,36853,100471,14,"20-28-140-5-78-175-80-190-54-31-117-198-1-122-133-10-125-121-25-177-36-187-165-127-114-194-86-62-18-159-41-111-104-8-81-153-163-89-103-113-128-55-34-182-135-63-38-131-90-147-6-188-169-71-191-51-118-134-43-132-126-13-195-168-109-0-35-15-145-139-11-49-33-160-29-69-189-155-144-82-77-141-61-21-138-70-3-152-183-99-179-166-176-124-143-106-95-185-47-148"
186,62407,100,35430,97837,16,"51-139-160-111-41-81-97-77-82-33-138-182-121-131-117-190-80-175-78-177-25-6-188-168-11-104-56-144-124-62-189-145-15-3-149-28-140-20-60-148-47-94-66-179-166-163-127-89-114-103-185-130-99-95-83-128-86-194-113-180-176-109-29-195-70-155-184-152-183-106-153-141-91-79-21-87-8-0-35-34-170-55-18-143-61-36-5-31-54-73-193-198-1-135-169-132-13-147-191-90"
187,68010,100,41564,109574,13,"106-128-86-166-194-113-114-137-163-111-160-33-11-168-169-6-85-134-195-145-183-28-140-34-29-139-51-191-90-121-158-25-21-82-77-91-5-190-80-175-97-81-153-109-15-3-13-132-70-20-148-94-179-185-159-144-8-104-31-54-117-1-135-63-122-147-188-0-35-62-130-99-95-124-182-74-118-138-176-103-26-127-89-165-187-141-61-36-45-142-78-177-189-155-184-152-170-55-18-143"
188,68642,100,42961,111603,11,"63-38-27-1-131-121-198-117-54-73-175-78-25-134-188-169-70-132-13-145-15-3-195-160-33-111-41-159-106-109-6-147-122-32-135-104-81-113-194-176-166-179-140-174-18-11-139-168-155-28-20-47-94-148-183-170-152-177-5-80-190-193-31-138-62-95-185-86-128-124-143-90-191-51-118-74-182-29-34-55-35-0-144-8-82-21-77-97-91-36-61-141-187-89-163-153-10-133-40-107"
189,57233,100,31596,88829,18,"125-121-117-193-31-54-73-175-78-5-177-87-58-82-8-144-160-104-61-36-91-21-138-139-134-147-133-107-40-63-38-27-1-190-80-141-77-55-140-28-20-60-47-148-183-95-86-180-127-89-103-114-137-185-99-179-194-166-128-124-106-143-62-18-34-152-132-169-188-70-161-3-15-13-155-189-145-195-168-29-0-35-109-176-113-26-163-153-81-111-33-49-11-182-118-51-131-135-122-90"
190,63522,100,36667,100189,15,"165-187-21-177-5-25-15-3-155-152-94-47-148-20-28-149-77-97-113-88-194-128-124-62-95-130-185-166-86-34-145-122-63-135-131-51-118-29-109-35-0-144-104-8-56-13-195-168-139-138-182-134-6-188-169-132-70-147-90-125-121-112-54-31-117-198-73-193-136-190-80-78-175-36-61-141-81-153-26-176-180-143-160-33-11-49-111-163-89-127-114-172-179-183-140-55-18-106-129-103"
191,66572,100,40860,107432,12,"107-40-63-122-135-1-190-80-175-36-61-141-187-163-89-165-189-3-15-43-134-90-147-6-188-13-145-152-140-149-28-170-29-0-33-160-111-81-185-179-66-94-47-86-153-21-177-5-117-31-54-25-11-35-109-195-132-168-139-112-19-121-169-70-155-183-20-148-166-194-26-103-113-106-34-55-143-159-144-56-8-82-124-128-95-130-18-62-176-180-114-127-77-104-138-182-74-118-51-133"
192,66799,100,39785,106584,12,"114-127-89-103-86-183-152-184-155-70-6-135-63-1-36-141-163-113-176-128-62-13-169-188-132-168-139-11-49-138-182-25-121-125-71-191-90-51-134-43-195-145-15-0-29-109-34-18-55-189-3-147-10-133-122-131-35-159-153-81-61-79-91-124-94-47-148-20-140-106-143-77-111-21-56-160-33-144-104-177-45-117-198-193-190-80-136-54-164-31-73-5-78-175-82-8-95-185-166-194"
193,67105,100,41152,108257,23,"100-63-38-27-16-1-156-198-117-193-136-8-187-127-89-103-113-18-34-15-3-145-161-70-132-188-121-31-54-73-5-77-176-194-166-86-170-152-149-28-140-111-177-175-78-190-80-45-21-87-82-25-118-51-90-133-10-147-169-183-148-47-20-155-13-195-168-104-144-143-106-163-153-81-141-61-91-36-138-11-55-130-185-95-62-124-35-139-182-33-160-109-0-29-135-32-122-72-40-107"
194,67671,100,42415,110086,21,"34-188-6-147-191-90-125-51-182-33-128-179-94-47-148-20-28-140-183-55-0-78-175-36-61-8-104-13-132-70-3-15-169-134-131-135-27-38-1-198-80-190-156-63-122-121-56-111-113-194-176-18-124-106-86-166-185-99-130-95-77-141-136-117-193-177-21-87-82-35-152-155-189-145-195-168-139-118-74-144-143-89-127-165-163-103-187-153-81-5-31-73-54-25-11-138-160-29-109-62"
195,64935,100,37673,102608,13,"135-54-31-5-36-61-91-8-104-182-118-191-90-121-131-125-51-98-134-43-188-169-132-168-195-29-109-35-170-152-83-18-124-106-103-113-194-86-62-0-160-144-138-139-13-145-15-3-183-148-20-28-4-149-140-70-6-147-40-107-122-11-55-34-155-189-49-33-111-143-153-81-77-141-177-21-87-82-95-130-185-166-176-163-187-175-78-45-80-190-193-117-1-38-27-63-10-178-133-32"
196,62683,100,36853,99536,13,"127-137-114-185-99-130-95-62-124-106-163-89-103-113-180-176-194-166-86-155-3-70-15-145-29-0-35-109-195-132-13-188-147-122-63-135-38-1-31-193-54-90-134-168-18-55-183-140-28-20-34-111-160-33-144-104-91-141-61-173-73-136-80-190-117-121-51-6-169-152-148-47-94-179-128-143-81-8-138-11-139-74-98-118-25-45-175-78-142-5-87-82-58-97-187-153-77-21-177-36"
197,64767,100,37546,102313,16,"61-182-139-11-33-160-35-183-47-94-148-20-140-155-145-15-195-168-43-169-132-13-126-29-109-0-138-25-112-1-198-193-36-141-77-180-176-83-55-62-159-143-111-8-82-87-21-90-133-10-191-125-51-121-54-31-117-131-135-122-147-134-6-188-70-3-152-130-86-194-114-127-165-89-166-128-124-41-144-104-177-78-80-190-175-5-187-103-113-179-185-95-34-18-106-163-153-81-91-79"
198,62690,100,36845,99535,13,"94-47-148-20-28-155-3-70-188-6-147-51-131-135-63-27-38-1-117-31-164-25-138-56-153-89-127-103-194-176-106-15-145-13-195-34-179-99-22-128-124-143-109-168-134-133-122-191-90-125-121-54-193-80-190-175-36-61-141-97-77-35-0-182-73-136-45-78-5-177-87-21-104-139-132-169-11-33-160-29-170-152-55-18-83-130-95-183-140-185-86-166-113-163-81-82-111-144-8-62"
199,64080,100,36470,100550,16,"99-130-95-128-62-18-6-147-192-188-169-132-13-195-168-54-31-193-117-198-1-38-63-135-131-121-45-142-36-187-127-103-166-94-47-148-60-20-183-140-109-0-29-138-139-11-104-82-87-21-91-77-81-106-124-180-113-163-141-80-190-177-160-35-34-55-170-189-70-3-15-155-152-184-145-134-85-71-191-90-51-118-74-25-123-5-175-78-61-97-153-143-33-144-8-111-176-194-86-185"
200,66808,100,39396,106204,19,"122-133-147-188-70-155-189-13-132-169-6-71-191-90-125-51-134-139-11-33-160-144-8-82-87-21-177-25-138-49-143-106-86-95-94-66-172-179-185-152-170-184-29-0-35-159-124-18-55-183-140-199-60-47-148-20-28-149-4-63-135-1-117-190-5-176-113-62-3-15-145-195-168-34-166-194-163-153-97-91-141-77-81-109-182-118-121-112-19-54-73-193-31-175-104-111-61-36-78-131"
