SolutionID,TotalCost,NumNodes,TotalDistance,ObjectiveFunction,TotalRunningTime,Cycle
1,49052,100,21125,70177,33,"111-81-153-163-176-106-124-62-18-55-34-170-152-140-183-95-86-130-99-22-185-179-172-166-194-113-114-137-103-89-127-165-187-146-97-77-141-91-61-36-175-78-142-45-5-177-21-82-8-104-138-182-139-168-195-145-15-3-70-13-132-169-188-6-147-178-10-133-122-72-107-40-100-63-135-38-27-16-1-156-198-117-193-31-54-73-131-90-51-121-118-74-134-11-33-160-29-0-109-35"
2,50746,100,18154,68900,19,"143-35-109-0-29-111-41-81-153-186-163-103-89-127-114-137-165-187-146-97-77-141-91-79-61-36-175-78-142-45-5-177-21-87-82-8-104-56-144-160-33-138-182-11-139-195-168-43-134-6-188-169-132-13-145-15-70-3-189-155-184-170-152-4-149-28-59-20-60-94-66-47-148-9-199-140-183-95-130-99-22-185-179-172-52-166-194-113-180-176-86-128-83-34-55-18-62-124-106-159"
3,49226,100,21211,70437,8,"41-111-35-109-0-29-160-33-11-134-74-118-121-51-90-131-73-54-31-193-117-198-156-1-16-27-38-135-63-40-107-100-122-133-10-178-147-6-188-169-132-13-70-3-15-145-195-168-139-182-138-104-8-82-21-177-5-45-142-78-175-36-61-91-141-77-97-146-187-165-127-89-103-137-114-113-194-166-172-179-185-22-99-130-95-86-183-140-152-170-34-55-18-62-124-106-176-163-153-81"
4,49978,100,20497,70475,11,"52-166-194-113-103-163-176-86-128-124-106-143-159-153-81-77-141-91-61-36-78-175-142-45-5-177-21-82-8-111-144-56-104-138-182-139-168-195-145-15-3-70-13-132-169-188-6-147-178-10-133-122-72-107-40-100-63-135-38-27-16-1-156-198-117-193-31-73-54-151-131-90-191-51-121-118-74-134-11-33-160-35-0-29-109-34-55-18-62-170-152-140-183-95-130-99-22-185-179-172"
5,47859,100,20868,68727,12,"103-26-113-176-194-166-86-185-179-172-57-66-94-47-148-60-20-59-28-149-4-199-9-99-130-95-183-140-152-170-34-55-18-62-128-124-106-143-35-109-0-29-160-33-11-134-74-118-121-51-90-131-117-1-38-135-63-122-133-10-178-147-6-188-169-132-13-70-3-15-145-195-168-139-182-138-104-8-111-82-21-177-5-45-142-78-175-36-61-91-141-77-81-153-187-163-89-127-137-114"
6,51579,100,18702,70281,11,"109-29-69-189-155-145-15-3-70-161-188-6-169-132-13-195-168-43-134-139-11-182-138-33-160-144-56-104-8-82-87-21-177-5-45-142-78-175-36-61-91-141-77-97-146-187-165-127-89-103-137-114-113-194-166-52-172-179-185-22-99-130-95-86-183-140-199-9-148-47-66-94-60-20-59-28-149-4-152-170-34-55-18-62-128-124-143-159-106-88-176-180-163-186-153-81-41-111-0-35"
7,52192,100,19650,71842,10,"179-185-22-99-130-95-183-140-199-9-148-47-66-94-60-20-59-28-149-4-152-170-34-55-18-62-109-29-69-189-155-145-15-3-70-161-188-6-169-132-13-195-168-43-134-139-11-182-138-33-160-144-56-104-8-157-25-177-5-45-142-78-175-36-61-79-91-21-87-82-111-0-35-143-159-124-106-119-81-77-141-97-153-187-165-163-89-127-137-114-103-26-180-176-113-194-166-86-52-172"
8,49094,100,21379,70473,12,"144-104-138-182-139-168-195-145-15-3-70-13-132-169-188-6-147-178-10-133-122-100-107-40-63-135-38-27-16-1-156-198-117-193-31-54-73-131-90-51-121-118-74-134-11-33-160-29-109-0-35-111-81-153-163-176-106-124-62-18-55-34-170-152-140-183-86-95-130-99-22-185-179-172-166-194-113-114-137-103-89-127-165-187-146-97-77-141-91-61-36-175-78-142-45-5-177-21-82-8"
9,51547,100,18670,70217,7,"161-188-6-169-132-13-195-168-43-134-139-11-182-138-33-160-144-56-104-8-82-87-21-177-5-45-142-175-78-36-61-91-141-77-97-146-187-165-127-89-103-137-114-113-194-166-52-172-179-185-22-99-130-95-86-183-140-199-9-148-47-66-94-60-20-59-28-149-4-152-170-34-55-18-62-128-124-143-159-106-88-176-180-163-186-153-81-41-111-29-0-35-109-69-189-155-145-15-3-70"
10,51725,100,18762,70487,6,"167-184-155-3-70-15-145-13-132-169-188-6-134-43-168-195-139-11-182-138-33-160-144-56-104-8-82-87-21-177-5-45-142-78-175-36-61-91-141-77-97-146-187-165-127-89-103-137-114-113-194-166-172-179-185-22-99-130-95-86-183-140-199-9-148-47-66-94-60-20-59-28-149-4-152-170-34-55-18-62-128-124-143-159-106-88-176-180-163-186-153-81-41-111-29-0-35-109-69-189"
11,51708,100,19149,70857,4,"60-20-59-28-149-4-199-140-183-174-152-170-34-55-18-62-109-29-69-189-155-145-15-3-70-161-188-6-169-132-13-195-168-43-134-139-11-182-138-33-160-144-56-104-8-157-25-177-5-45-142-78-175-36-61-79-91-21-87-82-111-0-35-143-159-124-106-119-81-77-141-97-153-187-165-163-89-127-137-114-103-26-180-176-113-194-166-86-95-130-99-22-185-179-172-57-66-94-47-148"
12,49352,100,19277,68629,8,"117-198-156-1-151-19-112-121-131-135-102-63-100-40-107-72-10-133-122-90-191-51-98-118-74-134-147-6-188-169-132-13-161-70-3-15-145-195-168-29-109-35-0-160-33-49-11-139-182-138-104-8-144-111-82-21-77-81-153-163-176-106-124-62-18-55-140-183-95-185-86-166-194-113-103-89-127-165-187-146-97-141-91-61-36-177-5-45-142-78-175-162-80-190-136-73-164-54-31-193"
13,51524,100,19355,70879,4,"101-28-59-20-60-94-66-47-148-9-199-140-183-95-130-99-22-185-179-172-52-166-194-113-26-103-114-137-127-89-163-165-187-146-97-141-77-81-153-129-180-176-86-128-83-55-34-18-62-124-106-159-143-35-109-0-29-160-33-144-111-82-87-21-91-61-36-175-78-142-45-5-177-25-8-104-138-182-11-139-43-168-195-134-6-188-169-132-13-145-15-70-3-189-155-184-170-152-4-149"
14,49800,100,19626,69426,6,"54-31-193-117-198-156-1-16-27-38-63-135-122-133-10-178-147-71-51-191-90-125-131-121-112-158-25-182-138-139-168-195-145-15-3-70-161-13-132-169-188-6-134-11-49-33-160-29-0-109-35-111-144-56-104-8-82-87-21-77-81-153-163-176-106-124-62-18-140-183-95-86-185-179-166-194-113-103-89-127-165-187-146-97-141-91-61-36-177-5-45-142-78-175-162-80-190-136-73-164"
15,49996,100,19253,69249,6,"38-27-16-1-156-198-117-193-31-73-54-151-19-112-121-158-25-177-5-45-142-78-175-36-61-91-141-97-146-187-165-127-89-103-113-194-166-179-185-130-86-95-183-140-152-55-18-62-124-106-176-163-153-81-77-87-21-82-8-104-56-144-111-35-109-0-29-160-33-138-182-11-139-43-168-195-145-15-3-70-161-13-132-169-188-6-134-147-71-120-51-125-90-191-178-10-133-122-135-63"
16,50809,100,20384,71193,5,"44-133-10-178-191-90-125-51-71-147-6-188-169-132-13-70-3-15-145-195-168-29-109-35-0-111-41-81-153-163-180-176-106-124-128-62-18-55-34-170-152-140-183-86-95-130-99-22-185-179-172-166-194-113-114-137-103-89-127-165-187-146-97-77-141-91-61-36-175-78-142-45-5-177-21-87-82-8-104-144-160-33-11-139-138-182-25-158-121-117-1-38-135-102-63-100-40-107-72-122"
17,51579,100,18702,70281,5,"11-139-134-43-168-195-13-132-169-6-188-161-70-3-15-145-155-189-69-29-109-35-0-111-41-81-153-186-163-180-176-88-106-159-143-124-128-62-18-55-34-170-152-4-149-28-59-20-60-94-66-47-148-9-199-140-183-86-95-130-99-22-185-179-172-52-166-194-113-114-137-103-89-127-165-187-146-97-77-141-91-61-36-175-78-142-45-5-177-21-87-82-8-104-56-144-160-33-138-182"
18,51739,100,19314,71053,6,"20-60-94-66-47-148-9-183-174-34-55-18-62-83-95-130-99-22-179-185-86-166-194-113-26-103-114-137-127-89-163-165-187-146-97-141-77-81-153-129-180-176-88-128-124-106-159-143-35-109-0-29-160-33-144-111-82-87-21-91-79-61-36-78-175-142-45-5-177-25-8-56-104-138-182-11-139-43-168-195-134-6-188-169-132-13-145-15-70-3-189-155-184-170-152-140-4-149-28-59"
19,50854,100,18262,69116,5,"152-170-184-155-189-3-70-15-145-13-132-169-188-6-134-195-168-43-139-11-182-138-33-160-144-56-104-8-82-87-21-177-5-45-142-78-175-36-61-79-91-141-77-97-146-187-165-137-114-127-89-103-163-186-153-81-41-111-109-29-0-35-143-159-106-124-62-18-34-55-83-128-86-176-180-113-194-166-52-172-179-185-22-99-130-95-183-140-199-9-148-47-66-94-60-20-59-28-149-4"
20,47796,100,19901,67697,12,"141-77-81-153-187-163-89-127-137-114-103-26-113-176-194-166-86-185-179-172-57-66-94-47-148-60-20-59-28-149-4-199-9-99-130-95-183-140-152-170-34-55-18-62-128-124-106-143-35-109-29-0-160-33-11-134-74-118-90-51-121-112-54-73-31-193-117-198-156-1-16-27-38-135-63-40-107-133-10-178-147-6-188-169-132-13-70-3-15-145-195-168-139-182-138-104-8-21-61-36"
21,49334,100,20580,69914,5,"6-192-147-178-10-133-122-72-107-40-100-63-135-38-27-16-1-156-198-117-193-31-73-54-151-131-90-191-51-121-118-74-134-43-139-11-182-138-33-160-144-104-8-82-21-177-5-45-142-175-78-36-61-91-141-77-97-187-165-127-89-103-113-194-166-179-185-99-130-95-86-183-140-152-170-34-55-18-62-124-106-176-163-153-81-111-29-0-35-109-168-195-145-15-3-70-13-132-169-188"
22,50808,100,18216,69024,7,"62-124-106-159-143-35-109-29-0-111-41-81-153-186-163-103-89-127-114-137-165-187-146-97-77-141-91-79-61-36-175-78-142-45-5-177-21-87-82-8-104-56-144-160-33-138-182-11-139-43-168-195-134-6-188-169-132-13-145-15-70-3-189-155-184-170-152-4-149-28-59-20-60-94-66-47-148-9-199-140-183-95-130-99-22-185-179-172-52-166-194-113-180-176-86-128-83-55-34-18"
23,51708,100,19149,70857,5,"60-20-59-28-149-4-199-140-183-174-152-170-34-55-18-62-109-29-69-189-155-145-15-3-70-161-188-6-169-132-13-195-168-43-134-139-11-182-138-33-160-144-56-104-8-157-25-177-5-45-142-78-175-36-61-79-91-21-87-82-111-0-35-143-159-124-106-119-81-77-141-97-153-187-165-163-89-127-137-114-103-26-180-176-113-194-166-86-95-130-99-22-185-179-172-57-66-94-47-148"
24,49800,100,19626,69426,6,"73-164-54-31-193-117-198-156-1-16-27-38-63-135-122-133-10-178-147-71-51-191-90-125-131-121-112-158-25-182-138-139-168-195-145-15-3-70-161-13-132-169-188-6-134-11-49-33-160-29-0-109-35-111-144-56-104-8-82-87-21-77-81-153-163-176-106-124-62-18-140-183-95-86-185-179-166-194-113-103-89-127-165-187-146-97-141-91-61-36-177-5-45-142-78-175-162-80-190-136"
25,51569,100,18692,70261,5,"160-33-138-182-11-139-134-43-168-195-13-132-169-6-188-161-70-3-15-145-155-189-69-29-109-35-0-111-41-81-153-186-163-180-88-176-106-159-143-124-128-62-18-55-34-170-152-4-149-28-59-20-60-94-66-47-148-9-199-140-183-86-95-130-99-22-185-179-172-52-166-194-113-114-137-103-89-127-165-187-146-97-77-141-91-61-36-175-78-142-45-5-177-21-87-82-8-104-56-144"
26,48875,100,18685,67560,6,"1-156-198-117-193-54-31-164-73-136-190-80-162-175-78-142-45-5-177-36-61-91-141-97-146-187-165-127-89-103-113-194-166-179-185-86-95-140-183-34-55-18-62-124-106-176-163-153-81-77-87-21-82-8-104-56-144-111-35-109-0-29-160-33-138-182-11-139-43-168-195-145-15-3-70-161-13-132-169-188-6-147-134-74-118-98-51-120-191-90-125-121-131-122-135-63-38-27-16-197"
27,51362,100,19402,70764,4,"4-152-170-184-155-189-3-70-15-145-13-132-169-188-6-134-195-168-43-139-11-182-138-104-56-8-25-177-5-45-142-78-175-36-61-91-21-87-82-111-144-33-160-29-0-109-35-143-159-106-124-62-18-34-55-83-128-86-176-180-129-153-81-77-141-97-146-187-165-163-89-127-137-114-103-26-113-194-166-52-172-179-185-22-99-130-95-183-140-199-9-148-47-66-94-60-20-59-28-149"
28,52119,100,19701,71820,6,"25-182-138-139-168-195-145-15-3-70-161-13-132-169-188-6-192-147-178-10-133-122-72-107-40-100-63-135-38-27-16-1-156-198-117-193-31-73-54-151-19-112-131-125-90-191-120-51-121-118-74-134-11-49-33-160-29-0-109-35-111-144-56-104-8-82-21-87-77-81-153-163-176-106-124-18-62-95-185-86-166-194-113-103-89-127-165-187-146-97-141-91-61-36-175-78-142-45-5-177"
29,48058,100,20612,68670,5,"153-187-163-89-127-137-114-103-26-113-176-194-166-86-185-179-172-57-66-94-47-148-60-20-59-28-149-4-199-9-99-130-95-183-140-152-170-34-55-18-62-128-124-106-143-35-109-29-0-160-33-11-134-74-118-121-51-90-131-1-38-135-63-122-133-10-178-147-6-188-169-132-13-70-3-15-145-195-168-139-182-138-104-144-111-8-82-21-177-5-45-142-78-175-36-61-91-141-77-81"
30,49343,100,20497,69840,7,"122-90-191-51-71-147-6-188-169-132-13-70-3-15-145-195-168-29-109-0-35-111-41-81-153-163-180-176-106-124-128-62-18-55-34-170-152-140-183-86-95-130-99-22-185-179-172-166-194-113-114-137-103-89-127-165-187-146-97-77-141-91-61-36-175-78-142-45-5-177-21-87-82-8-104-144-160-33-11-139-138-182-25-158-121-73-54-31-193-117-1-38-135-102-63-100-40-107-10-133"
31,48934,100,21565,70499,5,"95-130-99-9-199-4-149-28-59-20-60-148-47-94-66-57-172-179-185-86-166-194-113-176-128-62-124-106-103-163-153-81-77-141-91-61-36-175-78-142-45-5-177-21-82-8-111-144-104-138-182-139-168-195-145-15-3-70-13-132-169-188-6-147-178-10-133-122-63-135-38-1-156-198-117-193-31-54-73-131-90-51-121-118-74-134-11-33-160-35-0-29-109-34-55-18-170-152-140-183"
32,49817,100,19643,69460,8,"54-31-193-117-198-156-1-16-27-38-63-135-122-133-10-178-147-71-51-191-90-125-131-121-112-158-25-182-138-139-168-195-145-15-3-70-161-13-132-169-188-6-134-11-49-33-160-29-0-109-35-111-144-56-104-8-82-21-87-77-81-153-163-176-106-124-62-18-140-183-95-86-185-179-166-194-113-103-89-127-165-187-146-97-141-91-61-36-177-5-45-142-78-175-162-80-190-136-73-164"
33,51114,100,19250,70364,5,"9-183-140-152-170-184-155-189-3-70-15-145-13-132-169-188-6-134-43-168-195-139-11-182-138-104-56-8-25-177-5-45-142-78-175-36-61-79-91-21-87-82-111-144-33-160-29-0-109-35-143-159-106-124-128-62-18-34-55-95-86-176-180-129-153-81-77-141-97-146-187-165-163-89-127-137-114-103-26-113-194-166-185-130-99-22-179-172-57-66-94-47-148-60-20-59-28-149-4-199"
34,49007,100,20773,69780,6,"91-61-36-78-175-142-45-5-177-21-82-8-104-138-182-139-168-195-145-15-3-70-13-132-169-188-6-147-178-10-133-122-72-107-40-100-63-135-38-27-16-1-156-198-117-193-31-54-73-112-121-51-90-118-74-134-11-33-160-29-0-109-35-111-81-153-163-176-106-124-62-18-55-34-170-152-140-183-86-95-130-99-22-185-179-172-166-194-113-114-137-103-89-127-165-187-146-97-77-141"
35,47899,100,20956,68855,6,"187-163-89-127-137-114-103-180-176-113-194-166-86-185-179-172-57-66-94-47-148-60-20-59-28-149-4-199-9-99-130-95-183-140-152-170-34-55-18-62-128-124-106-143-35-109-0-29-160-33-11-134-74-118-121-51-90-131-117-1-38-135-63-122-133-10-178-147-6-188-169-132-13-70-3-15-145-195-168-139-182-138-104-8-111-82-21-177-5-45-142-78-175-36-61-91-141-77-81-153"
36,51513,100,18750,70263,5,"134-43-168-195-139-11-182-138-33-160-144-56-104-8-82-87-21-177-5-45-142-78-175-36-61-91-141-77-97-146-187-165-127-89-103-137-114-113-194-166-52-172-179-185-22-99-130-95-86-183-140-199-9-148-47-66-94-60-20-59-28-149-4-152-170-34-55-18-62-128-124-143-159-106-88-176-180-163-186-153-81-41-111-29-0-35-109-69-189-184-155-3-70-15-145-13-132-169-188-6"
37,49764,100,19590,69354,6,"54-193-117-198-156-1-16-27-38-63-135-122-133-10-178-147-71-51-191-90-125-131-121-112-158-25-182-138-139-168-195-145-15-3-70-161-13-132-169-188-6-134-11-49-33-160-29-0-109-35-111-144-56-104-8-21-87-82-77-81-153-163-176-106-124-62-18-140-183-95-86-185-179-166-194-113-103-89-127-165-187-146-97-141-91-61-36-177-5-45-142-78-175-162-80-190-136-73-164-31"
38,49817,100,19643,69460,7,"136-73-164-31-54-193-117-198-156-1-16-27-38-63-135-122-133-10-178-147-71-51-191-90-125-131-121-112-158-25-182-138-139-168-195-145-15-3-70-161-13-132-169-188-6-134-11-49-33-160-29-0-109-35-111-144-56-104-8-82-21-87-77-81-153-163-176-106-124-62-18-140-183-95-86-185-179-166-194-113-103-89-127-165-187-146-97-141-91-61-36-177-5-45-142-78-175-162-80-190"
39,50805,100,18213,69018,7,"143-35-109-0-29-111-41-81-153-186-163-103-89-127-114-137-165-187-146-97-77-141-91-79-61-36-175-78-142-45-5-177-21-87-82-8-104-56-144-160-33-138-182-11-139-43-168-195-134-6-188-169-132-13-145-15-70-3-189-155-184-170-152-4-149-28-59-20-60-94-66-47-148-9-199-140-183-95-130-99-22-185-179-172-52-166-194-113-180-176-86-128-83-34-55-18-62-124-106-159"
40,47958,100,20363,68321,7,"176-180-113-26-103-114-137-127-89-163-187-153-81-77-141-91-61-36-175-78-142-45-5-177-21-82-111-8-104-138-182-139-168-195-145-15-3-70-13-132-169-188-6-147-178-10-133-122-63-135-38-1-131-90-51-121-118-74-134-11-33-160-29-0-109-35-143-106-124-128-62-18-55-34-170-152-140-183-95-130-99-9-199-4-149-28-59-20-60-148-47-94-66-57-172-179-185-86-166-194"
41,47958,100,20363,68321,6,"176-180-113-26-103-114-137-127-89-163-187-153-81-77-141-91-61-36-175-78-142-45-5-177-21-82-111-8-104-138-182-139-168-195-145-15-3-70-13-132-169-188-6-147-178-10-133-122-63-135-38-1-131-90-51-121-118-74-134-11-33-160-29-0-109-35-143-106-124-128-62-18-55-34-170-152-140-183-95-130-99-9-199-4-149-28-59-20-60-148-47-94-66-57-172-179-185-86-166-194"
42,47859,100,20868,68727,6,"153-187-163-89-127-137-114-103-26-113-176-194-166-86-185-179-172-57-66-94-47-148-60-20-59-28-149-4-199-9-99-130-95-183-140-152-170-34-55-18-62-128-124-106-143-35-109-0-29-160-33-11-134-74-118-121-51-90-131-117-1-38-135-63-122-133-10-178-147-6-188-169-132-13-70-3-15-145-195-168-139-182-138-104-8-111-82-21-177-5-45-142-78-175-36-61-91-141-77-81"
43,47460,100,20993,68453,5,"137-127-89-103-163-187-153-81-77-141-91-61-36-175-78-142-45-5-177-21-82-111-8-104-138-182-139-168-195-145-15-3-70-13-132-169-188-6-147-178-10-133-122-63-135-38-1-117-31-54-90-51-121-118-74-134-11-33-160-29-0-109-35-143-106-124-128-62-18-55-34-170-152-140-183-95-130-99-9-199-4-149-28-59-20-60-148-47-94-66-57-172-179-185-86-166-194-176-113-114"
44,51104,100,19142,70246,4,"47-94-66-57-172-179-22-99-130-185-166-194-113-26-103-114-137-127-89-163-165-187-146-97-141-77-81-153-129-180-176-86-95-55-34-18-62-128-124-106-159-143-35-109-0-29-160-33-144-111-82-87-21-91-79-61-36-175-78-142-45-5-177-25-8-56-104-138-182-11-139-43-168-195-134-6-188-169-132-13-145-15-161-70-3-189-155-184-170-152-183-140-199-4-149-28-59-20-60-148"
45,49800,100,19626,69426,6,"136-73-164-31-54-193-117-198-156-1-16-27-38-63-135-122-133-10-178-147-71-51-191-90-125-131-121-112-158-25-182-138-139-168-195-145-15-3-70-161-13-132-169-188-6-134-11-49-33-160-29-0-109-35-111-144-56-104-8-82-87-21-77-81-153-163-176-106-124-62-18-140-183-95-86-185-179-166-194-113-103-89-127-165-187-146-97-141-91-61-36-177-5-45-142-78-175-162-80-190"
46,49051,100,20710,69761,6,"178-10-133-122-72-107-40-100-63-135-38-27-16-1-156-198-117-193-31-73-54-151-131-90-191-51-121-158-25-182-138-139-11-33-160-144-104-8-82-21-177-5-45-142-175-78-36-61-91-141-77-97-146-187-165-127-89-103-113-194-166-179-185-22-99-130-95-86-183-140-152-170-34-55-18-62-124-106-176-163-153-81-111-29-0-35-109-168-195-145-15-3-70-13-132-169-188-6-134-147"
47,49101,100,21174,70275,6,"8-104-138-182-139-168-195-145-15-3-70-13-132-169-188-6-147-178-10-133-122-72-107-40-100-63-135-38-27-16-1-156-198-117-193-31-54-73-131-90-51-121-118-74-134-11-33-160-29-0-109-35-111-81-153-163-176-106-124-62-18-55-34-170-152-140-183-86-95-130-99-22-185-179-172-166-194-113-114-137-103-89-127-165-187-146-97-77-141-91-61-36-175-78-142-45-5-177-21-82"
48,49588,100,20532,70120,7,"72-10-133-122-90-191-51-71-147-6-188-169-132-13-70-3-15-145-195-168-29-109-35-0-111-41-81-153-163-180-176-106-124-128-62-18-55-34-170-152-140-183-130-95-86-99-22-185-179-172-166-194-113-114-137-103-89-127-165-187-146-97-77-141-91-61-36-175-78-142-45-5-177-21-87-82-8-104-144-160-33-11-139-138-182-25-158-121-193-54-31-117-1-38-135-102-63-100-40-107"
49,51373,100,18477,69850,5,"110-128-62-18-55-34-174-183-140-199-9-148-47-66-94-60-20-59-28-149-4-152-170-184-155-189-3-70-15-145-13-132-169-188-6-134-195-168-43-139-11-182-138-33-160-144-56-104-8-82-87-21-177-5-45-142-78-175-36-61-91-141-77-97-146-187-165-137-114-127-89-103-163-186-153-81-41-111-109-29-0-35-143-159-106-124-88-176-180-113-194-166-172-179-185-22-99-130-95-86"
50,47859,100,20868,68727,5,"194-176-113-26-103-114-137-127-89-163-187-153-81-77-141-91-61-36-175-78-142-45-5-177-21-82-111-8-104-138-182-139-168-195-145-15-3-70-13-132-169-188-6-147-178-10-133-122-63-135-38-1-117-131-90-51-121-118-74-134-11-33-160-29-0-109-35-143-106-124-128-62-18-55-34-170-152-140-183-95-130-99-9-199-4-149-28-59-20-60-148-47-94-66-57-172-179-185-86-166"
51,51474,100,19471,70945,5,"155-189-3-70-15-145-13-132-169-188-6-134-195-168-43-139-11-182-138-104-56-8-25-177-5-45-142-78-175-36-61-79-91-21-87-82-111-144-33-160-29-0-35-109-143-159-106-124-62-18-34-55-128-86-176-180-129-153-81-77-141-97-146-187-165-163-89-127-137-114-103-26-113-194-166-52-172-179-185-22-99-130-95-183-140-199-9-148-47-66-94-60-20-59-28-149-4-152-170-184"
52,49856,100,20640,70496,5,"118-98-51-121-54-31-117-1-38-135-102-63-100-40-107-10-133-122-90-191-71-147-6-188-169-132-13-70-3-15-145-195-168-29-109-0-35-111-41-81-153-163-180-176-106-124-128-62-18-55-34-170-152-140-183-86-95-130-99-22-185-179-172-166-194-113-114-137-103-89-127-165-187-146-97-77-141-91-61-36-175-78-142-45-5-177-21-87-82-8-104-144-160-33-11-139-138-182-25-74"
53,50820,100,18228,69048,6,"106-159-143-35-0-109-29-111-41-81-153-186-163-103-89-127-114-137-165-187-146-97-77-141-91-79-61-36-175-78-142-45-5-177-21-87-82-8-104-56-144-160-33-138-182-11-139-43-168-195-134-6-188-169-132-13-145-15-70-3-189-155-184-170-152-4-149-28-59-20-60-94-66-47-148-9-199-140-183-95-130-99-22-185-179-172-52-166-194-113-180-176-86-128-83-34-55-18-62-124"
54,50832,100,18240,69072,6,"143-35-109-29-0-111-41-81-153-186-163-103-89-127-114-137-165-187-146-97-77-141-91-79-61-36-175-78-142-45-5-177-21-87-82-8-104-56-144-160-33-138-182-11-139-43-168-195-134-6-188-169-132-13-145-15-70-3-189-155-184-170-152-4-149-28-59-20-60-94-66-47-148-9-199-140-183-95-130-99-22-185-179-172-52-166-194-113-180-176-86-128-83-34-55-18-62-124-106-159"
55,50760,100,20335,71095,6,"44-133-10-178-191-90-125-51-71-147-6-188-169-132-13-70-3-15-145-195-168-29-109-35-0-111-41-81-153-163-180-176-106-124-128-62-18-55-34-170-152-140-183-95-86-130-99-22-185-179-172-166-194-113-114-137-103-89-127-165-187-146-97-77-141-91-61-36-175-78-142-45-5-177-21-87-82-8-104-144-160-33-11-139-138-182-25-158-121-117-1-38-135-102-63-100-40-107-72-122"
56,49592,100,20575,70167,6,"172-166-194-113-103-89-163-176-86-128-124-106-143-159-153-81-77-141-91-61-36-78-175-142-45-5-177-21-82-8-111-144-56-104-138-182-139-168-195-145-15-3-70-13-132-169-188-6-147-178-10-133-122-72-107-40-100-63-135-38-27-16-1-156-198-117-193-31-73-54-151-131-90-191-51-121-118-74-134-11-33-160-35-0-29-109-34-55-18-62-170-152-140-183-95-130-99-22-185-179"
57,49821,100,20753,70574,5,"163-103-106-124-62-18-55-34-128-86-176-180-113-194-166-172-179-185-22-99-130-95-183-140-152-170-184-155-3-70-15-145-13-132-169-188-6-147-178-10-133-122-72-107-40-100-63-135-38-27-16-1-156-198-117-193-31-73-54-151-131-90-191-51-121-118-74-134-43-195-168-35-109-29-0-160-33-11-139-182-138-104-144-111-8-82-21-177-5-45-142-78-175-36-61-91-141-77-81-153"
58,50832,100,18240,69072,5,"124-106-159-143-35-109-29-0-111-41-81-153-186-163-103-89-127-114-137-165-187-146-97-77-141-91-79-61-36-175-78-142-45-5-177-21-87-82-8-104-56-144-160-33-138-182-11-139-43-168-195-134-6-188-169-132-13-145-15-70-3-189-155-184-170-152-4-149-28-59-20-60-94-66-47-148-9-199-140-183-95-130-99-22-185-179-172-52-166-194-113-180-176-86-128-83-34-55-18-62"
59,51579,100,18702,70281,5,"33-138-182-11-139-134-43-168-195-13-132-169-6-188-161-70-3-15-145-155-189-69-29-109-35-0-111-41-81-153-186-163-180-176-88-106-159-143-124-128-62-18-55-34-170-152-4-149-28-59-20-60-94-66-47-148-9-199-140-183-86-95-130-99-22-185-179-172-52-166-194-113-114-137-103-89-127-165-187-146-97-77-141-91-61-36-175-78-142-45-5-177-21-87-82-8-104-56-144-160"
60,51498,100,18621,70119,6,"70-161-188-6-169-132-13-195-168-43-134-139-11-182-138-33-160-144-56-104-8-82-87-21-177-5-45-142-175-78-36-61-91-141-77-97-146-187-165-127-89-103-137-114-113-194-166-52-172-179-185-22-99-130-86-95-183-140-199-9-148-47-66-94-60-20-59-28-149-4-152-170-34-55-18-62-128-124-143-159-106-88-176-180-163-186-153-81-41-111-29-0-35-109-69-189-155-145-15-3"
61,51555,100,18678,70233,5,"70-161-188-6-169-132-13-195-168-43-134-139-11-182-138-33-160-144-56-104-8-82-87-21-177-5-45-142-78-175-36-61-91-141-77-97-146-187-165-127-89-103-137-114-113-194-166-52-172-179-185-22-99-130-95-86-183-140-199-9-148-47-66-94-60-20-59-28-149-4-152-170-34-55-18-62-128-124-143-159-106-88-176-180-163-186-153-81-41-111-29-0-35-109-69-189-155-145-15-3"
62,49093,100,21166,70259,5,"175-142-45-5-177-21-82-8-104-138-182-139-168-195-145-15-3-70-13-132-169-188-6-147-178-10-133-122-72-107-40-100-63-135-38-27-16-1-156-198-117-193-31-54-73-131-90-51-121-118-74-134-11-33-160-29-0-109-35-111-81-153-163-176-106-124-62-18-55-34-170-152-140-183-86-95-130-99-22-185-179-172-166-194-113-114-137-103-89-127-165-187-146-97-77-141-91-61-36-78"
63,48670,100,21058,69728,4,"174-55-18-62-143-106-124-128-86-95-130-99-22-185-179-172-166-194-176-113-26-103-114-137-127-89-163-187-153-81-77-141-91-61-36-175-78-142-45-5-177-21-82-8-111-144-104-138-182-139-168-195-145-15-3-70-13-132-169-188-6-147-178-10-133-122-107-40-63-135-38-27-16-1-156-198-117-193-31-54-73-131-90-51-121-118-74-134-11-33-160-35-0-29-109-34-170-152-140-183"
64,48340,100,20784,69124,4,"57-66-94-47-148-60-20-59-28-149-4-199-9-99-22-179-185-86-95-130-183-140-152-170-34-55-18-62-128-124-106-143-35-109-0-29-160-33-11-134-74-118-121-51-90-131-1-38-135-63-122-133-10-178-147-6-188-169-132-13-70-3-15-145-195-168-139-182-138-104-8-111-82-21-177-5-45-142-78-175-36-61-91-141-77-81-153-187-163-89-127-137-114-103-26-113-176-194-166-172"
65,50968,100,18387,69355,8,"181-95-130-22-99-9-199-4-149-28-59-20-60-148-47-94-66-57-172-179-185-86-166-194-113-180-176-88-128-62-124-106-143-35-0-109-29-111-41-81-153-163-103-89-127-114-137-165-187-146-97-77-141-91-61-36-175-78-142-45-5-177-21-87-82-8-104-56-144-160-33-138-182-11-139-195-168-43-134-6-188-169-132-13-145-15-70-3-189-155-184-170-152-140-183-174-34-55-18-83"
66,51362,100,19402,70764,5,"140-183-95-130-99-22-185-179-172-52-166-194-113-26-103-114-137-127-89-163-165-187-146-97-141-77-81-153-129-180-176-86-128-83-55-34-18-62-124-106-159-143-35-109-0-29-160-33-144-111-82-87-21-91-61-36-175-78-142-45-5-177-25-8-56-104-138-182-11-139-43-168-195-134-6-188-169-132-13-145-15-70-3-189-155-184-170-152-4-149-28-59-20-60-94-66-47-148-9-199"
67,49488,100,19230,68718,5,"54-193-117-198-156-1-16-27-38-63-135-122-133-10-178-147-71-51-191-90-125-131-121-112-158-25-182-138-11-168-195-145-15-3-70-161-13-132-169-188-6-134-139-49-33-160-29-0-109-35-111-144-56-104-8-82-21-87-77-81-153-163-176-106-124-62-18-55-183-140-95-185-86-166-194-113-103-89-127-165-187-146-97-141-91-61-36-177-5-45-142-78-175-162-80-190-136-73-164-31"
68,49871,100,20655,70526,9,"71-147-6-188-169-132-13-70-3-15-145-195-168-29-109-35-0-111-41-81-153-163-180-176-106-124-128-62-18-55-34-170-152-140-183-86-95-130-99-22-185-179-172-166-194-113-114-137-103-89-127-165-187-146-97-77-141-91-61-36-175-78-142-45-5-177-21-87-82-8-104-144-160-33-11-139-138-182-25-74-118-98-51-121-54-31-117-1-38-135-102-63-100-40-107-10-133-122-90-191"
69,51524,100,19355,70879,5,"101-28-59-20-60-94-66-47-148-9-199-140-183-95-130-99-22-185-179-172-52-166-194-113-26-103-114-137-127-89-163-165-187-146-97-141-77-81-153-129-180-176-86-128-83-55-34-18-62-124-106-159-143-35-109-0-29-160-33-144-111-82-87-21-91-61-36-175-78-142-45-5-177-25-8-104-138-182-11-139-43-168-195-134-6-188-169-132-13-145-15-70-3-189-155-184-170-152-4-149"
70,51104,100,19142,70246,5,"47-94-66-57-172-179-22-99-130-185-166-194-113-26-103-114-137-127-89-163-165-187-146-97-141-77-81-153-129-180-176-86-95-55-34-18-62-128-124-106-159-143-35-109-0-29-160-33-144-111-82-87-21-91-79-61-36-175-78-142-45-5-177-25-8-56-104-138-182-11-139-43-168-195-134-6-188-169-132-13-145-15-161-70-3-189-155-184-170-152-183-140-199-4-149-28-59-20-60-148"
71,50809,100,20384,71193,6,"44-133-10-178-191-90-125-51-71-147-6-188-169-132-13-70-3-15-145-195-168-29-109-35-0-111-41-81-153-163-180-176-106-124-128-62-18-55-34-170-152-140-183-86-95-130-99-22-185-179-172-166-194-113-114-137-103-89-127-165-187-146-97-77-141-91-61-36-175-78-142-45-5-177-21-87-82-8-104-144-160-33-11-139-138-182-25-158-121-117-1-38-135-102-63-100-40-107-72-122"
72,47859,100,20868,68727,5,"113-176-194-166-86-185-179-172-57-66-94-47-148-60-20-59-28-149-4-199-9-99-130-95-183-140-152-170-34-55-18-62-128-124-106-143-35-109-0-29-160-33-11-134-74-118-121-51-90-131-117-1-38-135-63-122-133-10-178-147-6-188-169-132-13-70-3-15-145-195-168-139-182-138-104-8-111-82-21-177-5-45-142-78-175-36-61-91-141-77-81-153-187-163-89-127-137-114-103-26"
73,47930,100,20694,68624,5,"163-89-165-127-137-114-103-113-176-180-194-166-86-185-179-172-57-66-94-47-148-60-20-59-28-149-4-199-9-99-130-95-183-140-152-170-34-55-18-62-128-124-106-143-35-109-0-29-160-33-11-134-74-118-121-51-90-131-117-1-38-135-63-122-133-10-178-147-6-188-169-132-13-70-3-15-145-195-168-139-182-138-104-8-111-82-21-177-5-45-142-78-175-36-61-91-141-77-81-153"
74,52192,100,19650,71842,5,"179-185-22-99-130-95-183-140-199-9-148-47-66-94-60-20-59-28-149-4-152-170-34-55-18-62-109-29-69-189-155-145-15-3-70-161-188-6-169-132-13-195-168-43-134-139-11-182-138-33-160-144-56-104-8-157-25-177-5-45-142-78-175-36-61-79-91-21-87-82-111-0-35-143-159-124-106-119-81-77-141-97-153-187-165-163-89-127-137-114-103-26-180-176-113-194-166-86-52-172"
75,49052,100,21125,70177,5,"111-81-153-163-176-106-124-62-18-55-34-170-152-140-183-95-86-130-99-22-185-179-172-166-194-113-114-137-103-89-127-165-187-146-97-77-141-91-61-36-175-78-142-45-5-177-21-82-8-104-138-182-139-168-195-145-15-3-70-13-132-169-188-6-147-178-10-133-122-72-107-40-100-63-135-38-27-16-1-156-198-117-193-31-54-73-131-90-51-121-118-74-134-11-33-160-29-0-109-35"
76,51552,100,18534,70086,4,"65-188-6-169-132-13-195-168-43-134-139-11-182-138-33-160-144-56-104-8-82-87-21-177-5-45-142-78-175-36-61-91-141-77-97-146-187-165-127-89-103-137-114-113-194-166-172-179-99-22-185-86-95-130-183-140-199-9-148-47-66-94-60-20-59-28-149-4-152-170-34-55-18-62-128-124-143-159-106-88-176-180-163-186-153-81-41-111-29-0-35-109-69-189-155-145-15-3-70-161"
77,49418,100,19343,68761,6,"117-198-156-1-151-19-112-121-131-135-102-63-100-40-107-72-10-133-122-90-191-51-98-118-74-134-147-6-188-169-132-13-161-70-3-15-145-195-168-29-109-35-0-160-33-49-11-139-182-138-104-8-144-111-82-21-77-81-153-163-176-106-124-62-18-55-183-140-95-185-86-166-194-113-103-89-127-165-187-146-97-141-91-61-36-177-5-45-142-78-175-162-80-190-136-73-164-193-31-54"
78,52078,100,19660,71738,9,"177-25-182-138-11-168-195-145-15-3-70-161-13-132-169-188-6-192-147-178-10-133-122-72-107-40-100-63-135-38-27-16-1-156-198-117-193-31-73-54-151-19-112-131-125-90-191-120-51-121-118-74-134-139-49-33-160-29-0-109-35-111-144-56-104-8-82-87-21-77-81-153-163-176-106-124-18-62-95-185-86-166-194-113-103-89-127-165-187-146-97-141-91-61-36-175-78-142-45-5"
79,50876,100,18284,69160,5,"34-55-18-83-128-86-176-180-113-194-166-52-172-179-185-22-99-130-95-183-140-199-9-148-47-66-94-60-20-59-28-149-4-152-170-184-155-189-3-70-15-145-13-132-169-188-6-134-195-168-43-139-11-182-138-33-160-144-56-104-8-82-87-21-177-5-45-142-78-175-36-61-79-91-141-77-97-146-187-165-137-114-127-89-103-163-186-153-81-41-111-109-29-0-35-143-159-106-124-62"
80,48069,100,21252,69321,6,"165-114-113-176-194-166-86-185-179-172-57-66-94-47-148-60-20-59-28-149-4-199-9-99-130-95-183-140-152-170-34-55-18-62-128-124-106-143-35-109-0-29-160-33-11-134-74-118-121-51-90-131-117-1-38-135-63-122-133-10-178-147-6-188-169-132-13-70-3-15-145-195-168-139-182-138-104-8-111-82-21-177-5-45-142-78-175-36-61-91-141-77-81-153-187-163-103-89-127-137"
81,49523,100,21797,71320,6,"66-57-172-179-185-22-99-130-95-86-166-194-113-176-128-62-124-106-103-163-153-81-77-141-91-61-36-175-78-142-45-5-177-21-82-8-111-144-104-138-182-139-11-33-160-35-0-29-109-69-189-168-195-43-134-74-118-121-51-90-131-54-31-117-1-38-135-63-122-133-10-178-147-6-188-169-132-13-145-15-70-3-155-184-34-18-55-170-152-183-140-4-149-28-59-20-60-148-47-94"
82,51683,100,18441,70124,6,"182-139-11-43-168-195-13-132-169-6-188-161-70-3-15-145-155-189-69-29-109-35-0-111-41-81-153-186-163-180-176-88-106-159-143-124-128-62-18-55-34-170-152-4-149-28-59-20-60-94-66-47-148-9-199-140-183-86-95-130-99-22-185-179-172-52-166-194-113-114-137-103-89-127-165-187-146-97-77-141-91-79-61-36-175-78-142-45-5-177-21-87-82-8-104-56-144-160-33-138"
83,48994,100,20516,69510,5,"134-74-118-121-51-191-90-131-73-54-31-193-117-198-156-1-16-27-38-135-63-100-40-107-72-122-133-10-178-147-6-188-169-132-13-70-3-15-145-195-168-29-109-35-0-111-81-153-163-176-106-124-62-18-55-34-170-152-140-183-86-95-130-99-22-185-179-166-194-113-103-89-127-165-187-146-97-77-141-91-61-36-175-78-142-45-5-177-21-82-8-104-144-160-33-138-182-11-139-43"
84,48974,100,20952,69926,8,"104-138-182-139-168-195-145-15-3-70-13-132-169-188-6-147-178-10-133-122-100-107-40-63-135-38-27-16-1-156-198-117-193-31-54-73-112-121-51-90-118-74-134-11-33-160-29-109-35-0-111-81-153-163-176-106-124-62-18-55-34-170-152-140-183-95-86-130-99-22-185-179-172-166-194-113-114-137-103-89-127-165-187-146-97-77-141-91-61-36-175-78-142-45-5-177-21-82-8-144"
85,48021,100,20457,68478,4,"77-97-141-91-61-36-175-78-142-45-5-177-21-82-111-8-104-138-182-139-168-195-145-15-3-70-13-132-169-188-6-147-178-10-133-122-63-135-38-1-131-90-51-121-118-74-134-11-33-160-29-0-109-35-143-106-124-128-62-18-55-34-170-152-140-183-95-130-99-9-199-4-149-28-59-20-60-148-47-94-66-57-172-179-185-86-166-194-176-113-26-103-114-137-127-89-163-187-153-81"
86,47859,100,20868,68727,5,"194-176-113-26-103-114-137-127-89-163-187-153-81-77-141-91-61-36-175-78-142-45-5-177-21-82-111-8-104-138-182-139-168-195-145-15-3-70-13-132-169-188-6-147-178-10-133-122-63-135-38-1-117-131-90-51-121-118-74-134-11-33-160-29-0-109-35-143-106-124-128-62-18-55-34-170-152-140-183-95-130-99-9-199-4-149-28-59-20-60-148-47-94-66-57-172-179-185-86-166"
87,49317,100,21345,70662,6,"143-35-109-0-29-160-33-11-134-74-118-121-51-90-131-73-54-31-193-117-198-156-1-16-27-38-135-63-40-107-100-122-133-10-178-147-6-188-169-132-13-70-3-15-145-195-168-139-182-138-104-8-82-21-177-5-45-142-78-175-36-61-91-141-77-97-146-187-165-127-89-103-137-114-113-194-166-172-179-185-22-99-130-95-86-183-140-152-170-34-55-18-62-124-106-176-163-153-81-159"
88,51747,100,19322,71069,7,"59-20-60-94-66-47-148-9-183-174-34-55-18-62-83-95-130-99-22-179-185-86-166-194-113-26-103-114-137-127-89-163-165-187-146-97-141-77-81-153-129-180-176-88-128-124-106-159-143-35-109-0-29-160-33-144-111-82-87-21-91-79-61-36-175-78-142-45-5-177-25-8-56-104-138-182-11-139-43-168-195-134-6-188-169-132-13-145-15-70-3-189-155-184-170-152-140-4-149-28"
89,49986,100,20505,70491,5,"52-166-194-113-103-163-176-86-128-124-106-143-159-153-81-77-141-91-61-36-175-78-142-45-5-177-21-82-8-111-144-56-104-138-182-139-168-195-145-15-3-70-13-132-169-188-6-147-178-10-133-122-72-107-40-100-63-135-38-27-16-1-156-198-117-193-31-73-54-151-131-90-191-51-121-118-74-134-11-33-160-35-0-29-109-34-55-18-62-170-152-140-183-95-130-99-22-185-179-172"
90,49093,100,21166,70259,5,"78-175-142-45-5-177-21-82-8-104-138-182-139-168-195-145-15-3-70-13-132-169-188-6-147-178-10-133-122-72-107-40-100-63-135-38-27-16-1-156-198-117-193-31-54-73-131-90-51-121-118-74-134-11-33-160-29-0-109-35-111-81-153-163-176-106-124-62-18-55-34-170-152-140-183-86-95-130-99-22-185-179-172-166-194-113-114-137-103-89-127-165-187-146-97-77-141-91-61-36"
91,51555,100,18678,70233,6,"70-161-188-6-169-132-13-195-168-43-134-139-11-182-138-33-160-144-56-104-8-82-87-21-177-5-45-142-78-175-36-61-91-141-77-97-146-187-165-127-89-103-137-114-113-194-166-52-172-179-185-22-99-130-95-86-183-140-199-9-148-47-66-94-60-20-59-28-149-4-152-170-34-55-18-62-128-124-143-159-106-88-176-180-163-186-153-81-41-111-29-0-35-109-69-189-155-145-15-3"
92,50739,100,17975,68714,7,"170-152-184-155-189-3-70-15-145-13-132-169-188-6-134-43-168-195-139-11-182-138-33-160-144-56-104-8-82-87-21-177-5-45-142-78-175-36-61-79-91-141-77-97-146-187-165-127-89-103-137-114-26-113-194-166-52-172-179-185-99-130-22-66-94-47-148-60-20-59-28-149-4-199-140-183-95-86-88-176-180-163-186-153-81-41-111-109-29-0-35-143-159-106-124-128-62-18-55-34"
93,50805,100,18213,69018,7,"143-35-109-0-29-111-41-81-153-186-163-103-89-127-114-137-165-187-146-97-77-141-91-79-61-36-175-78-142-45-5-177-21-87-82-8-104-56-144-160-33-138-182-11-139-43-168-195-134-6-188-169-132-13-145-15-70-3-189-155-184-170-152-4-149-28-59-20-60-94-66-47-148-9-199-140-183-95-130-99-22-185-179-172-52-166-194-113-180-176-86-128-83-34-55-18-62-124-106-159"
94,50746,100,18154,68900,6,"62-124-106-159-143-35-109-0-29-111-41-81-153-186-163-103-89-127-114-137-165-187-146-97-77-141-91-79-61-36-175-78-142-45-5-177-21-87-82-8-104-56-144-160-33-138-182-11-139-195-168-43-134-6-188-169-132-13-145-15-70-3-189-155-184-170-152-4-149-28-59-20-60-94-66-47-148-9-199-140-183-95-130-99-22-185-179-172-52-166-194-113-180-176-86-128-83-34-55-18"
95,49052,100,21125,70177,5,"36-175-78-142-45-5-177-21-82-8-104-138-182-139-168-195-145-15-3-70-13-132-169-188-6-147-178-10-133-122-72-107-40-100-63-135-38-27-16-1-156-198-117-193-31-54-73-131-90-51-121-118-74-134-11-33-160-29-0-109-35-111-81-153-163-176-106-124-62-18-55-34-170-152-140-183-95-86-130-99-22-185-179-172-166-194-113-114-137-103-89-127-165-187-146-97-77-141-91-61"
96,51513,100,18750,70263,7,"13-132-169-188-6-134-43-168-195-139-11-182-138-33-160-144-56-104-8-82-87-21-177-5-45-142-78-175-36-61-91-141-77-97-146-187-165-127-89-103-137-114-113-194-166-52-172-179-185-22-99-130-95-86-183-140-199-9-148-47-66-94-60-20-59-28-149-4-152-170-34-55-18-62-128-124-143-159-106-88-176-180-163-186-153-81-41-111-29-0-35-109-69-189-184-155-3-70-15-145"
97,51747,100,19322,71069,5,"20-60-94-66-47-148-9-183-174-34-55-18-62-83-95-130-99-22-179-185-86-166-194-113-26-103-114-137-127-89-163-165-187-146-97-141-77-81-153-129-180-176-88-128-124-106-159-143-35-109-0-29-160-33-144-111-82-87-21-91-79-61-36-175-78-142-45-5-177-25-8-56-104-138-182-11-139-43-168-195-134-6-188-169-132-13-145-15-70-3-189-155-184-170-152-140-4-149-28-59"
98,47958,100,20363,68321,5,"176-180-113-26-103-114-137-127-89-163-187-153-81-77-141-91-61-36-175-78-142-45-5-177-21-82-111-8-104-138-182-139-168-195-145-15-3-70-13-132-169-188-6-147-178-10-133-122-63-135-38-1-131-90-51-121-118-74-134-11-33-160-29-0-109-35-143-106-124-128-62-18-55-34-170-152-140-183-95-130-99-9-199-4-149-28-59-20-60-148-47-94-66-57-172-179-185-86-166-194"
99,48058,100,20612,68670,4,"153-187-163-89-127-137-114-103-26-113-176-194-166-86-185-179-172-57-66-94-47-148-60-20-59-28-149-4-199-9-99-130-95-183-140-152-170-34-55-18-62-128-124-106-143-35-109-29-0-160-33-11-134-74-118-121-51-90-131-1-38-135-63-122-133-10-178-147-6-188-169-132-13-70-3-15-145-195-168-139-182-138-104-144-111-8-82-21-177-5-45-142-78-175-36-61-91-141-77-81"
100,52245,100,19885,72130,6,"177-25-182-138-139-168-195-145-15-3-70-161-13-132-169-188-6-192-147-178-10-133-122-72-107-40-100-63-135-38-27-16-1-156-198-117-193-31-73-54-151-19-112-131-125-90-191-120-51-121-118-74-134-11-49-33-160-29-0-109-35-111-144-56-104-8-82-21-87-77-81-153-163-176-106-124-62-18-86-185-179-166-194-113-103-89-127-165-187-146-97-141-91-61-36-175-78-142-45-5"
101,51718,100,18715,70433,6,"12-111-41-81-153-186-163-180-88-176-106-159-143-124-128-62-18-55-34-170-152-4-149-28-59-20-60-94-66-47-148-9-199-140-183-86-95-130-99-22-185-179-172-166-194-113-114-137-103-89-127-165-187-146-97-77-141-91-61-36-175-78-142-45-5-177-21-87-82-8-104-56-144-160-33-138-182-11-139-134-43-168-195-13-132-169-6-188-161-70-3-15-145-155-189-69-29-109-35-0"
102,51549,100,18672,70221,5,"109-0-29-69-189-155-145-15-3-70-161-188-6-169-132-13-195-168-43-134-139-11-182-138-33-160-144-56-104-8-82-87-21-177-5-45-142-78-175-36-61-91-141-77-97-146-187-165-127-89-103-137-114-113-194-166-52-172-179-185-22-99-130-95-86-183-140-199-9-148-47-66-94-60-20-59-28-149-4-152-170-34-55-18-62-128-124-143-159-106-88-176-180-163-186-153-81-41-111-35"
103,52057,100,19585,71642,8,"5-45-142-175-78-177-36-61-91-141-97-146-187-163-89-127-103-113-176-166-86-185-130-95-18-62-124-106-143-153-81-77-87-21-82-8-104-56-144-111-35-109-0-29-160-33-49-11-134-74-118-121-51-120-191-90-125-131-112-19-151-54-73-31-193-117-198-156-1-16-27-38-135-63-100-40-107-72-122-133-10-178-147-192-6-188-169-132-13-161-70-3-15-145-195-168-139-138-182-25"
104,49515,100,21789,71304,7,"94-66-57-172-179-185-22-99-130-95-86-166-194-113-176-128-62-124-106-103-163-153-81-77-141-91-61-36-78-175-142-45-5-177-21-82-8-111-144-104-138-182-139-11-33-160-35-0-29-109-69-189-168-195-43-134-74-118-121-51-90-131-54-31-117-1-38-135-63-122-133-10-178-147-6-188-169-132-13-145-15-70-3-155-184-34-18-55-170-152-183-140-4-149-28-59-20-60-148-47"
105,49611,100,20555,70166,4,"72-10-133-122-90-191-51-71-147-6-188-169-132-13-70-3-15-145-195-168-29-109-35-0-111-41-81-153-163-180-176-106-124-128-62-18-55-34-170-152-140-183-86-95-130-99-22-185-179-172-166-194-113-114-137-103-89-127-165-187-146-97-77-141-91-61-36-175-78-142-45-5-177-21-87-82-8-104-144-160-33-11-139-138-182-25-158-121-193-54-31-117-1-38-135-102-63-100-40-107"
106,49101,100,21174,70275,6,"104-138-182-139-168-195-145-15-3-70-13-132-169-188-6-147-178-10-133-122-72-107-40-100-63-135-38-27-16-1-156-198-117-193-31-54-73-131-90-51-121-118-74-134-11-33-160-29-0-109-35-111-81-153-163-176-106-124-62-18-55-34-170-152-140-183-86-95-130-99-22-185-179-172-166-194-113-114-137-103-89-127-165-187-146-97-77-141-91-61-36-175-78-142-45-5-177-21-82-8"
107,49120,100,21405,70525,5,"111-144-35-109-0-29-160-33-11-134-74-118-121-51-90-131-73-54-31-193-117-198-156-1-16-27-38-135-63-40-107-100-122-133-10-178-147-6-188-169-132-13-70-3-15-145-195-168-139-182-138-104-8-82-21-177-5-45-142-78-175-36-61-91-141-77-97-146-187-165-127-89-103-137-114-113-194-166-172-179-185-22-99-130-95-86-183-140-152-170-34-55-18-62-124-106-176-163-153-81"
108,49913,100,21231,71144,6,"154-94-66-57-172-179-185-22-99-130-95-86-166-194-113-176-128-62-124-106-143-159-153-81-77-141-91-61-36-175-78-142-45-5-177-21-82-8-111-144-104-138-182-139-11-33-160-35-0-29-109-69-189-168-195-43-134-74-118-121-51-90-54-31-117-1-38-63-135-122-133-10-178-147-6-188-169-132-13-145-15-70-3-155-184-34-18-55-170-152-183-140-4-149-28-59-20-60-148-47"
109,49101,100,21174,70275,5,"82-8-104-138-182-139-168-195-145-15-3-70-13-132-169-188-6-147-178-10-133-122-72-107-40-100-63-135-38-27-16-1-156-198-117-193-31-54-73-131-90-51-121-118-74-134-11-33-160-29-0-109-35-111-81-153-163-176-106-124-62-18-55-34-170-152-140-183-86-95-130-99-22-185-179-172-166-194-113-114-137-103-89-127-165-187-146-97-77-141-91-61-36-175-78-142-45-5-177-21"
110,47859,100,20868,68727,4,"127-89-163-187-153-81-77-141-91-61-36-175-78-142-45-5-177-21-82-111-8-104-138-182-139-168-195-145-15-3-70-13-132-169-188-6-147-178-10-133-122-63-135-38-1-117-131-90-51-121-118-74-134-11-33-160-29-0-109-35-143-106-124-128-62-18-55-34-170-152-140-183-95-130-99-9-199-4-149-28-59-20-60-148-47-94-66-57-172-179-185-86-166-194-176-113-26-103-114-137"
111,48787,100,20621,69408,6,"51-191-90-131-73-54-31-193-117-198-156-1-16-27-38-135-63-100-40-107-72-122-133-10-178-147-6-188-169-132-13-70-3-15-145-195-168-29-109-35-0-111-81-153-163-176-106-124-62-18-55-34-170-152-140-183-86-95-130-99-22-185-179-172-166-194-113-114-103-89-127-165-187-146-97-77-141-91-61-36-175-78-142-45-5-177-21-82-8-104-144-160-33-11-139-138-182-25-158-121"
112,51459,100,19499,70958,4,"199-183-95-130-99-22-185-179-172-52-166-194-113-26-103-114-137-127-89-163-165-187-146-97-141-77-81-153-129-180-176-86-128-83-55-34-18-62-124-106-159-143-35-109-0-29-160-33-144-111-82-87-21-91-61-36-175-78-142-45-5-177-25-8-56-104-138-182-11-139-43-168-195-134-6-188-169-132-13-145-15-70-3-189-155-184-170-152-140-4-149-28-59-20-60-94-66-47-148-9"
113,49037,100,20970,70007,6,"162-80-190-193-117-54-31-73-136-45-5-177-21-82-8-104-138-182-139-168-195-145-15-3-70-13-132-169-188-6-147-178-10-133-122-72-107-40-100-63-102-135-131-90-191-51-121-118-74-134-11-33-160-29-0-109-35-111-81-153-163-180-176-106-124-62-18-55-34-170-152-140-183-95-86-130-99-22-185-179-172-166-194-113-114-137-103-89-127-165-187-146-97-77-141-91-61-36-78-175"
114,51887,100,18205,70092,5,"12-29-145-15-3-70-161-188-6-169-132-13-195-168-43-134-139-11-182-138-33-160-144-56-104-8-82-87-21-177-5-45-142-78-175-36-61-79-91-141-77-97-146-187-165-127-89-103-137-114-26-113-194-166-52-172-179-185-22-99-130-95-86-183-140-199-9-148-47-66-94-60-20-59-28-149-4-152-170-34-55-18-62-128-124-143-159-106-88-176-180-163-186-153-81-41-111-0-35-109"
115,50051,100,18538,68589,6,"190-80-162-175-78-142-45-5-177-36-61-91-141-97-146-187-165-127-89-103-113-194-166-86-185-130-95-18-62-124-106-176-163-153-81-77-87-21-82-8-104-56-144-111-35-109-0-29-160-33-138-182-11-139-43-168-195-145-15-3-70-161-13-132-169-188-6-147-134-74-118-98-51-191-90-122-133-10-72-107-40-100-63-102-135-131-121-112-19-151-1-156-198-117-54-31-193-164-73-136"
116,47958,100,20363,68321,8,"194-176-180-113-26-103-114-137-127-89-163-187-153-81-77-141-91-61-36-175-78-142-45-5-177-21-82-111-8-104-138-182-139-168-195-145-15-3-70-13-132-169-188-6-147-178-10-133-122-63-135-38-1-131-90-51-121-118-74-134-11-33-160-29-0-109-35-143-106-124-128-62-18-55-34-170-152-140-183-95-130-99-9-199-4-149-28-59-20-60-148-47-94-66-57-172-179-185-86-166"
117,51569,100,18692,70261,5,"11-139-134-43-168-195-13-132-169-6-188-161-70-3-15-145-155-189-69-29-109-35-0-111-41-81-153-186-163-180-88-176-106-159-143-124-128-62-18-55-34-170-152-4-149-28-59-20-60-94-66-47-148-9-199-140-183-86-95-130-99-22-185-179-172-52-166-194-113-114-137-103-89-127-165-187-146-97-77-141-91-61-36-175-78-142-45-5-177-21-87-82-8-104-56-144-160-33-138-182"
118,50896,100,18304,69200,6,"128-62-34-55-18-83-86-176-180-113-194-166-52-172-179-185-22-99-130-95-183-140-199-9-148-47-66-94-60-20-59-28-149-4-152-170-184-155-189-3-70-15-145-13-132-169-188-6-134-195-168-43-139-11-182-138-33-160-144-56-104-8-82-87-21-177-5-45-142-78-175-36-61-79-91-141-77-97-146-187-165-137-114-127-89-103-163-186-153-81-41-111-29-109-0-35-143-159-106-124"
119,51208,100,18777,69985,8,"102-63-100-40-107-72-122-133-10-178-191-90-125-51-120-71-147-134-6-188-169-132-13-161-70-3-15-145-195-168-43-139-11-182-138-33-160-29-0-109-35-111-144-56-104-8-87-21-82-77-81-153-163-176-106-124-62-18-55-86-185-179-166-194-113-103-89-127-165-187-146-97-141-91-61-36-175-78-142-45-5-177-25-158-116-121-112-19-54-73-31-193-117-198-156-1-16-27-38-135"
120,50832,100,18240,69072,4,"143-35-109-29-0-111-41-81-153-186-163-103-89-127-114-137-165-187-146-97-77-141-91-79-61-36-175-78-142-45-5-177-21-87-82-8-104-56-144-160-33-138-182-11-139-43-168-195-134-6-188-169-132-13-145-15-70-3-189-155-184-170-152-4-149-28-59-20-60-94-66-47-148-9-199-140-183-95-130-99-22-185-179-172-52-166-194-113-180-176-86-128-83-34-55-18-62-124-106-159"
121,49342,100,20588,69930,5,"192-147-178-10-133-122-72-107-40-100-63-135-38-27-16-1-156-198-117-193-31-73-54-151-131-90-191-51-121-118-74-134-43-139-11-182-138-33-160-144-104-8-82-21-177-5-45-142-78-175-36-61-91-141-77-97-187-165-127-89-103-113-194-166-179-185-99-130-95-86-183-140-152-170-34-55-18-62-124-106-176-163-153-81-111-29-0-35-109-168-195-145-15-3-70-13-132-169-188-6"
122,49793,100,19619,69412,6,"31-54-193-117-198-156-1-16-27-38-63-135-122-133-10-178-147-71-51-191-90-125-131-121-112-158-25-182-138-11-168-195-145-15-3-70-161-13-132-169-188-6-134-139-49-33-160-29-0-109-35-111-144-56-104-8-82-21-87-77-81-153-163-176-106-124-62-18-140-183-95-86-185-179-166-194-113-103-89-127-165-187-146-97-141-91-61-36-177-5-45-142-78-175-162-80-190-136-73-164"
123,48673,100,21650,70323,9,"166-194-176-113-26-103-114-137-127-89-163-187-153-106-124-143-159-81-77-141-91-61-36-78-175-142-45-5-177-21-82-8-104-138-182-139-168-195-145-15-3-70-13-132-169-188-6-147-178-10-133-122-135-63-38-1-117-31-54-90-51-121-118-74-134-11-33-160-35-0-29-109-34-55-18-62-170-152-140-183-95-130-99-9-199-4-149-28-59-20-60-148-47-94-66-57-172-179-185-86"
124,47958,100,20363,68321,5,"176-180-113-26-103-114-137-127-89-163-187-153-81-77-141-91-61-36-175-78-142-45-5-177-21-82-111-8-104-138-182-139-168-195-145-15-3-70-13-132-169-188-6-147-178-10-133-122-63-135-38-1-131-90-51-121-118-74-134-11-33-160-29-0-109-35-143-106-124-128-62-18-55-34-170-152-140-183-95-130-99-9-199-4-149-28-59-20-60-148-47-94-66-57-172-179-185-86-166-194"
125,51044,100,18371,69415,8,"176-106-159-143-35-109-29-0-111-41-81-153-186-163-103-89-127-114-137-165-187-146-97-77-141-91-61-36-175-78-142-45-5-177-21-87-82-8-104-56-144-160-33-138-182-11-139-195-168-43-134-6-188-169-132-13-145-15-70-3-189-155-184-170-152-4-149-28-59-20-60-94-66-47-148-9-199-140-183-174-34-55-18-62-124-128-86-95-130-99-22-185-179-172-52-166-194-113-180-88"
126,49012,100,20440,69452,7,"191-51-147-6-188-169-132-13-70-3-15-145-195-168-29-109-35-0-111-41-81-153-163-180-176-106-124-128-62-18-55-34-170-152-140-183-95-86-130-99-22-185-179-172-166-194-113-114-137-103-89-127-165-187-146-97-77-141-91-61-36-175-78-142-45-5-177-21-87-82-8-104-144-160-33-11-139-138-182-25-158-121-73-54-31-193-117-198-1-38-135-102-63-100-40-107-10-133-122-90"
127,49140,100,20818,69958,7,"41-111-35-109-0-29-160-33-11-134-74-118-90-51-121-112-73-54-31-193-117-198-156-1-16-27-38-135-63-40-107-100-122-133-10-178-147-6-188-169-132-13-70-3-15-145-195-168-139-182-138-104-8-82-21-177-5-45-142-78-175-36-61-91-141-77-97-146-187-165-127-89-103-137-114-113-194-166-172-179-185-22-99-130-95-86-183-140-152-170-34-55-18-62-124-106-176-163-153-81"
128,49358,100,20512,69870,6,"90-191-51-71-147-6-188-169-132-13-70-3-15-145-195-168-29-109-35-0-111-41-81-153-163-180-176-106-124-128-62-18-55-34-170-152-140-183-86-95-130-99-22-185-179-172-166-194-113-114-137-103-89-127-165-187-146-97-77-141-91-61-36-175-78-142-45-5-177-21-87-82-8-104-144-160-33-11-139-138-182-25-158-121-73-54-31-193-117-1-38-135-102-63-100-40-107-10-133-122"
129,50498,100,20039,70537,5,"19-112-121-51-120-191-90-125-131-151-54-73-31-193-117-198-156-1-16-27-38-135-63-100-40-107-72-122-133-10-178-147-134-6-188-169-132-13-161-70-3-15-145-195-168-29-109-35-0-160-33-49-11-139-182-138-104-8-144-111-82-21-77-81-153-163-176-106-124-62-18-55-183-140-95-130-185-86-166-194-113-103-89-127-165-187-146-97-141-91-61-36-78-175-142-45-5-177-25-158"
130,51206,100,19244,70450,7,"63-100-40-107-72-122-133-10-178-191-90-125-51-120-71-147-134-6-188-169-132-13-161-70-3-15-145-195-168-43-139-11-182-138-33-160-29-0-109-35-111-144-56-104-8-82-21-87-77-81-153-163-176-106-124-62-18-55-86-185-179-166-194-113-103-89-127-165-187-146-97-141-91-61-36-175-78-142-45-5-177-25-158-112-121-131-151-54-73-31-193-117-198-156-1-16-27-38-135-102"
131,48311,100,19223,67534,4,"16-27-38-63-135-122-131-121-125-90-191-120-51-98-118-74-134-147-6-188-169-132-13-161-70-3-15-145-195-168-29-109-35-0-160-33-49-11-139-182-138-104-8-144-111-82-21-77-81-153-163-176-106-124-62-18-55-34-170-152-140-183-95-130-86-185-179-166-194-113-103-89-127-165-187-146-97-141-91-61-36-177-5-45-142-78-175-162-80-190-136-73-164-31-54-193-117-198-156-1"
132,49537,100,21613,71150,6,"130-99-9-199-28-20-60-148-47-94-66-57-172-179-185-86-166-194-113-176-128-62-124-106-143-159-153-81-77-141-91-61-36-175-78-142-45-5-177-21-82-8-111-144-104-138-182-139-11-33-160-35-0-29-109-69-189-195-168-43-134-74-118-121-51-90-131-54-31-193-117-198-1-38-135-63-122-133-10-178-147-6-188-169-132-13-145-15-70-3-155-184-34-18-55-170-152-140-183-95"
133,49799,100,20583,70382,7,"71-147-6-188-169-132-13-70-3-15-145-195-168-29-109-0-35-111-41-81-153-163-180-176-106-124-128-62-18-55-34-170-152-140-183-95-86-130-99-22-185-179-172-166-194-113-114-137-103-89-127-165-187-146-97-77-141-91-61-36-78-175-142-45-5-177-21-87-82-8-104-144-160-33-11-139-138-182-25-74-118-98-51-121-54-31-117-1-38-135-102-63-100-40-107-10-133-122-90-191"
134,51173,100,19309,70482,4,"9-183-140-152-170-184-155-189-3-70-15-145-13-132-169-188-6-134-195-168-43-139-11-182-138-104-56-8-25-177-5-45-142-78-175-36-61-79-91-21-87-82-111-144-33-160-29-0-109-35-143-159-106-124-128-62-18-34-55-95-86-176-180-129-153-81-77-141-97-146-187-165-163-89-127-137-114-103-26-113-194-166-185-130-99-22-179-172-57-66-94-47-148-60-20-59-28-149-4-199"
135,49607,100,21352,70959,6,"94-66-57-172-179-185-22-99-130-95-86-166-194-113-176-128-62-124-106-143-159-153-81-77-141-91-61-36-175-78-142-45-5-177-21-82-8-111-144-104-138-182-139-11-33-160-35-0-29-109-69-189-168-195-43-134-74-118-121-51-90-131-54-31-117-1-38-135-63-122-133-10-178-147-6-188-169-132-13-145-15-70-3-155-184-34-18-55-170-152-183-140-4-149-28-59-20-60-148-47"
136,49486,100,21760,71246,5,"22-99-130-95-185-86-166-194-113-176-128-62-124-106-103-163-153-81-77-141-91-61-36-175-78-142-45-5-177-21-82-8-111-144-104-138-182-139-11-33-160-35-0-29-109-69-189-168-195-43-134-74-118-121-51-90-131-54-31-117-1-38-135-63-122-133-10-178-147-6-188-169-132-13-145-15-70-3-155-184-34-18-55-170-152-183-140-4-149-28-59-20-60-148-47-94-66-57-172-179"
137,49008,100,20986,69994,8,"144-104-138-182-139-168-195-145-15-3-70-13-132-169-188-6-147-178-10-133-122-100-107-40-63-135-38-27-16-1-156-198-117-193-31-54-73-112-121-51-90-118-74-134-11-33-160-29-109-0-35-111-81-153-163-176-106-124-62-18-55-34-170-152-140-183-86-95-130-99-22-185-179-172-166-194-113-114-137-103-89-127-165-187-146-97-77-141-91-61-36-175-78-142-45-5-177-21-82-8"
138,49302,100,20548,69850,5,"147-178-10-133-122-72-107-40-100-63-135-38-27-16-1-156-198-117-193-31-73-54-151-131-90-191-51-121-118-74-134-43-139-11-182-138-33-160-144-104-8-82-21-177-5-45-142-78-175-36-61-91-141-77-97-187-165-127-89-103-113-194-166-179-185-99-130-95-86-183-140-152-170-34-55-18-62-124-106-176-163-153-81-111-109-0-35-29-168-195-145-15-3-70-13-132-169-188-6-192"
139,49009,100,20761,69770,6,"87-82-8-104-138-182-139-168-195-145-15-3-70-13-132-169-188-6-147-178-10-133-122-100-107-40-63-135-38-27-16-1-156-198-117-193-31-54-73-112-121-51-90-118-74-134-11-33-160-29-0-109-35-111-81-153-163-176-106-124-62-18-55-34-170-152-140-183-86-95-130-99-22-185-179-172-166-194-113-114-137-103-89-127-165-187-146-97-77-141-91-61-36-175-78-142-45-5-177-21"
140,51506,100,18629,70135,5,"169-132-13-195-168-43-134-139-11-182-138-33-160-144-56-104-8-82-87-21-177-5-45-142-78-175-36-61-91-141-77-97-146-187-165-127-89-103-137-114-113-194-166-52-172-179-185-22-99-130-86-95-183-140-199-9-148-47-66-94-60-20-59-28-149-4-152-170-34-55-18-62-128-124-143-159-106-88-176-180-163-186-153-81-41-111-29-0-35-109-69-189-155-145-15-3-70-161-188-6"
141,50956,100,18364,69320,6,"128-62-18-55-34-83-86-176-180-113-194-166-52-172-179-185-22-99-130-95-183-140-199-9-148-47-66-94-60-20-59-28-149-4-152-170-184-155-189-3-70-15-145-13-132-169-188-6-134-195-168-43-139-11-182-138-33-160-144-56-104-8-82-87-21-177-5-45-142-78-175-36-61-79-91-141-77-97-146-187-165-137-114-127-89-103-163-186-153-81-41-111-109-29-0-35-143-159-106-124"
142,49725,100,19281,69006,6,"54-31-193-117-198-156-1-16-27-38-63-135-122-133-10-178-147-71-51-191-90-125-131-121-112-158-25-182-138-139-168-195-145-15-3-70-161-13-132-169-188-6-134-11-49-33-160-29-0-109-35-111-144-56-104-8-82-21-87-77-81-153-163-176-106-124-62-18-140-183-95-130-185-86-166-194-113-103-89-127-165-187-146-97-141-91-61-36-177-5-45-142-78-175-162-80-190-136-73-164"
143,50832,100,18240,69072,5,"62-124-106-159-143-35-109-29-0-111-41-81-153-186-163-103-89-127-114-137-165-187-146-97-77-141-91-79-61-36-175-78-142-45-5-177-21-87-82-8-104-56-144-160-33-138-182-11-139-43-168-195-134-6-188-169-132-13-145-15-70-3-189-155-184-170-152-4-149-28-59-20-60-94-66-47-148-9-199-140-183-95-130-99-22-185-179-172-52-166-194-113-180-176-86-128-83-34-55-18"
144,51814,100,19345,71159,6,"159-35-0-111-41-81-153-187-146-97-77-141-91-61-36-175-78-142-45-5-177-21-87-82-8-104-56-144-160-33-138-182-11-139-134-43-168-195-13-132-169-6-188-161-70-3-15-145-155-189-69-29-109-143-34-55-18-62-170-152-140-183-95-130-22-99-9-199-4-149-28-59-20-60-148-47-94-66-57-172-179-185-86-166-194-113-26-103-114-137-127-165-89-163-180-176-88-128-124-106"
145,49093,100,21166,70259,6,"91-61-36-78-175-142-45-5-177-21-82-8-104-138-182-139-168-195-145-15-3-70-13-132-169-188-6-147-178-10-133-122-72-107-40-100-63-135-38-27-16-1-156-198-117-193-31-54-73-131-90-51-121-118-74-134-11-33-160-29-0-109-35-111-81-153-163-176-106-124-62-18-55-34-170-152-140-183-86-95-130-99-22-185-179-172-166-194-113-114-137-103-89-127-165-187-146-97-77-141"
146,49723,100,19732,69455,6,"117-198-156-1-151-19-112-121-131-135-102-63-100-40-107-72-10-133-122-90-191-51-98-118-74-134-147-6-188-169-132-13-161-70-3-15-145-195-168-29-109-35-0-160-33-49-11-139-182-138-104-8-144-111-82-21-77-81-153-163-176-106-124-62-18-140-183-95-86-185-179-166-194-113-103-89-127-165-187-146-97-141-91-61-36-177-5-45-142-78-175-162-80-190-136-73-164-193-31-54"
147,48979,100,20501,69480,7,"43-134-74-118-121-51-191-90-131-73-54-31-193-117-198-156-1-16-27-38-135-63-100-40-107-72-122-133-10-178-147-6-188-169-132-13-70-3-15-145-195-168-29-109-0-35-111-81-153-163-176-106-124-62-18-55-34-170-152-140-183-86-95-130-99-22-185-179-166-194-113-103-89-127-165-187-146-97-77-141-91-61-36-175-78-142-45-5-177-21-82-8-104-144-160-33-138-182-11-139"
148,51555,100,18678,70233,5,"132-13-195-168-43-134-139-11-182-138-33-160-144-56-104-8-82-87-21-177-5-45-142-78-175-36-61-91-141-77-97-146-187-165-127-89-103-137-114-113-194-166-52-172-179-185-22-99-130-95-86-183-140-199-9-148-47-66-94-60-20-59-28-149-4-152-170-34-55-18-62-128-124-143-159-106-88-176-180-163-186-153-81-41-111-29-0-35-109-69-189-155-145-15-3-70-161-188-6-169"
149,50832,100,18240,69072,6,"124-106-159-143-35-109-29-0-111-41-81-153-186-163-103-89-127-114-137-165-187-146-97-77-141-91-79-61-36-175-78-142-45-5-177-21-87-82-8-104-56-144-160-33-138-182-11-139-43-168-195-134-6-188-169-132-13-145-15-70-3-189-155-184-170-152-4-149-28-59-20-60-94-66-47-148-9-199-140-183-95-130-99-22-185-179-172-52-166-194-113-180-176-86-128-83-34-55-18-62"
150,49520,100,21794,71314,8,"94-66-57-172-179-185-22-99-130-95-86-166-194-113-176-128-62-124-106-103-163-153-81-77-141-91-61-36-175-78-142-45-5-177-21-82-8-111-144-104-138-182-139-11-33-160-35-0-109-29-69-189-168-195-43-134-74-118-121-51-90-131-54-31-117-1-38-135-63-122-133-10-178-147-6-188-169-132-13-145-15-70-3-155-184-34-18-55-170-152-183-140-4-149-28-59-20-60-148-47"
151,50002,100,19259,69261,6,"27-16-1-156-198-117-193-31-73-54-151-19-112-121-158-25-177-5-45-142-78-175-36-61-91-141-97-146-187-165-127-89-103-113-194-166-179-185-130-95-86-183-140-152-55-18-62-124-106-176-163-153-81-77-82-21-87-8-104-56-144-111-35-109-0-29-160-33-138-182-11-139-43-168-195-145-15-3-70-161-13-132-169-188-6-134-147-71-120-51-125-90-191-178-10-133-122-135-63-38"
152,47859,100,20868,68727,5,"89-163-187-153-81-77-141-91-61-36-175-78-142-45-5-177-21-82-111-8-104-138-182-139-168-195-145-15-3-70-13-132-169-188-6-147-178-10-133-122-63-135-38-1-117-131-90-51-121-118-74-134-11-33-160-29-0-109-35-143-106-124-128-62-18-55-34-170-152-140-183-95-130-99-9-199-4-149-28-59-20-60-148-47-94-66-57-172-179-185-86-166-194-176-113-26-103-114-137-127"
153,52002,100,19584,71586,8,"25-182-138-11-168-195-145-15-3-70-161-13-132-169-188-6-192-147-178-10-133-122-72-107-40-100-63-135-38-27-16-1-156-198-117-193-31-73-54-151-19-112-131-125-90-191-120-51-121-118-74-134-139-49-33-160-29-0-109-35-111-144-56-104-8-82-87-21-77-81-153-163-176-106-124-62-18-95-185-86-166-194-113-103-89-127-165-187-146-97-141-91-61-36-175-78-142-45-5-177"
154,49951,100,19729,69680,7,"151-19-112-121-51-120-191-90-125-131-135-102-63-100-40-107-72-122-133-10-178-147-134-6-188-169-132-13-161-70-3-15-145-195-168-29-109-35-0-160-33-49-11-139-182-138-104-8-144-111-82-21-77-81-153-163-176-106-124-62-18-140-183-95-86-185-179-166-194-113-103-89-127-165-187-146-97-141-91-61-36-177-5-45-142-78-175-162-80-190-136-73-164-31-54-193-117-198-156-1"
155,47932,100,20486,68418,6,"81-153-187-163-89-127-137-114-103-26-113-176-194-166-86-185-179-172-57-66-94-47-148-60-20-59-28-149-4-199-9-99-130-95-183-140-152-170-34-55-18-62-128-124-106-143-35-109-0-29-160-33-11-134-74-118-121-51-90-131-1-38-135-63-122-133-10-178-147-6-188-169-132-13-70-3-15-145-195-168-139-182-138-104-144-111-8-82-21-177-5-45-142-78-175-36-61-91-141-77"
156,48772,100,20606,69378,6,"10-178-147-6-188-169-132-13-70-3-15-145-195-168-29-109-0-35-111-81-153-163-176-106-124-62-18-55-34-170-152-140-183-86-95-130-99-22-185-179-172-166-194-113-114-103-89-127-165-187-146-97-77-141-91-61-36-175-78-142-45-5-177-21-82-8-104-144-160-33-11-139-138-182-25-158-121-51-191-90-131-73-54-31-193-117-198-156-1-16-27-38-135-63-100-40-107-72-122-133"
157,50893,100,18294,69187,6,"152-53-4-149-28-59-20-60-94-66-47-148-9-199-140-183-95-130-99-22-185-179-172-52-166-194-113-180-176-86-128-83-55-34-18-62-124-106-159-143-35-0-29-109-111-41-81-153-186-163-103-89-127-114-137-165-187-146-97-77-141-91-61-36-175-78-142-45-5-177-21-87-82-8-104-56-144-160-33-138-182-11-139-43-168-195-134-6-188-169-132-13-145-15-70-3-189-155-184-170"
158,51206,100,19244,70450,7,"102-63-100-40-107-72-122-133-10-178-191-90-125-51-120-71-147-134-6-188-169-132-13-161-70-3-15-145-195-168-43-139-11-182-138-33-160-29-0-109-35-111-144-56-104-8-82-21-87-77-81-153-163-176-106-124-62-18-55-86-185-179-166-194-113-103-89-127-165-187-146-97-141-91-61-36-175-78-142-45-5-177-25-158-112-121-131-151-54-73-31-193-117-198-156-1-16-27-38-135"
159,50455,100,19328,69783,8,"112-121-116-158-25-177-5-45-142-175-78-36-61-91-141-97-146-187-165-127-89-103-113-194-166-179-185-86-95-183-140-18-62-124-106-176-163-153-81-77-82-87-21-8-104-56-144-111-35-109-0-29-160-33-138-182-11-139-43-168-195-145-15-3-70-161-13-132-169-188-6-134-147-71-120-51-191-90-122-133-10-72-107-40-100-63-102-135-38-27-16-1-156-198-117-193-31-73-54-19"
160,48498,100,19410,67908,4,"1-16-27-38-63-135-122-131-121-125-90-191-120-51-98-118-74-134-147-6-188-169-132-13-161-70-3-15-145-195-168-29-109-35-0-160-33-49-11-139-182-138-104-8-144-111-82-21-77-81-153-163-176-106-124-62-18-55-34-170-152-140-183-86-95-130-185-179-166-194-113-103-89-127-165-187-146-97-141-91-61-36-177-5-45-142-78-175-162-80-190-136-73-164-31-54-193-117-198-156"
161,50560,100,19571,70131,5,"112-121-116-158-25-177-5-45-142-78-175-36-61-91-141-97-146-187-165-127-89-103-113-194-166-179-185-86-95-183-140-18-62-124-106-176-163-153-81-77-87-21-82-8-104-56-144-111-35-109-0-29-160-33-138-182-11-139-43-168-195-145-15-3-70-161-13-132-169-188-6-134-147-71-191-51-125-90-122-133-10-72-107-40-100-63-102-135-38-27-16-1-156-198-117-193-31-73-54-19"
162,48880,100,20437,69317,8,"51-125-191-90-131-54-73-31-193-117-198-156-1-16-27-38-135-63-100-40-107-72-122-133-10-178-147-6-188-169-132-13-70-3-15-145-195-168-29-109-35-0-111-81-153-163-176-106-124-62-18-55-34-170-152-140-183-86-95-130-99-22-185-179-172-166-194-113-103-89-127-165-187-146-97-77-141-91-61-36-175-78-142-45-5-177-21-82-8-104-144-160-33-11-139-138-182-25-158-121"
163,49086,100,21019,70105,4,"162-80-190-193-117-54-31-73-136-45-5-177-21-82-8-104-138-182-139-168-195-145-15-3-70-13-132-169-188-6-147-178-10-133-122-72-107-40-100-63-102-135-131-90-191-51-121-118-74-134-11-33-160-29-0-109-35-111-81-153-163-180-176-106-124-62-18-55-34-170-152-140-183-86-95-130-99-22-185-179-172-166-194-113-114-137-103-89-127-165-187-146-97-77-141-91-61-36-78-175"
164,49075,100,21148,70223,7,"91-61-36-78-175-142-45-5-177-21-82-8-104-138-182-139-168-195-145-15-3-70-13-132-169-188-6-147-178-10-133-122-72-107-40-100-63-135-38-27-16-1-156-198-117-193-31-73-54-131-90-51-121-118-74-134-11-33-160-29-0-109-35-111-81-153-163-176-106-124-62-18-55-34-170-152-140-183-86-95-130-99-22-185-179-172-166-194-113-114-137-103-89-127-165-187-146-97-77-141"
165,51555,100,18678,70233,4,"3-70-161-188-6-169-132-13-195-168-43-134-139-11-182-138-33-160-144-56-104-8-82-87-21-177-5-45-142-78-175-36-61-91-141-77-97-146-187-165-127-89-103-137-114-113-194-166-52-172-179-185-22-99-130-95-86-183-140-199-9-148-47-66-94-60-20-59-28-149-4-152-170-34-55-18-62-128-124-143-159-106-88-176-180-163-186-153-81-41-111-29-0-35-109-69-189-155-145-15"
166,48803,100,21828,70631,5,"166-194-113-176-180-103-114-137-127-89-163-187-153-106-124-143-159-81-77-141-91-61-36-175-78-142-45-5-177-21-82-8-104-138-182-139-168-195-145-15-3-70-13-132-169-188-6-147-178-10-133-122-63-135-38-1-117-31-54-90-51-121-118-74-134-11-33-160-35-0-29-109-34-55-18-62-170-152-140-183-95-130-99-9-199-4-149-28-59-20-60-148-47-94-66-57-172-179-185-86"
167,48916,100,21547,70463,6,"95-130-99-9-199-4-149-28-59-20-60-148-47-94-66-57-172-179-185-86-166-194-113-176-128-62-124-106-103-163-153-81-77-141-91-61-36-175-78-142-45-5-177-21-82-8-111-144-104-138-182-139-168-195-145-15-3-70-13-132-169-188-6-147-178-10-133-122-63-135-38-1-156-198-117-193-31-73-54-131-90-51-121-118-74-134-11-33-160-35-0-29-109-34-55-18-170-152-140-183"
168,49477,100,21027,70504,6,"121-73-54-31-193-117-1-38-135-102-63-100-40-107-10-133-122-90-191-51-98-118-74-134-147-6-188-169-132-13-70-3-15-145-195-168-29-109-35-0-111-81-153-163-176-106-124-62-18-55-34-170-152-140-183-86-95-130-99-22-185-179-172-166-194-113-114-137-103-89-127-165-187-146-97-77-141-91-61-36-175-78-142-45-5-177-21-82-8-104-144-160-33-11-139-138-182-25-158-112"
169,51555,100,18678,70233,5,"3-70-161-188-6-169-132-13-195-168-43-134-139-11-182-138-33-160-144-56-104-8-82-87-21-177-5-45-142-78-175-36-61-91-141-77-97-146-187-165-127-89-103-137-114-113-194-166-52-172-179-185-22-99-130-95-86-183-140-199-9-148-47-66-94-60-20-59-28-149-4-152-170-34-55-18-62-128-124-143-159-106-88-176-180-163-186-153-81-41-111-29-0-35-109-69-189-155-145-15"
170,50980,100,18399,69379,6,"181-95-130-22-99-9-199-4-149-28-59-20-60-148-47-94-66-57-172-179-185-86-166-194-113-180-176-88-128-62-124-106-143-35-109-29-0-111-41-81-153-163-103-89-127-114-137-165-187-146-97-77-141-91-61-36-175-78-142-45-5-177-21-87-82-8-104-56-144-160-33-138-182-11-139-195-168-43-134-6-188-169-132-13-145-15-70-3-189-155-184-170-152-140-183-174-34-55-18-83"
171,49793,100,19619,69412,7,"136-73-164-31-54-193-117-198-156-1-16-27-38-63-135-122-133-10-178-147-71-51-191-90-125-131-121-112-158-25-182-138-11-168-195-145-15-3-70-161-13-132-169-188-6-134-139-49-33-160-29-0-109-35-111-144-56-104-8-82-21-87-77-81-153-163-176-106-124-62-18-140-183-95-86-185-179-166-194-113-103-89-127-165-187-146-97-141-91-61-36-177-5-45-142-78-175-162-80-190"
172,51555,100,18678,70233,6,"70-161-188-6-169-132-13-195-168-43-134-139-11-182-138-33-160-144-56-104-8-82-87-21-177-5-45-142-78-175-36-61-91-141-77-97-146-187-165-127-89-103-137-114-113-194-166-52-172-179-185-22-99-130-95-86-183-140-199-9-148-47-66-94-60-20-59-28-149-4-152-170-34-55-18-62-128-124-143-159-106-88-176-180-163-186-153-81-41-111-29-0-35-109-69-189-155-145-15-3"
173,49095,100,21154,70249,4,"87-82-8-104-138-182-139-168-195-145-15-3-70-13-132-169-188-6-147-178-10-133-122-100-107-40-63-135-38-27-16-1-156-198-117-193-31-54-73-131-90-51-121-118-74-134-11-33-160-29-0-109-35-111-81-153-163-176-106-124-62-18-55-34-170-152-140-183-86-95-130-99-22-185-179-172-166-194-113-114-137-103-89-127-165-187-146-97-77-141-91-61-36-175-78-142-45-5-177-21"
174,50893,100,18294,69187,5,"152-53-4-149-28-59-20-60-94-66-47-148-9-199-140-183-95-130-99-22-185-179-172-52-166-194-113-180-176-86-128-83-55-34-18-62-124-106-159-143-35-0-29-109-111-41-81-153-186-163-103-89-127-114-137-165-187-146-97-77-141-91-61-36-175-78-142-45-5-177-21-87-82-8-104-56-144-160-33-138-182-11-139-43-168-195-134-6-188-169-132-13-145-15-70-3-189-155-184-170"
175,49871,100,20655,70526,6,"71-147-6-188-169-132-13-70-3-15-145-195-168-29-109-35-0-111-41-81-153-163-180-176-106-124-128-62-18-55-34-170-152-140-183-86-95-130-99-22-185-179-172-166-194-113-114-137-103-89-127-165-187-146-97-77-141-91-61-36-175-78-142-45-5-177-21-87-82-8-104-144-160-33-11-139-138-182-25-74-118-98-51-121-54-31-117-1-38-135-102-63-100-40-107-10-133-122-90-191"
176,51502,100,18739,70241,8,"168-139-11-182-138-33-160-144-56-104-8-82-87-21-177-5-45-142-78-175-36-61-91-141-77-97-146-187-165-127-89-103-137-114-113-194-166-52-172-179-185-22-99-130-95-86-183-140-199-9-148-47-66-94-60-20-59-28-149-4-152-170-34-55-18-62-128-124-143-159-106-88-176-180-163-186-153-81-41-111-29-0-35-109-69-189-184-155-3-70-15-145-13-132-169-188-6-134-43-195"
177,47958,100,20363,68321,5,"194-176-180-113-26-103-114-137-127-89-163-187-153-81-77-141-91-61-36-175-78-142-45-5-177-21-82-111-8-104-138-182-139-168-195-145-15-3-70-13-132-169-188-6-147-178-10-133-122-63-135-38-1-131-90-51-121-118-74-134-11-33-160-29-0-109-35-143-106-124-128-62-18-55-34-170-152-140-183-95-130-99-9-199-4-149-28-59-20-60-148-47-94-66-57-172-179-185-86-166"
178,51502,100,18739,70241,6,"43-195-168-139-11-182-138-33-160-144-56-104-8-82-87-21-177-5-45-142-78-175-36-61-91-141-77-97-146-187-165-127-89-103-137-114-113-194-166-52-172-179-185-22-99-130-95-86-183-140-199-9-148-47-66-94-60-20-59-28-149-4-152-170-34-55-18-62-128-124-143-159-106-88-176-180-163-186-153-81-41-111-29-0-35-109-69-189-184-155-3-70-15-145-13-132-169-188-6-134"
179,47958,100,20363,68321,7,"176-180-113-26-103-114-137-127-89-163-187-153-81-77-141-91-61-36-175-78-142-45-5-177-21-82-111-8-104-138-182-139-168-195-145-15-3-70-13-132-169-188-6-147-178-10-133-122-63-135-38-1-131-90-51-121-118-74-134-11-33-160-29-0-109-35-143-106-124-128-62-18-55-34-170-152-140-183-95-130-99-9-199-4-149-28-59-20-60-148-47-94-66-57-172-179-185-86-166-194"
180,51708,100,19149,70857,4,"60-20-59-28-149-4-199-140-183-174-152-170-34-55-18-62-109-29-69-189-155-145-15-3-70-161-188-6-169-132-13-195-168-43-134-139-11-182-138-33-160-144-56-104-8-157-25-177-5-45-142-78-175-36-61-79-91-21-87-82-111-0-35-143-159-124-106-119-81-77-141-97-153-187-165-163-89-127-137-114-103-26-180-176-113-194-166-86-95-130-99-22-185-179-172-57-66-94-47-148"
181,49635,100,21380,71015,5,"22-99-95-130-185-86-166-194-113-176-128-62-124-106-143-159-153-81-77-141-91-61-36-175-78-142-45-5-177-21-82-8-111-144-104-138-182-139-11-33-160-35-0-29-109-69-189-168-195-43-134-74-118-121-51-90-131-54-31-117-1-38-135-63-122-133-10-178-147-6-188-169-132-13-145-15-70-3-155-184-34-18-55-170-152-183-140-4-149-28-59-20-60-148-47-94-66-57-172-179"
182,48805,100,19400,68205,4,"197-16-27-38-63-135-122-131-121-125-90-191-120-51-98-118-74-134-147-6-188-169-132-13-161-70-3-15-145-195-168-29-109-35-0-160-33-49-11-139-182-138-104-8-144-111-82-21-77-81-153-163-176-106-124-62-18-55-34-152-140-183-86-95-130-185-179-166-194-113-103-89-127-165-187-146-97-141-91-61-36-177-5-45-142-78-175-162-80-190-136-73-164-31-54-193-117-198-156-1"
183,48876,100,20447,69323,6,"133-107-40-63-102-135-38-27-16-1-156-198-117-193-31-73-54-19-112-121-158-25-182-138-139-11-33-160-144-104-8-82-21-177-5-45-142-78-175-36-61-91-141-77-97-146-187-165-127-89-103-137-114-113-194-166-172-179-185-22-99-130-95-86-183-140-152-170-34-55-18-62-124-106-176-163-153-81-111-29-0-35-109-168-195-145-15-3-70-13-132-169-188-6-147-71-51-191-90-122"
184,49342,100,20588,69930,5,"192-147-178-10-133-122-72-107-40-100-63-135-38-27-16-1-156-198-117-193-31-73-54-151-131-90-191-51-121-118-74-134-43-139-11-182-138-33-160-144-104-8-82-21-177-5-45-142-78-175-36-61-91-141-77-97-187-165-127-89-103-113-194-166-179-185-99-130-95-86-183-140-152-170-34-55-18-62-124-106-176-163-153-81-111-29-0-35-109-168-195-145-15-3-70-13-132-169-188-6"
185,51725,100,18762,70487,6,"167-184-155-3-70-15-145-13-132-169-188-6-134-43-168-195-139-11-182-138-33-160-144-56-104-8-82-87-21-177-5-45-142-78-175-36-61-91-141-77-97-146-187-165-127-89-103-137-114-113-194-166-172-179-185-22-99-130-95-86-183-140-199-9-148-47-66-94-60-20-59-28-149-4-152-170-34-55-18-62-128-124-143-159-106-88-176-180-163-186-153-81-41-111-29-0-35-109-69-189"
186,51739,100,19314,71053,5,"59-20-60-94-66-47-148-9-183-174-34-55-18-62-83-95-130-99-22-179-185-86-166-194-113-26-103-114-137-127-89-163-165-187-146-97-141-77-81-153-129-180-176-88-128-124-106-159-143-35-109-0-29-160-33-144-111-82-87-21-91-79-61-36-78-175-142-45-5-177-25-8-56-104-138-182-11-139-43-168-195-134-6-188-169-132-13-145-15-70-3-189-155-184-170-152-140-4-149-28"
187,49018,100,21120,70138,6,"95-130-99-9-199-4-149-28-59-20-60-148-47-94-66-57-172-179-185-86-166-194-113-176-128-62-124-106-143-159-153-81-77-141-91-61-36-175-78-142-45-5-177-21-82-8-111-144-104-138-182-139-168-195-145-15-3-70-13-132-169-188-6-147-178-10-133-122-63-135-38-1-156-198-117-193-31-54-73-131-90-51-121-118-74-134-11-33-160-35-0-29-109-34-55-18-170-152-140-183"
188,49793,100,19619,69412,7,"54-31-193-117-198-156-1-16-27-38-63-135-122-133-10-178-147-71-51-191-90-125-131-121-112-158-25-182-138-11-168-195-145-15-3-70-161-13-132-169-188-6-134-139-49-33-160-29-0-109-35-111-144-56-104-8-82-21-87-77-81-153-163-176-106-124-62-18-140-183-95-86-185-179-166-194-113-103-89-127-165-187-146-97-141-91-61-36-177-5-45-142-78-175-162-80-190-136-73-164"
189,51555,100,18678,70233,6,"6-169-132-13-195-168-43-134-139-11-182-138-33-160-144-56-104-8-82-87-21-177-5-45-142-78-175-36-61-91-141-77-97-146-187-165-127-89-103-137-114-113-194-166-52-172-179-185-22-99-130-95-86-183-140-199-9-148-47-66-94-60-20-59-28-149-4-152-170-34-55-18-62-128-124-143-159-106-88-176-180-163-186-153-81-41-111-29-0-35-109-69-189-155-145-15-3-70-161-188"
190,48058,100,20612,68670,5,"153-187-163-89-127-137-114-103-26-113-176-194-166-86-185-179-172-57-66-94-47-148-60-20-59-28-149-4-199-9-99-130-95-183-140-152-170-34-55-18-62-128-124-106-143-35-109-29-0-160-33-11-134-74-118-121-51-90-131-1-38-135-63-122-133-10-178-147-6-188-169-132-13-70-3-15-145-195-168-139-182-138-104-144-111-8-82-21-177-5-45-142-78-175-36-61-91-141-77-81"
191,52997,100,20080,73077,11,"8-111-82-58-77-81-153-163-176-124-62-18-106-86-185-179-166-194-113-103-89-127-165-187-146-97-141-91-61-36-175-78-142-45-5-177-21-87-104-138-182-139-168-195-145-15-3-70-161-13-132-169-188-6-192-147-178-10-133-122-72-107-40-100-63-135-38-27-16-1-156-198-117-193-31-73-54-151-19-112-131-125-90-191-120-51-121-118-74-134-11-49-33-160-29-0-109-35-144-56"
192,49109,100,21394,70503,4,"104-138-182-139-168-195-145-15-3-70-13-132-169-188-6-147-178-10-133-122-100-107-40-63-135-38-27-16-1-156-198-117-193-31-54-73-131-90-51-121-118-74-134-11-33-160-29-109-35-0-111-81-153-163-176-106-124-62-18-55-34-170-152-140-183-86-95-130-99-22-185-179-172-166-194-113-114-137-103-89-127-165-187-146-97-77-141-91-61-36-175-78-142-45-5-177-21-82-8-144"
193,50506,100,20047,70553,5,"19-112-121-51-120-191-90-125-131-151-54-73-31-193-117-198-156-1-16-27-38-135-63-100-40-107-72-122-133-10-178-147-134-6-188-169-132-13-161-70-3-15-145-195-168-29-109-35-0-160-33-49-11-139-182-138-104-8-144-111-82-21-77-81-153-163-176-106-124-62-18-55-183-140-95-130-185-86-166-194-113-103-89-127-165-187-146-97-141-91-61-36-175-78-142-45-5-177-25-158"
194,50112,100,18843,68955,5,"190-80-162-175-78-142-45-5-177-36-61-91-141-97-146-187-165-127-89-103-113-194-166-179-185-86-55-18-62-124-106-176-163-153-81-77-87-21-82-8-104-56-144-111-35-109-0-29-160-33-138-182-11-139-43-168-195-145-15-3-70-161-13-132-169-188-6-147-134-74-118-98-51-191-90-122-133-10-72-107-40-100-63-102-135-131-121-112-19-151-1-156-198-117-54-31-193-164-73-136"
195,49648,100,19204,68852,8,"54-193-117-198-156-1-16-27-38-63-135-122-133-10-178-147-71-51-191-90-125-131-121-112-158-25-182-138-11-168-195-145-15-3-70-161-13-132-169-188-6-134-139-49-33-160-29-0-109-35-111-144-56-104-8-21-87-82-77-81-153-163-176-106-124-62-18-140-183-95-130-185-86-166-194-113-103-89-127-165-187-146-97-141-91-61-36-177-5-45-142-78-175-162-80-190-136-73-164-31"
196,51555,100,18678,70233,6,"15-3-70-161-188-6-169-132-13-195-168-43-134-139-11-182-138-33-160-144-56-104-8-82-87-21-177-5-45-142-78-175-36-61-91-141-77-97-146-187-165-127-89-103-137-114-113-194-166-52-172-179-185-22-99-130-95-86-183-140-199-9-148-47-66-94-60-20-59-28-149-4-152-170-34-55-18-62-128-124-143-159-106-88-176-180-163-186-153-81-41-111-29-0-35-109-69-189-155-145"
197,50932,100,18340,69272,6,"128-62-18-34-55-83-86-176-180-113-194-166-52-172-179-185-22-99-130-95-183-140-199-9-148-47-66-94-60-20-59-28-149-4-152-170-184-155-189-3-70-15-145-13-132-169-188-6-134-195-168-43-139-11-182-138-33-160-144-56-104-8-82-87-21-177-5-45-142-78-175-36-61-79-91-141-77-97-146-187-165-137-114-127-89-103-163-186-153-81-41-111-109-29-0-35-143-159-106-124"
198,51549,100,18786,70335,6,"13-132-169-188-6-134-195-168-43-139-11-182-138-33-160-144-56-104-8-82-87-21-177-5-45-142-78-175-36-61-91-141-77-97-146-187-165-127-89-103-137-114-113-194-166-52-172-179-185-22-99-86-95-130-183-140-199-9-148-47-66-94-60-20-59-28-149-4-152-170-34-55-18-62-128-124-143-159-106-88-176-180-163-186-153-81-41-111-29-0-35-109-69-189-184-155-3-70-15-145"
199,47460,100,20993,68453,6,"114-113-176-194-166-86-185-179-172-57-66-94-47-148-60-20-59-28-149-4-199-9-99-130-95-183-140-152-170-34-55-18-62-128-124-106-143-35-109-0-29-160-33-11-134-74-118-121-51-90-54-31-117-1-38-135-63-122-133-10-178-147-6-188-169-132-13-70-3-15-145-195-168-139-182-138-104-8-111-82-21-177-5-45-142-78-175-36-61-91-141-77-81-153-187-163-103-89-127-137"
200,52019,100,19601,71620,7,"177-25-182-138-11-168-195-145-15-3-70-161-13-132-169-188-6-192-147-178-10-133-122-72-107-40-100-63-135-38-27-16-1-156-198-117-193-31-73-54-151-19-112-131-125-90-191-120-51-121-118-74-134-139-49-33-160-29-0-109-35-111-144-56-104-8-82-21-87-77-81-153-163-176-106-124-62-18-95-185-86-166-194-113-103-89-127-165-187-146-97-141-91-61-36-175-78-142-45-5"
