SolutionID,TotalCost,NumNodes,TotalDistance,ObjectiveFunction,TotalRunningTime,Cycle
1,60624,100,31786,92410,265,"35-0-12-111-81-153-163-113-176-128-124-106-143-49-11-71-178-10-133-122-135-63-38-1-117-54-31-5-36-61-141-77-62-18-55-34-109-29-39-160-33-144-56-177-78-175-21-87-82-8-104-138-182-25-121-51-98-134-6-188-70-3-15-13-132-169-168-195-145-28-101-149-4-155-147-191-90-125-118-74-139-43-189-152-95-185-179-99-183-140-20-148-47-94-127-89-103-194-166-86"
2,58542,100,30018,88560,280,"5-177-36-61-141-21-8-160-49-168-188-169-132-189-18-62-128-176-180-113-103-114-194-166-86-185-95-124-106-143-35-0-159-163-89-127-165-187-153-81-138-182-74-118-121-112-19-173-142-78-175-80-190-136-25-139-11-33-144-111-77-97-82-104-51-191-90-135-63-122-133-147-6-70-155-152-140-183-174-55-34-109-29-145-15-3-13-195-43-134-131-54-31-117-198-1-156-193-73-45"
3,62464,100,36251,98715,245,"3-15-145-109-0-144-80-190-27-38-131-121-163-103-113-176-86-128-29-191-90-51-118-104-8-111-143-106-124-62-18-55-155-70-147-122-63-135-1-198-117-193-54-31-164-45-142-36-77-81-153-89-127-187-141-91-61-21-82-170-152-20-60-148-47-94-179-185-99-130-95-183-140-34-35-160-33-11-169-188-6-177-5-78-175-162-136-73-173-25-182-138-139-168-195-43-85-134-132-13"
4,60245,100,34774,95019,301,"6-147-134-160-111-81-153-143-106-124-170-152-183-86-176-113-103-89-127-165-187-146-97-77-141-61-36-5-45-117-42-156-1-198-138-33-0-29-51-90-122-135-63-38-27-131-121-168-195-145-13-132-169-188-43-139-11-182-25-173-54-31-193-164-73-136-190-80-175-78-177-21-128-130-95-62-18-55-34-109-35-144-8-82-163-194-166-179-185-189-15-3-155-140-94-47-148-20-28-70"
5,65286,100,39971,105257,239,"121-198-117-54-25-35-62-18-55-11-139-74-133-10-147-188-70-3-4-149-28-20-140-183-152-155-15-145-13-191-90-122-63-135-125-51-176-194-166-172-179-66-94-47-148-187-141-61-36-78-175-31-193-190-80-5-177-21-77-153-180-113-103-163-81-111-82-8-0-109-29-144-104-138-33-160-143-124-128-95-130-185-86-114-127-89-106-34-195-168-43-118-1-38-131-134-126-132-169-6"
6,63450,100,37729,101179,183,"177-21-8-144-145-15-13-195-168-11-138-139-43-126-169-132-3-70-147-191-90-190-80-1-38-40-107-155-152-140-183-166-176-153-97-141-61-91-77-81-159-143-106-124-128-86-185-55-34-111-56-104-188-6-134-51-122-63-135-131-121-182-33-160-29-0-109-35-62-18-95-130-20-148-47-94-179-113-103-36-78-175-142-45-5-187-165-127-89-163-82-25-54-117-198-156-193-31-164-73"
7,58397,100,32911,91308,245,"61-21-104-8-111-18-62-128-124-106-143-153-187-97-141-91-82-77-81-95-130-185-86-163-165-127-89-103-113-176-194-166-179-148-20-28-149-152-155-15-3-70-132-169-147-90-190-80-175-78-121-125-51-98-118-74-182-138-139-43-13-145-140-183-47-94-66-99-55-34-195-168-109-35-0-29-49-11-134-6-188-33-160-144-56-25-54-31-193-117-131-135-122-40-63-1-73-5-177-36"
8,64661,100,37958,102619,256,"143-106-159-0-160-144-104-177-5-142-175-78-36-61-34-140-183-95-194-166-172-179-185-86-124-141-91-21-82-111-41-18-55-170-184-155-3-15-33-56-8-77-97-187-89-163-153-81-12-29-11-43-168-195-13-132-70-145-139-182-74-118-134-169-188-6-191-90-122-135-63-38-1-131-121-51-133-10-147-62-128-176-113-80-190-193-117-31-54-25-138-99-94-47-148-20-28-152-109-35"
9,61484,100,36916,98400,262,"144-25-54-117-122-107-40-133-90-125-121-36-61-21-8-82-81-153-77-141-45-80-190-193-31-62-95-99-94-47-148-60-20-28-149-4-155-184-170-152-140-183-34-55-18-163-89-127-103-194-166-179-185-86-111-104-198-1-135-63-102-38-27-16-131-51-118-5-175-78-177-182-145-15-3-13-195-168-139-11-138-33-160-35-143-106-113-176-124-189-70-169-188-6-147-134-43-29-109-0"
10,60773,100,35460,96233,248,"198-156-1-27-38-63-40-122-135-54-31-193-164-73-25-104-8-82-21-5-78-175-77-81-163-89-127-187-146-153-106-124-128-62-143-111-144-33-11-139-29-95-130-185-148-60-20-28-140-183-9-47-94-66-179-86-166-194-176-113-103-74-118-177-61-91-141-36-142-45-80-190-6-188-70-155-152-34-109-0-145-13-195-168-134-51-90-191-71-147-169-3-55-18-35-160-138-182-121-117"
11,64612,100,37439,102051,251,"25-139-132-70-3-15-145-13-43-74-118-85-134-6-188-169-11-144-81-153-106-124-62-18-21-177-5-142-175-78-61-77-86-185-148-20-140-183-55-34-160-33-182-51-90-191-147-126-195-168-29-0-109-35-143-176-194-166-152-155-133-40-107-122-138-163-89-127-82-8-104-111-180-113-103-187-141-36-45-162-80-190-156-1-16-27-38-63-135-131-121-112-151-198-117-193-54-31-164-73"
12,63666,100,38149,101815,232,"73-35-143-159-106-89-127-114-194-166-148-20-109-0-29-160-104-21-177-142-78-36-61-91-103-113-176-18-55-34-145-15-70-3-155-152-140-183-130-185-95-132-169-188-147-133-63-135-122-191-90-131-1-156-80-190-193-198-117-31-45-5-25-118-51-125-121-136-162-175-141-187-163-153-81-77-82-8-56-11-139-134-182-138-33-144-111-41-124-62-128-86-179-94-47-60-28-195-168-54"
13,61334,100,36895,98229,209,"61-21-74-118-98-51-191-90-198-117-193-31-54-8-111-81-113-176-86-185-95-183-140-130-99-20-28-149-152-144-177-45-80-190-73-147-6-188-169-132-195-134-121-131-1-38-63-135-122-62-124-106-143-35-109-0-160-33-29-34-55-18-148-60-47-94-179-166-194-114-137-127-89-103-163-153-141-91-104-11-168-145-15-70-3-155-170-128-165-187-77-82-138-139-182-25-5-78-175-36"
14,65443,100,37689,103132,228,"188-6-126-195-168-134-147-90-51-118-139-11-49-160-29-0-62-128-124-106-143-35-109-69-189-145-15-70-3-155-184-152-170-55-34-182-54-164-73-25-138-33-144-111-8-82-81-153-77-91-45-136-193-31-18-47-148-183-121-112-190-80-175-78-5-104-56-87-21-79-61-36-177-131-135-1-198-117-141-187-163-89-103-113-86-95-140-149-28-20-94-66-179-185-166-194-176-13-132-169"
15,63512,100,36223,99735,198,"5-177-82-21-78-175-54-31-193-117-1-38-63-134-168-189-62-95-148-47-94-66-172-179-185-86-166-106-35-109-0-29-10-107-40-100-133-122-32-135-131-51-118-74-139-140-199-60-20-28-149-183-124-143-111-8-25-121-112-36-61-141-77-176-113-103-163-153-138-182-90-191-147-192-150-6-188-169-145-15-3-84-155-34-18-55-170-152-53-184-70-132-13-195-11-33-160-104-190-80"
16,65107,100,40314,105421,232,"142-175-78-5-177-138-11-29-0-109-189-155-3-70-15-145-13-195-168-139-25-190-80-104-111-81-153-106-183-140-99-22-185-179-166-194-176-113-103-147-10-40-107-133-35-143-124-128-62-18-55-148-20-28-152-134-51-131-121-163-89-187-141-36-73-164-31-54-118-6-188-169-132-34-95-130-86-114-127-77-91-61-21-82-8-144-160-33-182-90-122-135-63-38-1-198-117-193-136-45"
17,58393,100,33139,91532,258,"135-133-10-90-51-25-177-91-61-36-78-175-142-45-80-190-136-164-31-73-5-141-187-113-194-166-179-60-20-28-140-152-155-3-70-15-145-195-168-153-163-89-127-103-176-66-94-47-148-183-174-170-34-55-95-130-99-185-86-106-81-77-111-144-104-33-160-29-12-0-35-109-132-169-188-147-122-63-38-27-1-131-121-143-124-128-62-18-11-139-134-74-182-138-8-82-21-54-193-117"
18,63071,100,37718,100789,267,"145-15-70-188-90-63-40-107-10-169-132-195-168-43-134-51-191-71-3-155-152-183-130-95-86-176-113-103-163-153-141-91-61-36-31-73-177-77-81-128-99-47-94-66-179-185-18-189-13-6-147-178-133-122-135-131-121-118-11-34-55-140-20-60-148-166-194-127-89-106-124-62-143-35-109-104-54-193-117-198-25-138-49-29-0-160-33-144-111-8-82-21-78-175-80-190-45-5-182-139"
19,58862,100,33172,92034,218,"118-74-182-138-33-49-11-139-134-147-71-191-90-45-175-78-36-61-141-187-163-103-89-127-114-113-176-194-166-86-179-94-148-20-155-51-121-80-190-198-156-1-117-193-31-54-73-5-82-35-152-4-149-28-140-183-174-55-18-95-130-185-62-124-106-143-111-8-104-144-160-168-195-169-188-6-107-40-63-135-122-29-0-109-13-132-70-3-15-145-189-170-34-153-81-77-87-21-177-25"
20,64185,100,38267,102452,227,"40-63-122-135-1-131-6-188-43-11-49-33-138-182-191-90-125-177-36-61-21-8-104-160-144-111-176-166-86-185-55-15-3-155-152-4-28-149-70-169-132-13-195-168-159-143-34-170-189-109-35-153-163-89-127-103-113-179-94-47-148-20-81-77-141-5-31-54-121-51-98-118-74-25-136-190-80-175-78-45-193-117-198-145-140-183-99-130-95-128-106-124-62-18-0-29-139-134-147-107"
21,61940,100,36715,98655,230,"179-94-47-99-128-62-147-90-51-138-33-160-0-109-35-8-5-142-78-175-136-73-31-54-112-118-74-134-6-188-169-132-195-168-139-190-80-45-106-124-176-194-86-95-183-140-130-185-166-113-103-127-89-163-187-141-36-61-82-111-34-152-149-28-20-148-55-18-143-144-25-158-121-135-122-133-10-107-40-63-38-27-1-24-156-198-117-193-177-21-104-11-70-3-15-145-29-77-81-153"
22,58744,100,32003,90747,238,"104-56-124-20-148-47-185-166-113-163-11-139-43-134-118-51-90-191-182-33-160-35-62-18-55-34-109-0-29-144-8-111-77-97-81-153-143-106-176-194-86-95-183-140-28-149-152-155-3-70-15-145-168-195-13-132-169-188-6-122-135-1-197-16-38-27-42-156-198-117-193-190-80-5-177-21-82-25-73-54-31-164-136-61-91-141-36-78-175-45-121-131-63-100-40-107-133-10-147-138"
23,65625,100,38444,104069,224,"190-136-25-18-55-34-189-3-15-145-29-41-81-77-82-87-177-142-175-78-141-153-127-114-194-166-172-179-86-176-113-103-89-163-109-13-132-195-168-21-61-36-1-27-38-135-131-112-121-51-90-122-32-102-63-40-107-133-10-147-188-70-152-28-140-183-73-31-193-117-54-139-11-138-182-74-134-169-155-170-95-130-99-185-62-144-56-8-111-143-106-124-35-0-160-33-104-5-45-80"
24,60681,100,33799,94480,228,"141-91-79-61-36-5-136-156-1-135-63-122-133-10-90-131-198-117-193-31-54-73-190-80-45-21-82-163-165-127-89-103-113-62-18-55-34-11-139-189-152-140-170-111-8-78-175-142-121-158-25-123-177-104-56-182-118-74-138-33-160-144-143-124-148-60-20-183-95-166-194-176-35-109-0-29-145-15-3-70-13-132-169-188-6-134-43-168-195-155-47-94-185-86-128-106-153-187-81-77"
25,68458,100,41563,110021,237,"177-173-73-54-112-118-134-188-6-147-10-133-122-139-11-33-144-111-124-62-183-140-152-189-3-155-149-28-20-148-185-95-128-106-81-175-80-190-193-164-136-45-78-36-91-141-97-153-159-143-34-55-18-86-166-194-113-138-182-51-90-191-169-70-15-145-29-160-104-25-121-131-135-63-1-156-5-61-187-127-89-103-163-31-117-198-0-35-180-176-109-13-132-195-168-8-82-77-87-21"
26,60687,100,33418,94105,238,"163-103-113-194-86-128-43-134-168-195-189-124-106-51-191-90-131-31-193-136-45-36-21-87-104-138-182-25-5-78-175-80-190-117-198-1-135-63-122-133-147-6-188-169-132-13-145-15-70-3-155-18-55-183-99-130-95-62-35-109-34-170-152-140-28-20-185-166-114-127-89-180-176-82-177-73-54-121-118-74-139-11-33-160-29-0-144-56-8-111-143-159-119-153-81-77-91-61-141-187"
27,61175,100,34208,95383,220,"1-38-135-63-40-107-131-121-182-138-104-163-113-176-128-124-106-81-50-8-56-144-111-159-143-62-18-183-140-149-28-20-99-86-166-194-103-89-127-187-153-77-97-141-36-177-5-31-54-169-70-3-155-184-152-132-134-51-125-191-90-122-133-10-147-6-188-34-55-95-185-179-66-94-47-60-148-130-82-87-21-0-35-109-69-189-15-145-11-139-43-168-195-13-29-160-33-25-117-198"
28,65489,100,38930,104419,272,"27-38-63-135-125-118-182-138-94-47-148-20-28-81-77-141-36-61-91-143-18-55-183-140-152-170-109-160-25-5-175-78-177-82-124-128-130-95-62-35-0-29-168-195-13-126-43-11-139-74-112-19-73-54-31-193-117-198-121-132-70-155-34-176-114-127-165-89-106-3-15-145-33-104-21-87-8-144-111-153-163-103-113-194-166-179-185-86-90-122-133-10-147-6-188-169-134-51-131-1"
29,64315,100,38514,102829,282,"104-54-31-73-5-177-138-33-11-182-151-198-117-193-175-78-1-38-63-135-148-47-94-66-179-185-86-141-36-80-190-136-139-168-195-13-6-147-10-133-122-188-169-132-145-15-155-4-149-28-20-140-152-170-34-55-18-62-124-143-159-106-176-180-113-103-89-187-77-8-111-95-183-189-3-70-134-118-51-120-71-191-90-121-25-21-82-81-166-194-114-127-163-153-35-109-0-29-160-144"
30,62935,100,35013,97948,221,"142-45-136-164-31-73-5-177-104-144-0-35-62-128-124-81-77-153-163-89-187-141-36-61-21-8-33-49-139-118-121-51-98-188-169-132-13-6-192-147-85-134-29-109-18-55-34-155-15-3-70-90-122-32-135-131-160-143-159-106-119-41-111-25-54-193-117-198-1-27-38-63-40-107-133-10-176-113-194-166-179-94-47-185-86-95-130-183-140-152-145-195-168-11-138-182-190-80-175-78"
31,65093,100,39818,104911,221,"15-145-160-144-56-33-11-139-188-169-132-13-195-168-29-0-109-35-61-36-80-190-156-27-63-122-191-51-118-182-104-81-153-163-113-194-176-124-106-103-89-127-114-166-86-95-183-140-20-28-149-70-147-10-133-90-45-142-175-78-5-177-25-121-131-135-38-16-1-198-117-193-54-112-158-138-34-55-18-111-8-136-31-73-62-148-47-77-141-21-82-143-185-179-66-94-60-152-155-3"
32,61945,100,36690,98635,211,"182-144-180-176-194-62-124-106-81-77-153-187-163-89-127-103-113-130-140-183-141-36-61-28-20-148-47-94-179-166-86-185-95-18-55-152-34-143-111-56-104-138-25-5-78-175-136-193-131-135-32-96-63-102-38-27-16-1-117-190-80-177-21-82-8-15-3-70-188-6-121-54-31-73-118-169-132-13-109-35-189-155-145-195-168-139-11-49-29-0-160-33-134-147-133-40-107-122-90-51"
33,60901,100,36007,96908,256,"8-111-176-113-103-163-153-81-77-82-87-21-121-51-90-122-135-1-198-117-106-86-179-94-47-3-70-15-145-132-13-195-168-139-43-169-188-6-134-182-11-33-144-56-104-25-73-136-190-80-45-141-187-127-89-194-166-185-183-140-152-170-34-160-138-54-31-193-27-38-63-133-10-147-29-0-35-109-189-155-4-149-28-20-148-99-130-95-55-18-62-124-143-177-5-78-175-36-61-91"
34,67550,100,42623,110173,220,"168-134-51-121-1-198-117-36-141-187-127-89-133-107-40-10-147-6-188-169-191-90-125-177-21-82-8-33-13-132-3-70-161-122-96-63-102-38-27-16-135-131-112-25-182-11-138-78-175-5-139-195-145-15-152-28-20-60-148-185-86-95-109-29-160-0-35-143-124-106-163-103-113-194-176-153-81-189-155-184-170-140-183-47-94-179-166-77-80-190-193-31-54-104-144-111-62-18-55-34"
35,62065,100,37349,99414,214,"103-143-145-13-139-182-25-31-193-190-80-38-40-107-131-121-51-134-168-195-90-122-63-102-135-147-6-188-169-132-189-106-124-62-18-155-3-70-15-104-61-36-141-187-153-81-77-82-8-144-33-160-29-95-130-179-172-166-194-114-127-89-163-35-0-109-34-55-183-140-152-111-21-177-5-78-175-136-73-164-54-151-19-112-1-156-198-117-138-11-28-20-148-47-94-99-185-86-176-113"
36,67980,100,41823,109803,198,"22-66-94-20-28-155-3-70-188-169-132-62-124-128-83-55-174-181-166-194-114-137-127-163-177-5-117-198-121-182-138-33-109-35-0-160-25-54-31-193-190-80-175-36-187-165-89-103-113-47-148-90-122-135-63-38-1-131-139-11-168-195-145-15-34-18-143-82-21-61-141-97-77-81-153-176-95-183-140-152-6-147-51-134-185-179-172-52-86-106-159-111-8-144-29-189-184-170-130-99"
37,64400,100,39902,104302,247,"165-187-141-91-36-61-8-104-144-124-62-18-138-182-136-190-80-175-78-77-153-81-51-191-90-133-122-38-1-198-117-193-31-54-11-4-149-28-140-111-82-21-177-5-25-134-6-188-169-70-3-15-145-128-194-166-86-83-55-170-152-183-130-95-34-139-121-131-135-63-40-107-10-147-132-185-179-66-94-47-148-20-155-195-168-29-109-0-49-33-160-35-143-106-176-113-103-163-89-127"
38,65950,100,40540,106490,205,"165-137-127-138-182-139-134-169-155-20-148-47-94-99-22-179-166-194-81-82-104-25-27-38-131-124-86-185-130-95-18-109-35-143-106-180-113-176-62-34-145-195-13-132-15-3-70-161-168-11-33-160-29-0-144-8-21-177-73-193-117-1-135-63-122-78-175-80-190-111-55-183-140-152-188-6-147-71-191-90-51-121-112-54-31-136-45-5-153-163-26-114-103-89-187-141-36-61-91-77"
39,62427,100,36296,98723,253,"33-160-55-18-111-8-21-80-190-193-31-54-73-136-5-36-61-177-25-74-85-134-188-169-132-13-43-139-11-35-143-106-86-185-22-47-94-66-179-166-114-127-89-187-141-175-78-77-153-163-103-113-194-176-128-170-155-3-15-145-195-168-29-0-109-34-183-140-9-130-95-62-104-117-198-1-135-63-102-38-27-16-131-122-90-147-6-70-152-20-148-99-124-144-138-182-121-51-98-118"
40,64494,100,37658,102152,269,"156-63-40-107-133-132-13-15-184-152-140-183-95-0-173-73-54-118-134-43-168-35-124-128-62-18-55-143-82-177-45-190-80-175-78-36-61-21-8-104-138-182-139-11-49-33-160-111-81-153-113-194-176-77-141-5-136-164-193-31-195-145-189-170-34-109-29-51-125-122-135-38-27-1-121-158-25-144-106-86-185-94-47-148-60-20-28-149-155-3-70-169-188-6-147-191-90-131-117-198"
41,63852,100,37193,101045,245,"185-86-135-122-133-10-147-28-20-60-148-47-94-163-141-91-82-111-34-4-149-124-106-159-143-35-0-109-62-18-55-183-140-53-152-128-176-113-103-89-127-194-166-179-22-99-130-170-155-3-70-15-182-25-5-78-175-80-190-31-121-118-98-51-90-131-1-117-54-177-36-61-21-87-138-11-139-168-195-29-160-33-144-56-104-8-77-97-153-81-134-6-188-169-132-126-13-145-189-95"
42,62879,100,36978,99857,233,"78-175-45-136-193-117-198-156-1-135-63-40-107-133-10-147-6-134-35-124-128-113-26-163-153-8-51-90-122-131-31-190-80-5-177-104-168-13-132-169-188-155-170-114-137-127-165-89-103-106-143-144-25-73-54-121-183-140-20-28-152-11-139-182-138-33-160-0-109-29-195-145-15-70-3-189-34-55-95-185-166-194-180-176-86-18-62-77-97-146-187-81-111-82-21-61-79-91-141-36"
43,61371,100,34941,96312,239,"132-169-139-25-5-45-136-193-117-54-31-36-61-91-21-8-104-56-144-49-11-168-145-15-3-189-143-111-35-109-0-29-160-33-138-182-121-131-135-102-63-125-51-134-6-147-10-133-122-90-191-188-70-34-55-183-152-53-184-155-170-18-62-163-153-81-159-106-124-95-99-94-154-47-60-20-28-149-140-148-66-179-113-103-127-187-141-175-80-190-177-86-185-166-194-176-77-82-195-13"
44,66915,100,42351,109266,234,"1-121-195-145-155-152-95-185-86-81-82-21-73-54-131-122-133-10-147-6-168-143-114-137-187-97-77-141-91-80-190-134-132-70-3-62-124-103-127-89-163-153-111-144-160-29-0-109-35-106-176-113-194-166-179-94-47-148-18-11-139-135-63-40-107-100-90-188-169-34-55-174-183-60-23-20-28-140-5-45-142-175-78-177-8-104-33-138-182-118-98-51-25-61-36-136-31-193-117-198"
45,57041,100,32542,89583,235,"63-38-27-80-190-193-117-198-156-1-54-31-73-25-138-182-51-90-107-40-133-147-6-188-169-70-152-170-55-18-34-184-155-145-139-11-33-160-104-8-77-141-36-61-21-82-111-143-124-62-83-183-140-28-20-148-47-94-179-185-95-109-0-35-81-187-127-114-103-89-163-153-29-13-132-126-195-106-176-180-113-194-166-86-128-189-3-15-168-43-134-177-5-78-175-45-121-131-122-135"
46,62869,100,36314,99183,276,"20-148-47-94-152-145-195-168-163-89-127-103-35-29-3-155-4-149-140-153-81-111-121-122-40-63-135-54-31-193-117-1-131-90-191-134-139-11-25-78-175-36-61-91-141-77-82-8-160-33-138-182-158-112-19-73-136-190-80-45-5-177-21-124-95-130-22-99-183-83-62-143-159-106-86-185-179-166-194-114-113-180-176-128-18-55-34-109-0-144-56-104-51-71-147-6-188-169-70-28"
47,60747,100,33921,94668,234,"51-98-118-43-168-195-13-134-131-1-198-117-193-151-121-132-161-70-3-15-145-25-173-54-31-190-80-136-164-73-36-61-79-91-141-21-104-160-33-182-135-122-133-10-62-124-106-176-194-166-179-148-60-20-28-140-183-55-34-152-184-155-29-144-82-77-153-81-111-0-109-35-143-163-89-127-103-113-180-86-185-94-47-95-18-8-177-78-175-5-138-11-139-169-188-6-147-191-90-125"
48,61593,100,35446,97039,293,"11-49-29-170-152-184-155-3-70-15-145-34-18-176-194-166-179-94-47-99-106-81-77-141-97-124-95-130-185-86-62-35-109-0-160-33-138-182-121-131-135-32-63-102-38-27-16-1-117-31-54-51-134-6-147-133-122-90-104-144-113-103-163-153-146-187-127-89-61-36-5-78-175-80-190-136-168-195-188-169-132-13-140-20-60-148-183-55-143-111-8-82-87-21-177-25-118-74-43-139"
49,68526,100,42788,111314,227,"62-109-29-39-12-0-81-153-97-77-8-104-138-11-139-90-122-131-121-177-163-89-127-103-111-144-160-35-143-86-166-194-61-36-141-187-185-130-95-5-78-175-80-190-136-135-63-40-107-133-147-70-3-152-140-183-55-87-21-82-179-94-47-148-20-28-25-73-164-31-193-156-27-38-1-198-117-54-51-134-6-188-169-195-168-49-33-113-176-106-124-189-145-15-155-184-170-34-18-83"
50,62622,100,37706,100328,274,"28-20-60-99-185-166-194-176-180-153-77-31-193-117-198-1-135-63-40-107-100-122-11-143-106-86-179-66-94-47-148-9-183-140-152-155-6-147-10-133-90-25-21-8-104-138-139-188-169-70-3-15-145-18-62-113-103-187-141-61-36-5-73-54-182-168-195-134-51-131-121-112-136-190-80-175-177-82-124-128-95-130-55-29-49-33-160-144-111-81-127-89-163-35-12-0-109-34-4-149"
51,62605,100,36643,99248,232,"121-191-147-6-134-25-54-31-5-177-21-104-8-82-61-36-141-77-81-153-159-35-109-183-9-60-20-28-155-3-15-11-139-168-195-145-34-55-18-124-106-128-95-185-22-99-130-170-184-70-188-169-132-13-179-94-47-148-140-152-189-43-74-118-51-38-27-16-1-156-193-190-80-175-78-138-33-160-29-0-163-103-113-176-194-166-86-83-62-143-111-144-135-63-122-133-90-131-198-117"
52,64979,100,39777,104756,235,"176-163-153-141-36-78-175-142-143-124-62-18-55-34-189-134-191-10-133-122-90-51-74-11-160-144-8-111-106-86-185-128-104-73-193-31-54-112-98-118-177-61-79-91-21-82-170-152-140-20-60-94-47-148-183-6-147-107-40-63-1-117-190-80-5-182-139-168-195-35-81-77-25-121-131-135-138-33-29-0-109-145-13-132-169-188-70-3-15-155-95-130-99-179-166-194-127-89-103-113"
53,63002,100,38001,101003,237,"159-81-77-141-187-153-111-8-33-182-118-121-198-117-193-190-80-136-25-138-104-61-36-78-175-45-73-164-31-54-19-139-11-168-195-132-169-188-6-1-16-27-38-102-63-135-131-112-5-177-21-82-124-95-185-86-194-166-179-94-47-147-40-107-122-90-51-183-140-148-20-28-149-152-170-109-35-163-89-103-143-0-29-145-15-70-3-155-184-34-55-18-62-128-127-137-114-113-176-106"
54,64872,100,38186,103058,248,"164-193-31-54-21-82-111-143-179-94-47-95-0-160-33-29-109-34-140-183-55-35-8-177-5-45-173-158-118-134-13-195-168-11-138-182-139-188-169-132-70-3-15-145-189-124-106-86-185-148-20-28-149-4-152-144-104-25-121-131-135-122-133-90-51-153-163-89-165-127-114-194-166-18-170-184-155-62-176-113-103-187-141-36-175-80-190-61-91-97-77-151-1-156-198-117-136-78-142-73"
55,64113,100,36155,100268,290,"36-61-82-111-0-109-35-62-18-55-34-189-11-139-182-78-175-142-5-25-138-33-160-144-56-104-156-1-16-27-38-63-6-188-169-132-13-41-81-153-77-73-117-198-135-122-133-10-131-151-54-31-193-164-136-190-80-45-177-21-8-49-168-195-145-15-3-155-152-140-183-176-166-185-99-148-47-94-179-86-124-143-29-43-134-147-191-90-121-19-112-51-70-149-28-20-95-106-141-91"
56,71020,100,44251,115271,203,"193-190-80-77-153-47-94-114-127-165-187-141-175-78-5-177-81-148-60-20-183-152-155-3-15-106-163-89-103-113-62-18-143-111-104-8-82-21-91-61-36-138-182-11-49-95-130-99-179-185-86-195-168-29-124-166-194-180-176-128-170-184-189-109-0-12-160-144-35-55-34-33-25-73-31-121-51-120-71-6-188-4-149-28-140-145-134-191-90-122-133-147-169-132-70-13-139-54-117-198"
57,61642,100,36532,98174,266,"194-176-113-103-89-127-137-114-163-62-18-55-34-35-61-36-91-141-153-86-95-128-124-106-143-81-77-82-111-160-168-195-6-192-147-178-133-10-188-169-70-3-13-132-134-121-198-117-193-31-54-182-138-11-33-144-104-8-87-21-177-5-45-190-80-175-78-142-25-118-98-51-90-122-135-63-40-107-140-20-148-47-94-179-0-131-38-27-1-139-29-109-145-15-155-152-183-130-185-166"
58,66719,100,39512,106231,254,"163-103-89-127-165-187-141-36-61-77-185-47-148-20-28-140-183-152-170-143-81-97-153-106-124-62-15-3-18-86-166-194-113-180-176-109-29-139-10-133-98-118-182-138-56-8-144-160-33-104-177-78-175-80-190-1-27-38-63-135-122-43-168-126-132-13-195-49-111-82-21-73-193-31-54-25-55-34-145-169-188-6-147-191-90-125-51-134-161-70-155-184-189-5-136-117-121-11-0-35"
59,66556,100,38661,105217,213,"1-24-117-31-54-131-90-191-133-122-135-63-40-107-10-188-169-6-147-71-67-120-51-125-121-61-141-187-127-89-153-81-111-8-144-0-29-160-33-78-5-139-168-195-132-70-155-99-179-185-95-77-36-175-80-190-136-134-13-145-34-55-152-28-140-183-83-18-62-143-82-87-21-177-25-182-138-11-128-86-166-194-176-106-35-109-15-3-124-180-113-103-163-104-112-19-73-193-198-156"
60,64098,100,38881,102979,220,"35-18-55-95-185-86-62-124-8-80-190-1-38-131-152-140-183-148-47-94-60-20-28-149-155-145-195-168-139-182-74-118-134-15-3-70-188-10-133-107-40-100-90-125-25-177-36-61-21-104-160-144-111-81-153-163-89-127-187-141-175-193-156-198-117-31-164-54-121-51-6-169-132-11-138-33-29-143-106-166-194-113-176-77-82-5-136-73-135-63-122-178-115-147-13-189-170-34-109-0"
61,63884,100,38734,102618,229,"34-55-18-111-8-121-131-63-40-107-147-6-188-65-169-132-11-138-182-139-43-126-168-160-33-25-54-31-117-190-80-175-78-142-5-95-99-130-62-35-144-104-56-143-159-163-89-103-114-137-127-187-141-21-82-106-86-185-166-194-113-176-61-36-177-51-90-122-135-38-27-1-133-10-134-29-109-195-13-15-145-0-81-77-97-153-124-183-28-20-60-47-148-140-152-155-70-3-189-170"
62,63417,100,39547,102964,233,"109-145-195-168-54-117-38-135-122-63-40-107-133-10-90-51-118-134-147-6-188-169-70-18-62-35-11-139-121-131-1-156-198-193-31-182-138-33-160-111-81-77-187-165-127-89-163-153-106-124-143-104-25-73-136-45-5-177-15-3-155-149-28-140-183-55-34-170-152-184-189-29-8-21-61-141-95-148-20-60-47-99-185-86-176-103-114-113-194-166-172-66-94-179-36-78-175-80-190-0"
63,67832,100,42570,110402,288,"33-138-182-11-29-34-55-18-62-124-143-25-117-193-31-54-159-106-130-99-22-185-86-194-166-179-148-20-28-195-168-134-122-63-102-135-131-177-61-36-136-73-112-121-118-139-0-109-35-111-78-175-142-145-15-13-190-80-45-5-21-82-77-81-153-163-187-141-51-90-107-40-133-10-147-70-3-155-152-140-183-95-176-89-127-103-113-66-94-47-132-169-188-6-43-160-144-56-8-104"
64,60101,100,33851,93952,237,"166-179-185-183-152-15-13-169-188-74-118-98-51-134-195-145-189-143-159-106-124-128-83-170-184-155-3-70-132-131-16-27-38-63-122-135-1-156-198-117-54-121-90-191-133-10-147-6-168-163-89-127-103-113-86-140-149-28-20-148-47-94-99-95-111-21-136-73-164-31-193-190-80-25-182-139-11-138-8-82-77-141-36-175-5-177-104-33-160-29-109-62-18-55-34-35-0-153-176-194"
65,60851,100,35615,96466,204,"35-124-106-143-82-21-177-5-78-175-176-180-113-26-137-114-194-166-179-94-47-148-20-28-132-169-6-147-71-51-118-74-134-139-168-195-145-15-155-152-170-160-49-11-138-33-144-111-81-165-127-89-103-3-70-188-10-133-107-40-63-38-27-1-135-122-90-121-112-19-158-25-104-8-45-80-190-193-117-54-31-36-61-141-77-140-183-95-185-86-163-187-153-62-18-55-34-109-29-0"
66,63775,100,37827,101602,219,"87-82-8-104-33-195-145-34-95-179-94-47-55-35-109-0-144-56-160-29-155-184-152-20-148-185-86-166-194-141-36-5-45-80-190-136-90-191-147-6-134-153-163-113-176-111-25-193-117-198-156-1-112-121-125-51-142-175-78-61-77-81-143-18-183-28-149-4-140-62-124-106-103-89-127-165-187-13-132-169-188-70-3-15-168-139-11-138-182-118-122-63-102-135-131-54-31-73-177-21"
67,61545,100,36780,98325,252,"83-18-62-124-141-36-175-80-190-193-198-156-24-1-121-134-195-168-139-182-25-54-31-86-179-22-99-185-95-183-55-34-35-29-11-133-107-40-63-135-117-5-177-61-21-104-8-82-77-187-194-166-94-47-148-60-20-28-140-152-155-189-15-3-70-6-147-122-38-27-131-90-191-51-118-74-138-33-160-0-109-145-132-169-188-111-81-153-163-103-113-180-106-143-159-89-127-114-176-128"
68,56785,100,32186,88971,239,"135-102-63-100-40-107-133-147-70-3-15-145-109-0-160-144-56-8-82-104-33-189-155-152-140-47-94-179-185-99-130-95-55-18-62-128-176-180-194-166-124-106-159-143-111-81-113-103-163-153-187-165-89-127-137-114-86-9-28-20-60-148-183-34-35-29-11-138-25-31-193-190-80-36-61-141-97-77-21-177-73-54-117-1-16-27-38-131-51-6-188-169-168-139-5-78-175-121-90-122"
69,61434,100,35905,97339,244,"55-18-128-176-113-103-127-89-163-77-5-31-73-177-21-111-81-159-143-106-153-97-61-36-78-142-45-121-51-118-134-188-6-147-40-107-122-90-11-138-182-131-1-198-117-193-54-25-139-13-145-15-132-169-70-3-155-184-152-149-28-20-140-183-130-185-86-124-109-0-29-160-33-144-8-82-91-141-187-165-137-114-194-166-94-47-148-95-62-35-104-175-162-80-190-136-168-195-189-34"
70,65949,100,38365,104314,233,"135-102-63-133-10-147-71-125-131-1-156-198-117-193-31-136-177-21-8-104-138-139-134-6-188-169-143-106-113-103-114-127-89-45-190-80-175-61-77-153-163-187-141-36-78-142-5-82-55-183-28-140-174-34-35-160-33-182-73-54-40-107-122-90-191-51-118-74-11-29-62-95-185-128-124-111-56-144-12-0-109-170-152-155-3-70-132-13-195-168-145-15-18-86-166-194-176-81-25-121"
71,63097,100,37254,100351,231,"166-77-82-8-51-125-191-90-131-1-198-0-62-95-185-86-21-54-117-193-31-36-61-141-187-114-194-113-163-153-81-111-144-11-139-121-135-63-40-107-122-133-147-6-188-169-132-161-70-3-15-145-13-126-195-168-35-143-124-106-89-127-103-180-176-128-18-34-170-152-4-140-183-47-148-20-28-155-134-85-98-118-74-182-138-33-160-104-177-5-175-80-190-25-29-109-55-130-99-179"
72,68960,100,41185,110145,220,"138-0-35-143-163-89-127-165-187-25-51-191-133-72-100-63-1-198-117-55-18-62-124-106-81-82-21-73-54-31-193-190-80-141-86-20-28-140-183-36-175-5-177-182-139-168-195-43-74-118-134-161-70-3-155-184-152-170-34-109-29-160-144-33-145-15-189-176-113-103-153-77-8-104-56-111-194-166-185-130-95-121-131-125-90-178-10-17-107-40-32-135-122-147-6-188-169-132-13-11"
73,64977,100,39546,104523,224,"62-18-55-28-149-189-168-195-145-15-3-29-0-109-35-34-20-148-130-95-160-33-11-139-134-147-10-133-90-191-6-188-131-1-198-190-80-36-61-141-187-163-153-81-77-177-5-31-117-193-45-142-78-175-162-136-73-54-25-104-8-185-99-47-94-66-179-166-176-111-144-118-51-135-63-122-169-70-155-184-170-152-140-183-86-194-113-103-127-89-106-124-159-143-138-182-121-112-21-82"
74,63229,100,37539,100768,232,"55-18-62-124-143-159-106-22-94-66-172-179-86-144-104-8-81-194-166-47-148-20-28-3-70-169-134-51-90-191-147-168-34-83-113-114-137-127-89-163-153-35-109-0-29-160-33-138-182-25-1-24-156-198-117-31-73-177-21-82-111-128-95-130-99-185-77-91-61-36-141-97-187-165-103-180-176-195-188-6-121-54-193-190-80-175-78-5-131-135-63-122-139-11-145-15-155-152-140-183"
75,62536,100,36259,98795,250,"155-3-6-107-40-100-122-90-51-118-182-138-163-89-127-103-106-124-189-132-169-188-43-11-33-160-144-0-29-145-15-13-126-139-5-78-175-31-54-117-190-80-177-21-87-82-111-81-153-97-77-25-121-131-135-63-1-36-61-141-8-104-56-143-176-180-113-194-166-86-185-179-94-47-60-148-183-170-152-140-199-20-28-70-147-178-10-133-191-134-168-195-109-35-62-83-18-55-34-184"
76,60053,100,34366,94419,264,"73-31-193-198-117-54-177-61-141-77-82-25-90-191-10-133-107-40-131-19-112-121-155-152-20-60-47-148-28-149-4-140-183-95-194-176-106-143-29-11-139-188-169-132-13-49-33-104-56-144-160-0-109-35-34-55-18-62-113-103-127-89-153-81-111-8-138-182-74-118-51-135-102-63-122-147-6-70-3-15-145-195-168-5-142-175-78-36-187-163-166-179-185-86-124-21-45-80-190-136"
77,69001,100,43049,112050,210,"155-34-18-62-73-31-54-25-138-170-152-140-183-55-5-78-175-80-190-136-74-161-70-188-6-147-10-133-131-112-121-118-182-104-187-165-127-89-163-153-81-82-21-61-36-141-77-111-8-177-193-117-128-86-185-95-145-132-134-51-125-135-63-40-122-90-191-169-15-3-28-20-148-94-179-166-114-103-143-35-109-124-194-113-180-176-106-0-11-139-43-13-195-168-49-33-160-144-29-189"
78,58758,100,32922,91680,229,"140-183-95-130-99-22-185-86-128-34-168-195-13-132-169-188-70-3-152-149-28-20-60-148-47-94-66-179-166-194-176-180-113-103-127-89-138-182-25-177-5-142-78-36-61-79-91-82-8-104-33-145-15-155-184-189-35-81-77-54-31-73-136-141-187-163-153-45-190-80-162-175-21-111-0-109-29-11-121-193-117-1-135-102-63-100-40-107-133-122-90-51-139-143-106-124-62-18-55-174"
79,60994,100,34272,95266,260,"175-141-187-165-127-89-194-166-185-130-95-86-176-113-103-163-153-111-8-11-139-43-168-99-179-66-94-47-148-20-183-195-126-145-15-3-155-152-140-28-149-70-13-132-169-188-6-51-121-54-31-193-164-73-182-138-33-160-144-56-104-177-5-45-136-117-1-131-90-191-147-134-29-143-159-106-124-62-18-55-34-35-109-0-91-61-36-25-125-122-135-190-80-142-77-81-50-82-21-78"
80,64575,100,39077,103652,238,"73-33-160-189-155-184-170-34-143-111-138-118-121-112-45-5-36-61-82-81-62-183-140-28-149-4-70-188-6-147-51-134-139-11-182-54-117-198-156-24-1-38-63-135-131-187-127-89-103-176-106-145-13-132-169-10-133-122-90-18-55-94-47-148-20-152-3-15-195-168-29-109-35-0-144-104-25-177-21-8-124-95-130-185-86-166-194-113-163-153-77-141-78-175-80-190-136-193-31-164"
81,62852,100,37171,100023,239,"77-81-0-29-133-107-40-100-122-90-134-139-11-138-49-33-160-109-35-143-106-124-62-86-185-130-95-34-188-6-147-191-125-51-98-118-25-21-61-36-91-141-97-187-163-103-113-180-176-18-55-170-155-189-145-15-3-70-161-169-144-104-8-111-183-140-73-31-54-117-193-190-80-175-78-5-177-182-168-195-13-132-152-28-20-23-60-148-47-94-179-166-194-153-1-63-135-131-121-82"
82,65311,100,40389,105700,218,"82-21-177-45-80-190-25-182-11-139-168-195-29-0-111-77-79-61-36-78-175-142-5-91-141-97-187-113-179-28-149-140-176-180-153-81-104-138-33-152-20-60-148-18-62-124-106-86-185-166-194-114-137-103-163-35-109-34-183-47-94-66-99-95-55-169-188-6-147-90-54-31-117-198-1-27-38-131-121-165-127-89-51-135-63-122-134-132-13-145-189-184-155-3-70-15-160-144-56-8"
83,59231,100,33370,92601,311,"117-198-25-182-139-11-33-29-34-55-18-77-61-80-190-73-164-31-54-173-138-160-0-35-109-189-155-145-13-132-169-188-195-15-3-70-6-147-191-90-125-51-121-112-131-135-63-40-122-168-62-124-106-153-81-159-143-176-180-103-89-127-113-86-185-99-130-95-128-111-8-82-21-5-142-45-162-175-78-177-104-144-170-152-183-140-28-20-148-47-94-179-166-194-163-187-141-36-136-193"
84,64239,100,39899,104138,366,"179-29-182-117-198-131-135-102-63-40-107-122-90-21-82-111-35-0-33-138-25-54-31-73-5-177-143-124-106-61-36-141-187-127-103-113-180-176-109-188-6-147-134-139-11-104-8-144-160-168-195-13-43-190-80-175-78-45-136-112-121-51-169-132-145-155-152-28-140-183-185-86-166-194-163-153-77-193-1-27-38-133-10-70-3-15-34-55-18-62-95-130-99-22-148-20-60-47-94-66"
85,59564,100,33502,93066,381,"51-98-74-118-54-31-193-73-61-91-21-138-139-11-29-0-111-81-153-187-127-114-148-60-47-94-66-113-103-89-163-106-124-143-159-77-82-177-5-45-190-80-175-78-36-141-86-185-95-130-20-28-140-83-62-18-55-34-3-70-6-147-90-122-135-131-25-104-8-144-160-33-168-195-145-15-155-152-183-99-22-179-172-166-194-88-180-176-128-35-109-13-132-169-188-134-121-117-198-1"
86,59494,100,32646,92140,219,"140-4-149-28-20-23-60-148-47-99-95-185-86-89-127-103-113-180-176-88-194-166-179-94-66-114-137-163-193-31-54-25-82-111-81-77-141-97-187-153-106-34-155-70-188-6-147-182-21-91-61-36-177-5-175-80-190-117-131-125-90-191-51-98-74-134-169-3-15-145-43-139-11-49-29-0-35-109-13-132-195-168-33-160-144-56-8-104-138-118-122-135-121-143-124-62-18-55-152-183"
87,64246,100,39097,103343,287,"77-141-36-61-160-15-3-70-13-195-168-139-11-33-29-0-35-103-114-137-82-87-21-97-187-165-127-89-145-132-169-188-191-90-122-133-147-6-134-182-138-140-199-4-149-28-20-60-152-155-51-121-25-104-56-8-175-80-190-193-31-54-131-135-63-1-117-5-177-153-163-113-86-95-130-183-174-55-34-109-144-111-185-22-99-18-62-176-194-166-179-66-94-47-148-124-106-143-159-81"
88,61572,100,35988,97560,243,"113-194-166-185-22-99-117-198-90-191-51-121-54-31-193-73-118-134-43-168-195-13-3-70-132-169-188-6-147-10-133-122-25-177-36-61-141-97-106-124-62-34-139-11-160-29-0-35-109-145-15-155-152-20-148-47-94-66-179-86-128-18-55-140-183-130-95-143-111-8-144-33-138-131-135-63-38-27-1-112-182-104-187-127-89-103-163-153-81-50-82-21-78-175-80-190-45-5-77-176"
89,67482,100,43424,110906,263,"127-89-113-185-86-82-8-131-122-90-152-28-59-199-140-34-109-35-143-106-124-128-99-94-47-148-60-20-104-5-45-142-175-78-36-141-153-176-194-166-172-179-149-4-55-62-103-163-81-111-160-11-168-6-147-10-133-135-198-117-193-190-80-195-145-15-3-0-29-33-138-182-121-73-31-54-1-27-38-63-40-107-51-18-95-130-183-170-155-70-132-169-188-134-25-177-61-21-77-187"
90,61170,100,36657,97827,293,"168-195-169-188-134-118-117-198-156-24-1-63-122-178-147-6-132-13-11-177-36-61-91-141-97-77-82-21-8-104-33-145-15-155-152-140-183-35-0-121-131-135-90-70-3-149-28-109-29-139-10-40-107-133-191-51-182-138-25-54-31-193-190-80-175-78-5-187-165-127-137-114-113-176-106-124-62-18-55-143-159-81-153-163-89-103-194-166-179-94-47-60-20-148-99-130-185-86-95-34"
91,64655,100,39076,103731,256,"21-82-8-177-78-175-45-51-191-90-122-131-54-31-193-156-27-38-1-73-36-61-141-77-81-86-185-94-47-148-140-147-10-40-107-133-35-103-113-176-106-124-95-183-152-170-184-155-15-145-168-25-117-198-121-118-74-132-70-3-189-34-55-18-62-143-159-153-163-89-127-114-194-166-20-28-149-4-109-0-195-13-169-188-6-85-134-43-139-11-29-160-33-138-182-135-63-190-80-5"
92,64541,100,38217,102758,291,"118-182-138-33-49-168-195-160-87-91-61-36-73-1-135-122-90-51-74-11-29-109-34-55-152-155-3-15-62-176-194-185-99-179-166-114-103-163-81-82-21-78-175-5-8-111-35-0-144-56-104-25-31-193-190-80-45-142-141-97-187-127-89-143-145-13-43-134-139-18-130-94-47-148-20-140-183-95-86-128-124-106-180-113-153-77-177-54-117-198-131-121-6-169-132-70-188-147-10-133"
93,59745,100,34801,94546,377,"34-55-18-62-128-114-127-163-153-81-77-8-104-56-144-111-35-109-0-29-189-184-155-3-70-132-13-54-117-134-169-188-6-147-191-90-51-118-25-177-21-91-61-36-121-131-135-63-122-133-10-183-47-94-185-86-194-166-172-179-176-113-103-89-187-141-82-33-11-139-168-195-145-15-170-152-140-149-28-20-60-148-95-124-106-143-5-78-175-142-45-80-190-136-193-31-73-182-138-160"
94,64646,100,38769,103415,281,"195-168-29-109-62-18-55-34-35-0-111-82-21-80-190-73-121-6-169-155-4-149-28-20-199-140-15-13-126-43-139-11-138-33-160-144-104-31-54-25-182-132-3-70-161-188-147-133-122-90-51-134-124-106-143-135-63-38-27-1-198-117-193-136-36-141-153-163-89-103-113-22-99-130-9-183-152-170-8-177-5-45-142-175-78-61-77-81-95-185-86-176-194-166-179-94-47-148-189-145"
95,62679,100,37177,99856,231,"86-128-124-106-143-111-160-33-29-94-66-179-166-194-187-141-36-175-80-190-78-185-22-99-9-130-95-55-34-152-155-189-109-0-35-62-18-83-183-47-148-20-28-149-140-153-81-77-82-87-21-91-61-73-31-54-135-63-1-198-117-193-121-131-122-90-191-51-118-138-104-8-177-5-45-25-182-139-145-3-70-13-132-169-188-6-195-168-134-147-10-40-107-133-11-163-103-113-180-176"
96,61432,100,35597,97029,241,"47-9-183-55-18-83-62-143-35-109-0-144-8-21-91-141-77-82-51-90-122-133-147-126-13-132-161-70-3-15-145-189-155-152-140-148-60-20-28-149-34-124-106-176-180-194-86-185-95-128-177-73-193-117-25-104-56-160-33-135-63-40-107-6-188-169-134-118-54-31-136-5-36-61-138-11-182-121-131-1-198-190-80-175-78-139-168-195-29-111-81-153-163-113-166-179-22-99-66-94"
97,67196,100,42662,109858,248,"132-155-34-18-62-143-91-61-36-141-187-166-179-94-47-28-140-152-29-49-138-25-54-117-198-147-192-6-134-78-175-80-190-193-31-73-0-109-35-153-163-113-194-86-185-95-55-139-135-63-40-122-104-87-21-177-5-45-121-90-133-10-188-169-70-3-15-145-195-168-11-8-82-77-81-128-130-148-60-20-183-124-106-114-137-127-89-103-180-176-111-56-144-160-33-182-1-38-131-51"
98,65565,100,40201,105766,241,"55-183-140-34-35-0-168-169-188-70-3-15-109-29-135-63-100-40-107-139-11-49-160-33-138-182-25-5-78-175-61-86-185-99-130-95-170-189-145-6-147-10-133-122-90-195-155-184-152-28-20-148-94-179-166-194-176-111-104-1-16-27-38-131-51-98-118-116-121-112-198-117-193-31-54-8-143-124-106-177-136-190-80-45-36-187-127-89-81-82-21-141-77-153-163-103-114-113-62-18"
99,63275,100,39022,102297,374,"86-194-166-179-94-47-99-185-106-159-143-111-144-104-8-21-61-36-5-73-193-31-54-121-51-169-132-13-195-168-33-160-0-35-109-29-49-11-182-118-131-1-198-117-141-103-113-176-95-183-140-152-15-145-139-138-142-175-78-77-148-60-20-28-155-3-70-188-6-147-133-40-107-122-90-191-125-135-63-38-27-25-81-153-163-89-127-165-187-80-190-45-177-82-124-128-62-18-34-55"
100,58990,100,31835,90825,307,"1-198-117-193-31-54-175-78-5-74-134-6-192-147-122-63-102-135-125-51-118-29-0-109-145-195-168-11-177-45-80-190-136-182-139-15-3-70-132-169-188-191-90-121-112-158-138-35-62-148-47-94-179-99-130-95-183-140-152-170-34-18-55-4-149-28-20-185-86-124-143-160-33-144-56-8-77-141-91-36-61-21-82-111-106-166-194-176-180-113-103-89-127-165-163-153-81-104-25-131"
101,62098,100,35997,98095,320,"139-189-34-55-18-62-81-77-61-78-175-80-190-45-5-138-33-160-144-56-68-111-195-13-132-169-147-10-133-122-100-107-40-63-102-135-90-191-51-118-134-168-145-15-70-3-155-152-140-28-20-148-185-86-166-194-176-106-124-35-0-29-49-104-8-82-21-177-25-182-188-6-131-1-117-121-170-183-47-94-66-179-130-95-54-31-36-141-153-163-165-127-89-103-113-180-159-143-109-11"
102,60257,100,34543,94800,286,"163-159-195-13-132-169-168-29-0-124-128-86-166-172-179-185-95-55-34-109-35-143-106-62-18-83-183-140-152-170-184-155-3-15-145-139-25-190-80-104-8-82-21-177-5-142-78-175-73-31-54-117-193-136-45-36-61-91-141-77-97-187-103-113-194-176-180-11-134-51-90-191-147-6-188-70-28-20-60-47-148-121-131-135-63-100-40-107-122-182-138-33-160-144-56-111-81-153-127-89"
103,64264,100,37657,101921,254,"109-0-29-160-144-111-176-180-113-103-127-89-163-153-189-155-184-95-185-179-166-194-88-86-128-106-143-138-182-11-34-148-20-70-161-132-134-51-90-135-63-122-191-13-145-15-169-6-133-10-147-188-3-130-99-183-140-28-152-170-81-77-97-141-82-8-21-177-78-175-80-190-45-5-36-61-79-91-104-33-195-168-139-54-31-193-117-198-1-16-27-38-131-121-25-124-62-18-55-35"
104,62188,100,36035,98223,272,"188-134-5-78-175-80-190-193-38-63-133-10-90-51-8-77-97-187-165-163-160-11-139-168-195-145-34-55-152-155-3-70-132-13-15-183-140-28-20-148-47-94-185-18-62-143-159-82-79-61-36-25-121-112-73-136-45-177-104-56-138-182-54-31-117-198-1-135-122-147-6-29-109-124-128-86-166-194-176-153-81-111-0-35-106-180-113-26-114-137-127-89-103-141-91-21-87-144-33-169"
105,61397,100,36899,98296,256,"89-103-113-124-34-155-3-70-15-145-13-132-169-188-6-134-193-190-80-45-111-170-4-149-28-55-18-62-128-86-176-194-166-185-9-20-60-148-47-94-179-22-99-130-95-33-138-135-38-1-198-117-31-54-168-195-109-35-153-81-77-141-91-61-36-175-78-5-177-25-121-131-51-139-11-29-0-143-159-106-183-140-152-147-63-100-40-107-72-10-133-122-90-182-104-8-21-82-187-163"
106,63192,100,37557,100749,238,"38-63-135-122-131-121-21-82-8-111-159-106-124-62-18-183-95-130-99-148-47-94-66-172-194-113-103-89-127-165-187-97-77-81-153-163-176-166-179-22-185-86-128-143-177-80-190-25-138-33-29-109-35-0-73-54-31-193-117-34-55-152-155-3-70-188-147-6-169-15-28-20-140-145-191-90-51-104-144-160-49-13-132-134-85-43-195-168-139-11-182-5-78-175-36-141-91-61-198-1"
107,59688,100,34781,94469,223,"190-80-175-78-36-61-91-77-153-106-124-18-55-34-170-109-0-35-111-81-82-104-33-138-182-121-131-135-197-1-117-31-54-51-134-13-145-160-144-8-21-177-90-191-147-70-152-95-130-99-185-86-176-180-113-194-166-94-47-148-20-28-140-183-62-143-29-168-195-188-169-132-15-3-155-184-189-11-25-73-193-198-156-16-27-38-63-40-107-133-122-139-103-127-89-163-187-141-5-45"
108,59510,100,33340,92850,254,"187-141-175-78-5-177-36-61-21-182-118-51-134-34-55-109-160-33-138-90-122-107-40-63-38-27-198-117-193-31-54-19-112-121-25-104-144-111-8-82-77-153-163-89-103-176-128-62-18-183-152-155-70-161-3-140-148-47-94-179-86-106-35-0-29-13-169-65-132-15-145-195-43-139-11-168-126-188-6-147-10-133-135-1-73-136-190-80-45-143-124-95-130-99-22-185-166-194-113-127"
109,62846,100,36060,98906,277,"198-193-190-80-175-78-36-141-97-187-163-89-127-114-166-185-86-194-176-113-103-153-111-11-139-43-168-55-95-94-47-148-189-13-126-132-70-3-15-145-144-56-104-138-182-74-118-8-82-87-21-61-177-25-121-147-6-188-169-195-33-160-29-0-109-35-18-62-124-159-143-34-170-152-4-149-183-128-106-81-77-91-5-135-102-63-122-133-90-51-134-155-28-20-199-140-73-31-54-117"
110,62030,100,35146,97176,420,"198-117-193-151-121-112-19-136-190-80-45-91-141-187-165-127-89-77-21-104-168-195-56-8-82-111-159-143-124-62-83-18-55-34-15-132-188-169-13-106-176-194-86-185-183-152-145-118-54-31-164-73-0-35-109-29-138-182-5-142-175-78-36-61-177-25-51-90-191-147-134-139-11-33-160-144-81-153-163-103-113-166-179-94-47-148-140-155-3-70-6-107-40-63-38-27-16-135-131-1"
111,64294,100,39706,104000,288,"54-31-73-147-6-134-5-78-177-34-20-23-60-148-113-103-89-163-124-62-18-55-95-130-99-179-66-94-154-47-145-13-195-168-153-187-81-111-138-182-139-11-33-104-8-82-141-91-36-61-21-35-109-0-29-160-25-198-156-131-121-51-90-122-135-38-27-16-188-169-132-70-4-149-28-155-3-15-189-152-140-183-185-86-166-194-176-106-143-159-77-175-80-190-193-107-40-63-1-117"
112,62033,100,37853,99886,269,"144-33-11-139-188-6-134-51-121-1-38-27-193-31-36-141-187-163-153-81-138-182-122-107-40-63-135-190-80-45-5-21-82-8-177-78-175-61-77-66-94-62-111-104-25-54-117-198-131-90-147-169-132-70-155-95-130-185-86-176-194-166-52-172-179-22-183-140-152-170-55-18-34-3-15-13-195-168-145-149-28-20-60-148-47-99-124-143-159-106-180-113-103-127-89-35-109-0-29-160"
113,63019,100,36029,99048,260,"176-86-185-183-55-25-5-142-175-78-36-91-79-61-45-80-190-136-177-163-89-127-103-194-166-179-66-94-47-140-147-122-107-40-63-135-90-34-18-62-143-35-109-0-29-39-8-82-50-81-153-187-97-77-141-21-87-104-56-144-33-11-138-182-139-155-184-152-20-148-130-95-124-106-189-3-15-145-195-168-43-134-73-54-31-193-117-121-51-6-188-169-132-70-13-49-160-111-113-180"
114,61263,100,36185,97448,233,"11-160-111-81-153-163-176-86-185-179-166-194-113-103-127-187-77-141-36-61-21-82-159-106-143-8-80-190-193-31-54-117-147-192-6-188-169-43-25-177-112-121-118-189-155-184-152-140-183-62-18-55-34-3-70-10-133-90-182-138-33-124-95-99-94-47-148-60-23-20-28-149-4-144-104-5-78-175-136-198-1-63-40-107-122-135-131-51-134-168-195-29-0-35-109-145-15-132-13-139"
115,56802,100,31889,88691,331,"113-194-22-99-130-95-124-143-159-153-81-77-111-13-132-70-3-15-145-182-138-104-144-0-109-29-160-33-49-11-139-43-168-195-35-89-127-114-166-179-94-47-148-60-20-28-8-21-177-25-73-31-54-117-193-136-190-80-45-142-175-78-5-36-61-141-187-163-106-62-18-55-183-140-152-184-155-134-51-121-112-131-38-27-156-198-1-135-63-122-90-147-6-188-169-34-185-86-176-103"
116,67465,100,40508,107973,411,"12-39-111-41-114-137-165-187-141-5-73-193-190-80-104-144-18-62-143-159-124-128-86-166-185-95-51-90-191-6-188-169-132-13-195-168-8-91-36-61-21-87-82-77-81-153-180-176-160-33-138-182-121-54-31-117-1-135-63-122-147-70-3-15-155-149-28-20-140-152-139-11-29-35-194-113-26-103-127-89-163-106-34-170-184-189-145-134-74-25-175-78-177-179-94-148-183-55-109-0"
117,61291,100,36809,98100,328,"169-152-34-55-18-62-124-109-0-35-143-106-128-183-140-149-28-130-95-111-190-80-175-179-94-47-148-60-20-153-81-77-177-5-73-54-31-193-117-198-1-27-38-63-135-131-121-90-191-51-134-43-195-13-3-15-145-139-182-74-118-25-138-29-99-185-86-166-127-89-103-113-194-176-163-141-36-61-21-82-8-104-144-160-33-11-168-161-70-155-184-189-132-188-147-133-40-107-122-6"
118,61884,100,37318,99202,216,"56-8-82-77-97-141-91-61-117-1-131-90-147-6-70-155-184-152-170-35-111-21-177-25-133-10-132-13-145-15-3-189-34-18-55-183-140-20-60-148-185-86-176-180-163-187-165-89-127-114-103-124-106-36-78-175-80-190-136-182-138-33-29-109-0-104-5-73-193-31-54-134-188-169-195-168-143-62-128-95-47-94-179-166-194-113-153-81-121-135-102-63-40-107-122-51-139-11-160-144"
119,62107,100,35928,98035,238,"44-122-135-63-102-38-27-16-1-156-198-117-175-5-177-21-61-36-91-141-97-77-82-8-104-138-139-11-49-33-160-144-111-81-153-89-163-35-195-13-70-155-184-4-149-28-20-148-94-166-194-113-103-176-188-6-192-147-80-190-193-31-54-168-145-15-3-29-0-109-34-55-18-62-124-106-143-40-107-51-118-134-169-132-86-185-179-99-130-95-183-140-152-182-25-121-131-90-10-133"
120,63030,100,37317,100347,222,"122-135-38-27-1-45-175-78-5-73-164-31-193-190-80-136-25-182-138-11-139-134-51-191-90-125-121-112-198-117-54-36-61-141-97-81-143-18-55-152-155-33-56-104-8-82-111-130-148-20-140-183-34-109-29-0-35-106-166-172-179-95-62-160-144-124-128-86-185-47-94-66-194-113-180-176-145-15-3-70-188-107-40-63-102-131-177-77-153-187-127-89-103-163-168-195-169-6-147-133"
121,64469,100,39072,103541,223,"91-61-36-177-123-5-45-80-190-121-134-13-145-124-128-86-185-130-95-62-35-0-29-109-143-180-176-166-179-183-55-18-34-144-78-175-142-25-182-138-104-56-160-33-11-168-195-169-188-6-147-133-122-63-102-135-131-90-51-132-70-3-15-139-73-31-193-117-54-8-113-194-114-127-165-187-146-153-163-103-89-77-141-1-16-27-38-40-107-155-152-140-20-148-47-94-106-111-82-21"
122,58074,100,34092,92166,349,"198-117-54-31-193-80-190-73-121-134-13-145-15-3-70-161-132-169-188-147-10-40-107-133-51-182-21-36-61-82-139-168-195-6-191-90-122-63-102-135-155-152-149-28-20-60-148-185-86-128-124-62-95-99-47-94-179-166-194-114-127-187-153-106-18-55-183-140-34-109-35-163-89-103-113-176-143-0-29-11-138-33-160-144-104-177-5-78-175-141-77-81-111-8-25-38-27-16-1-156"
123,62479,100,37511,99990,385,"138-11-33-160-144-56-8-82-77-165-127-89-103-194-166-86-185-130-95-83-18-55-109-29-0-35-143-159-106-124-128-62-34-189-15-145-195-168-139-182-61-36-177-122-107-40-63-135-175-78-170-28-20-148-47-94-66-179-21-5-80-190-31-54-73-25-134-188-169-132-111-81-113-176-183-140-152-184-155-3-70-6-147-178-10-133-90-191-51-121-131-38-1-117-193-141-187-163-153-104"
124,59298,100,31626,90924,269,"87-82-170-152-140-28-20-148-183-55-18-62-124-106-128-185-86-176-113-163-143-13-126-195-29-0-109-35-34-95-130-179-166-153-97-77-81-111-56-144-160-33-138-182-134-43-139-11-168-145-15-161-70-3-155-189-132-71-191-90-125-51-98-118-121-73-31-54-117-193-136-5-36-141-91-61-177-25-131-135-1-198-45-78-175-80-190-27-38-63-40-107-122-147-6-188-169-104-8-21"
125,55969,100,29217,85186,277,"143-159-187-146-97-141-77-81-153-163-103-113-194-176-35-109-0-29-49-139-74-51-90-191-147-6-13-132-169-188-10-133-107-40-63-135-131-121-118-134-43-195-70-3-155-152-140-20-60-148-47-94-99-130-183-170-189-15-145-168-11-138-182-25-73-31-117-198-54-177-61-36-5-136-193-190-80-175-21-82-111-8-104-144-33-160-12-128-86-166-179-185-95-83-18-55-34-62-124-106"
126,64020,100,36241,100261,250,"78-175-80-190-136-45-5-177-36-61-21-138-134-51-98-118-74-33-143-124-106-159-77-141-91-87-82-8-104-125-90-122-63-135-1-193-31-25-176-113-103-163-153-81-56-144-183-140-149-28-20-148-94-179-185-130-95-35-0-12-29-160-49-188-169-132-13-145-15-3-155-189-109-111-41-62-18-55-170-152-70-6-147-191-131-117-54-121-182-11-139-43-168-195-34-128-86-166-194-187"
127,67939,100,41960,109899,316,"13-132-169-188-6-147-51-98-118-182-104-81-153-187-97-77-82-111-35-109-0-29-139-11-49-160-143-159-106-124-86-185-179-94-47-148-20-28-140-152-122-63-135-131-112-163-89-141-36-78-142-5-177-62-18-55-34-189-195-168-176-113-114-127-165-175-80-190-136-73-31-193-117-54-145-15-133-107-40-70-3-155-183-166-194-103-91-79-61-21-8-144-33-138-25-121-90-191-71-134"
128,61467,100,36284,97751,293,"130-95-33-138-121-1-38-63-135-131-98-51-125-122-133-10-178-90-191-147-6-134-118-73-136-190-80-175-141-153-176-194-113-103-187-97-77-81-18-55-34-3-70-188-169-132-15-155-184-189-145-13-195-168-43-139-11-183-47-94-66-179-185-62-35-109-152-140-28-20-60-148-111-104-25-54-117-193-31-5-177-36-61-21-8-144-160-29-0-86-166-114-127-89-163-143-106-124-128-99"
129,63346,100,39227,102573,250,"132-13-195-145-15-155-152-4-149-148-47-94-60-20-28-140-183-170-169-147-10-133-122-107-40-63-190-80-175-141-77-86-185-95-29-33-138-182-25-73-151-131-51-134-43-130-99-22-179-166-194-113-176-168-188-6-121-54-31-193-117-198-1-135-90-139-11-104-56-160-35-143-163-103-89-127-187-153-81-111-82-21-8-144-0-109-62-124-106-61-36-78-5-177-18-55-34-189-3-70"
130,68278,100,42394,110672,208,"179-166-114-103-86-95-183-199-28-149-4-70-188-6-98-118-74-139-18-83-62-144-31-193-190-80-5-111-143-106-176-113-194-128-170-189-43-134-147-133-122-135-131-121-104-81-153-163-89-127-137-165-187-77-141-78-175-142-177-34-174-140-152-155-3-195-168-11-138-25-73-54-117-90-51-169-132-13-33-160-29-0-109-145-15-20-60-148-55-35-8-21-36-61-82-124-185-47-94-66"
131,58269,100,33437,91706,314,"163-153-143-35-109-0-29-69-189-15-3-70-188-6-51-121-117-193-31-54-73-136-61-91-77-81-41-111-144-104-177-5-78-175-45-80-190-198-27-38-1-36-141-187-165-127-89-160-33-11-139-133-40-107-90-138-8-82-21-25-112-131-135-102-63-122-147-169-168-195-13-145-155-152-140-183-47-94-179-166-194-180-176-106-124-62-18-55-95-130-185-99-148-60-20-28-86-113-114-103"
132,63198,100,37709,100907,332,"135-63-122-131-121-33-160-144-8-21-61-36-104-138-182-98-191-178-10-90-51-139-11-29-12-0-168-195-13-132-147-40-107-133-62-86-185-99-130-95-177-80-190-35-20-60-148-47-94-66-179-166-194-77-141-187-163-113-176-153-81-82-111-159-106-124-143-109-145-15-155-152-149-28-140-183-55-18-34-189-3-70-169-188-6-134-74-118-25-5-78-175-45-136-73-54-31-193-117-1"
133,62094,100,35197,97291,348,"160-33-138-131-135-122-90-191-51-147-6-70-3-15-155-184-4-149-28-20-148-47-152-145-13-195-34-95-130-99-22-62-109-29-0-35-18-55-140-183-83-128-86-194-176-180-163-153-77-21-121-112-177-91-61-36-193-117-198-156-1-38-63-133-10-104-143-124-106-113-103-89-127-114-166-172-179-185-111-8-5-78-175-136-73-54-31-190-80-25-182-11-139-43-85-134-188-169-132-168"
134,63290,100,38444,101734,384,"190-80-141-187-127-194-166-176-180-113-103-89-163-153-106-62-18-55-34-183-140-152-155-189-109-35-0-29-11-139-43-169-132-13-195-168-182-25-151-198-156-1-16-27-38-131-121-138-33-160-143-124-95-185-179-86-77-175-78-5-177-8-111-144-104-73-31-193-117-54-21-82-91-61-36-107-40-63-135-125-51-70-3-28-20-148-47-94-145-147-10-133-122-90-191-6-188-134-118-136"
135,60544,100,34670,95214,307,"61-36-5-142-78-175-162-45-177-187-127-137-114-166-179-94-47-152-70-107-40-63-121-29-109-69-189-13-132-169-188-6-147-191-90-71-134-139-11-33-49-168-195-124-62-18-55-34-155-3-15-145-160-56-104-8-82-21-25-54-31-73-80-190-193-117-1-38-135-122-125-51-182-138-144-111-0-35-183-140-28-20-148-185-86-194-113-26-103-89-163-153-97-77-81-143-106-176-180-141"
136,60057,100,35004,95061,287,"160-168-145-15-3-155-34-55-18-62-143-159-106-124-128-95-86-194-113-103-163-89-165-127-137-114-166-94-148-20-28-140-35-54-31-193-117-198-135-133-10-178-147-188-70-152-183-130-185-176-153-81-77-97-141-138-182-121-131-122-90-6-169-132-13-195-109-0-29-134-1-27-38-63-40-107-51-118-21-87-82-8-111-144-104-177-136-190-80-45-61-91-36-175-78-5-25-139-11-33"
137,63996,100,38716,102712,270,"198-156-1-27-38-131-121-112-54-164-73-177-127-89-152-155-3-70-13-132-169-188-6-134-147-90-51-118-139-109-183-148-94-179-185-128-124-35-168-195-145-15-189-34-55-18-62-194-166-86-95-20-28-149-140-81-91-36-61-8-144-0-29-104-5-80-190-193-117-31-136-175-78-45-135-63-40-122-25-141-187-146-97-77-21-82-111-143-106-176-180-113-103-163-153-160-33-11-138-182"
138,63823,100,37606,101429,318,"188-6-43-138-21-82-111-143-106-176-194-166-94-47-148-20-140-183-152-11-182-158-121-131-122-133-147-155-95-130-99-185-86-35-160-33-144-104-8-81-180-113-114-137-141-61-36-177-5-190-80-175-78-55-18-62-128-26-103-127-89-163-195-13-132-169-77-97-187-153-124-34-170-184-189-109-0-29-134-85-74-118-51-191-90-135-63-1-117-193-31-54-73-25-139-168-145-15-3-70"
139,64693,100,37349,102042,415,"130-185-166-176-11-122-135-131-89-127-137-165-187-141-80-190-21-82-104-138-182-51-191-90-133-10-178-115-147-134-139-29-0-109-143-124-62-83-18-55-183-174-34-35-111-8-144-33-160-106-128-86-179-94-47-148-20-28-149-140-152-15-145-13-195-168-5-142-175-78-36-61-153-113-103-163-77-177-73-54-31-193-117-198-121-118-74-25-158-19-112-6-188-169-132-70-3-155-170-95"
140,61785,100,36069,97854,383,"159-138-182-74-118-121-158-25-104-144-35-109-0-29-49-33-160-111-81-153-89-127-187-36-78-175-142-45-80-190-193-198-117-97-163-103-113-176-166-86-95-183-140-152-189-11-139-134-147-6-188-169-70-155-4-149-28-20-148-47-94-66-179-185-55-3-15-195-168-8-77-141-91-61-5-136-73-31-54-131-122-135-63-38-27-1-177-21-82-143-62-18-34-51-90-132-13-145-124-106"
141,65613,100,39498,105111,232,"179-94-148-20-28-149-4-155-3-70-90-135-63-38-131-29-109-0-144-56-8-81-153-163-187-141-175-80-190-45-142-78-82-143-62-18-195-168-182-25-158-121-112-177-21-104-160-33-11-139-134-188-169-13-145-189-183-140-152-15-132-6-147-178-10-133-40-107-122-51-118-138-176-166-86-106-124-128-99-130-95-55-34-35-111-61-36-5-193-117-198-156-24-1-54-31-77-103-113-185"
142,59466,100,33755,93221,238,"152-170-34-29-11-139-131-1-135-63-122-133-10-90-147-70-3-15-189-95-176-180-106-124-128-86-166-194-114-113-160-33-138-182-104-56-144-12-0-109-35-41-77-97-141-61-36-5-31-54-177-187-127-89-103-163-153-81-111-8-21-87-82-143-62-18-55-183-140-4-149-28-20-148-47-94-179-185-130-25-73-136-190-80-175-78-193-117-121-51-134-168-6-188-169-132-13-195-145-155"
143,64838,100,40397,105235,227,"8-104-182-118-51-125-135-131-121-177-141-77-187-163-153-81-35-0-109-34-183-140-152-15-145-195-168-169-188-6-134-139-21-91-61-36-5-73-31-193-117-54-11-28-20-148-47-175-80-190-136-90-191-10-133-63-38-27-1-198-138-33-95-130-99-179-185-86-128-143-29-160-144-111-166-194-113-114-137-127-89-103-176-106-124-62-18-55-170-155-3-70-132-147-40-107-122-25-87-82"
144,61250,100,36167,97417,297,"194-166-47-148-60-20-140-183-170-34-55-18-95-130-185-86-141-80-190-175-36-61-177-5-136-31-73-21-82-77-113-176-128-62-35-0-12-160-11-139-169-188-6-147-135-32-100-107-40-63-1-198-117-193-54-151-131-122-133-10-90-121-51-134-145-152-28-149-15-13-132-70-3-155-99-179-172-66-94-189-195-168-29-109-124-106-143-144-33-138-182-104-8-111-81-153-163-89-127-103"
145,62748,100,35377,98125,425,"40-107-133-10-178-90-122-135-38-27-16-1-152-20-28-149-155-3-15-145-134-51-191-71-188-70-148-47-94-18-21-5-78-175-36-61-141-77-153-194-166-86-185-99-130-95-183-140-55-34-109-158-112-54-117-193-31-73-104-144-8-177-123-25-118-98-147-6-169-132-13-195-168-139-11-49-160-29-0-35-143-159-106-124-62-176-180-113-103-127-89-163-81-111-33-138-182-121-131-63"
146,62707,100,35554,98261,271,"144-111-159-128-95-130-99-185-55-34-170-109-35-143-106-124-62-18-0-29-160-33-138-177-78-175-21-82-8-11-168-195-13-139-182-136-80-190-1-135-63-40-107-122-163-113-176-194-166-172-179-183-152-189-15-145-132-169-188-6-147-71-191-90-38-27-131-125-51-98-74-118-116-121-112-198-117-193-5-36-61-141-77-81-153-86-94-148-20-140-155-3-70-134-54-31-164-73-25-104"
147,63272,100,37528,100800,239,"1-90-147-188-155-28-20-60-148-47-94-179-185-95-55-145-195-168-134-51-125-131-117-73-45-142-175-78-5-36-61-21-104-138-182-121-135-63-122-191-71-6-169-132-15-189-18-86-166-194-176-113-103-163-153-177-25-118-74-70-3-13-54-31-193-190-80-141-77-81-128-183-140-152-170-34-111-82-8-144-0-35-109-29-139-11-33-160-143-106-124-62-43-10-133-38-27-16-156-198"
148,59471,100,33285,92756,271,"15-3-70-161-13-126-134-98-51-90-131-1-156-198-117-193-31-25-182-138-177-21-82-8-104-144-160-33-139-74-118-121-54-164-73-0-109-34-55-95-185-99-130-183-170-155-189-35-111-77-141-36-175-80-190-5-61-86-66-94-148-28-149-140-18-62-124-106-143-159-81-153-163-89-127-103-113-176-194-166-179-47-60-20-152-132-169-135-63-122-147-6-188-168-43-11-49-29-195-145"
149,62541,100,36762,99303,247,"20-179-185-130-183-140-152-15-70-3-155-184-189-56-104-21-5-45-136-31-73-173-25-111-86-94-47-148-99-95-35-29-49-33-138-11-139-168-195-6-147-191-125-51-177-36-61-91-141-77-81-153-143-106-124-62-18-55-34-145-169-188-134-121-54-193-117-1-131-90-133-122-63-27-38-135-132-13-176-166-194-113-103-163-187-78-175-80-190-142-82-8-144-160-0-109-170-4-149-28"
150,65754,100,39380,105134,206,"63-135-1-198-117-193-112-121-131-191-6-188-169-132-70-3-95-185-86-176-21-80-190-177-82-159-143-62-18-55-34-124-106-128-183-20-148-94-166-194-113-103-35-0-109-13-147-40-107-133-134-139-11-182-25-54-31-104-8-153-163-165-127-89-15-145-144-111-81-77-97-141-91-61-36-45-73-164-136-175-78-142-5-138-168-195-189-170-140-152-184-155-29-49-160-33-118-51-90-122"
151,66095,100,40946,107041,392,"122-178-10-133-107-40-63-90-170-183-140-20-28-152-25-198-117-31-73-81-163-103-113-166-179-185-130-95-34-189-3-70-51-54-193-190-80-175-5-177-8-104-56-33-49-145-15-155-60-148-47-94-99-188-6-147-134-43-106-176-180-194-86-62-124-35-0-29-11-139-195-13-132-169-168-160-144-12-109-55-18-143-82-21-61-36-91-141-77-153-187-165-127-89-111-138-182-121-131-135"
152,68602,100,41606,110208,375,"153-107-40-63-135-122-182-138-49-0-35-111-8-144-160-39-29-189-184-170-34-55-18-62-142-78-175-80-190-31-73-109-174-183-140-152-155-3-188-147-10-133-6-169-132-176-194-86-185-95-134-90-131-121-25-177-36-61-21-118-51-98-74-139-124-106-143-54-117-193-5-91-141-97-77-81-82-104-33-11-168-195-13-145-15-161-70-4-149-28-20-148-47-94-66-179-172-166-113-163"
153,60818,100,35862,96680,263,"124-143-35-160-25-190-80-45-5-177-104-144-0-109-176-89-103-113-194-166-86-95-183-140-34-29-33-138-182-118-121-131-122-63-135-1-198-117-82-185-179-94-47-148-20-28-152-155-3-70-188-6-147-10-133-90-191-51-134-43-168-195-13-169-132-145-15-55-18-62-111-8-173-54-31-73-142-78-175-136-193-156-16-27-38-139-11-163-127-165-187-141-91-36-61-21-77-81-153-106"
154,63342,100,38119,101461,245,"63-100-40-107-90-191-51-118-138-104-8-61-91-141-187-165-127-114-103-113-188-6-134-125-131-198-117-54-31-73-177-21-82-111-41-159-143-106-166-194-176-36-5-78-175-136-193-156-27-38-16-1-121-25-182-139-43-195-168-11-33-86-179-94-47-148-20-140-55-18-62-124-81-77-153-89-163-145-3-70-169-132-13-29-0-109-35-34-95-185-183-152-155-147-10-133-122-190-80-135"
155,64094,100,38711,102805,238,"132-70-3-15-189-34-128-176-180-166-194-113-153-81-11-139-134-121-131-198-117-54-31-177-179-94-148-20-28-55-5-78-175-36-103-26-106-159-111-144-160-33-138-25-136-80-190-193-1-38-63-40-107-133-147-6-168-195-18-62-124-143-35-109-0-29-8-82-21-61-91-141-187-165-127-89-163-77-104-182-74-118-98-51-125-135-122-90-191-188-169-155-152-140-183-185-86-95-145-13"
156,60764,100,34625,95389,248,"10-147-6-188-13-195-160-33-118-51-125-90-131-121-25-104-153-163-113-194-176-35-109-0-111-81-77-97-141-36-78-175-80-190-45-5-177-21-61-91-166-86-95-130-183-152-170-184-155-4-149-28-20-140-55-34-11-139-168-145-3-70-132-169-134-74-182-138-29-18-185-179-94-47-148-62-124-106-103-89-127-187-82-8-54-31-193-117-1-135-133-178-71-67-120-191-122-63-40-107"
157,64051,100,38296,102347,309,"18-62-143-81-77-82-8-104-21-36-7-78-175-142-45-136-193-31-73-5-177-25-138-29-34-140-183-86-194-176-180-153-91-61-141-187-163-89-127-103-113-166-47-148-20-28-152-155-132-169-134-118-51-121-131-1-156-198-117-54-111-106-185-179-172-66-94-0-160-33-11-195-13-168-139-74-90-191-6-188-70-3-15-145-109-35-95-130-99-22-128-124-80-190-135-63-122-147-189-55"
158,64496,100,38076,102572,209,"135-25-21-87-91-141-153-62-183-28-140-55-18-34-152-170-0-144-56-8-104-138-182-74-118-121-1-156-198-117-193-31-73-5-177-157-160-29-189-155-3-70-15-145-124-176-113-194-166-185-130-95-13-195-168-109-35-103-127-89-163-111-33-139-134-98-51-136-190-80-175-36-61-82-11-43-169-188-6-147-191-90-131-54-45-142-78-77-81-143-106-86-179-94-47-148-20-132-122-63"
159,63463,100,37229,100692,270,"89-163-35-109-145-15-155-130-185-166-176-113-103-187-141-36-142-5-177-139-168-195-13-134-98-51-191-90-10-133-122-131-121-118-74-11-29-0-124-128-86-95-62-18-55-34-170-183-47-148-20-140-152-3-70-188-135-63-38-27-193-190-80-175-78-61-79-91-21-87-104-138-182-54-31-73-136-25-160-143-106-81-111-117-198-1-40-107-147-6-169-132-49-33-144-8-82-77-153-127"
160,60086,100,35145,95231,238,"182-21-61-36-141-187-89-127-114-180-176-128-18-55-149-28-140-62-124-11-139-134-118-51-121-112-19-131-40-107-133-147-188-195-168-33-160-109-34-183-20-60-94-47-148-152-155-145-13-132-169-70-3-35-81-77-82-5-190-80-175-78-177-104-8-111-143-106-153-163-103-113-88-194-166-86-185-172-179-22-99-130-95-25-54-31-193-117-1-38-63-135-122-90-6-29-0-12-144-138"
161,69042,100,42736,111778,271,"169-132-126-168-43-134-191-90-122-54-164-73-61-77-163-89-187-141-36-175-78-104-56-144-18-130-95-62-143-21-80-190-156-1-131-121-182-138-33-29-109-35-0-25-31-193-117-198-51-120-71-188-70-155-28-20-148-94-166-153-81-111-160-195-145-152-140-183-8-177-5-142-45-139-13-15-3-189-185-179-86-128-124-106-176-103-113-194-55-34-11-118-135-63-100-40-107-133-147-6"
162,63327,100,38416,101743,272,"20-148-185-95-62-43-134-90-191-147-6-188-169-51-131-1-27-38-63-135-156-198-117-54-139-11-138-5-175-78-189-184-152-170-35-144-56-104-160-33-25-73-31-193-190-80-45-36-61-21-143-176-113-194-166-86-179-94-47-183-13-132-126-168-195-145-34-18-55-155-3-70-15-29-109-0-111-77-97-141-91-177-121-122-107-40-133-182-8-82-81-153-163-89-127-103-106-124-140-28"
163,63293,100,36984,100277,204,"47-94-66-179-172-166-194-176-25-73-31-54-19-112-121-118-134-132-169-188-10-133-51-74-139-143-159-106-124-86-185-95-183-152-155-3-70-145-195-168-6-147-38-27-1-198-117-193-131-125-191-90-122-135-32-102-63-40-107-100-36-61-141-187-103-113-163-153-111-160-33-5-78-177-104-144-35-18-34-109-0-29-8-21-175-80-190-136-182-11-138-82-77-97-81-62-140-20-60-148"
164,67681,100,42765,110446,277,"198-1-27-38-63-135-122-90-191-132-15-189-62-128-95-185-86-194-166-179-20-28-140-177-5-36-61-141-187-113-94-47-148-183-13-178-133-10-147-70-3-155-55-18-124-153-77-78-175-31-54-117-131-121-104-111-35-29-107-40-100-51-118-74-85-134-43-195-145-106-176-103-127-89-163-11-139-6-188-169-168-144-8-21-82-143-34-152-170-109-0-160-33-138-182-25-136-80-190-193"
165,60103,100,35347,95450,256,"95-130-99-94-66-179-166-114-137-187-97-141-91-77-153-113-194-180-176-106-143-159-82-177-5-73-131-135-122-107-40-63-1-117-193-80-190-31-54-25-138-34-55-35-160-33-49-29-109-0-8-21-61-36-78-175-121-90-133-10-147-6-188-169-139-11-104-56-144-62-18-183-140-152-145-134-118-74-182-111-81-163-89-127-103-124-168-195-13-132-70-3-15-155-28-20-148-47-185-86"
166,63767,100,37566,101333,248,"106-159-143-35-0-109-18-83-62-128-176-86-185-95-55-6-147-90-133-122-135-63-38-1-117-31-54-121-134-132-70-3-15-189-89-127-103-26-13-169-188-51-193-190-80-175-36-61-91-165-137-187-141-177-5-25-33-170-152-140-183-174-29-49-11-139-182-138-104-21-87-8-56-160-144-82-77-81-34-184-155-145-195-168-111-41-153-163-113-194-166-179-94-47-60-20-148-99-130-124"
167,59249,100,33486,92735,367,"28-183-124-106-143-0-29-195-13-132-145-15-70-3-152-20-148-47-94-185-77-91-61-141-187-153-81-41-111-82-8-104-56-144-160-33-138-1-156-190-80-136-182-139-112-198-117-193-31-54-73-45-142-175-78-5-177-36-21-168-169-188-6-147-134-74-118-98-25-158-121-131-107-40-63-135-122-90-51-11-163-165-127-89-103-113-176-194-166-86-95-55-34-155-189-109-35-62-18-140"
168,61410,100,35864,97274,362,"28-60-47-166-194-176-180-143-159-153-163-113-148-20-183-55-18-62-35-160-33-182-25-131-135-63-122-133-10-90-51-121-54-31-193-117-147-6-70-3-155-184-152-170-34-109-0-29-145-13-195-168-43-134-139-11-144-111-77-187-165-127-89-103-66-94-177-5-45-136-190-80-175-78-141-97-86-179-185-95-128-124-106-81-82-91-36-61-21-87-8-56-104-138-188-169-132-15-140-149"
169,60878,100,33671,94549,316,"18-83-62-33-138-182-25-177-36-61-49-168-195-145-15-70-3-155-152-170-189-139-112-19-21-87-77-81-153-159-35-0-29-11-74-118-73-31-54-117-193-190-80-45-142-175-78-5-121-125-90-147-6-188-169-132-13-134-122-63-135-131-51-140-183-66-94-47-148-20-95-185-179-103-127-89-163-187-97-141-91-82-8-111-143-106-176-113-194-166-86-128-124-144-56-104-160-109-34-55"
170,60205,100,33467,93672,261,"152-95-130-185-86-166-179-94-47-148-99-111-8-82-87-21-61-36-5-78-175-80-190-25-182-11-139-74-191-90-10-133-122-177-91-141-77-153-163-89-103-113-194-176-180-35-13-195-168-160-144-104-33-138-125-135-63-38-27-134-169-188-6-147-71-51-98-118-121-131-1-198-117-193-164-73-31-54-132-70-3-28-20-140-183-55-83-62-143-159-106-124-18-34-109-0-29-145-15-155"
171,61674,100,36225,97899,240,"3-70-161-188-169-168-11-61-91-143-183-140-20-28-152-189-74-118-98-51-90-121-158-25-21-77-97-141-36-175-193-31-54-5-177-81-176-166-185-99-130-95-62-124-106-128-86-22-148-60-47-94-179-194-113-114-137-127-89-103-163-153-139-134-133-122-131-117-190-80-198-1-135-63-147-6-34-18-55-170-155-132-13-195-29-109-35-0-33-138-182-104-8-82-111-56-144-160-145-15"
172,65596,100,40287,105883,218,"134-118-74-182-11-139-168-195-145-70-132-13-78-175-142-135-63-40-107-36-61-91-141-81-159-143-124-106-176-194-86-95-55-15-3-155-183-94-47-148-20-28-140-185-166-114-127-89-163-153-82-8-56-144-160-0-109-35-34-152-170-29-138-121-131-122-90-111-180-113-103-165-187-97-77-21-177-5-45-73-31-25-33-18-62-104-54-117-1-198-193-190-80-162-136-51-147-6-188-169"
173,64379,100,37941,102320,276,"95-99-94-47-148-20-28-149-140-152-184-145-132-169-38-27-16-1-131-18-83-62-124-143-35-109-0-12-29-11-139-168-13-195-49-33-160-104-56-144-111-159-106-128-55-34-189-15-3-155-170-86-176-103-89-163-134-74-121-190-80-175-5-177-25-182-138-8-81-153-187-165-127-113-194-166-179-185-183-70-188-6-147-122-63-135-90-51-118-21-82-77-97-141-36-193-117-54-31-73"
174,66813,100,40880,107693,280,"81-111-160-33-138-182-11-152-199-20-28-70-132-13-145-124-176-113-194-166-179-94-47-148-99-185-103-163-153-78-175-45-25-134-188-169-126-168-195-15-3-155-34-143-159-91-61-36-141-62-183-140-149-4-55-18-35-144-56-8-104-121-131-135-107-40-63-1-190-80-162-136-164-31-54-73-5-177-0-109-29-139-51-191-90-122-133-147-6-95-130-86-106-151-198-117-193-21-82-77"
175,57973,100,33395,91368,375,"155-28-20-148-47-94-179-185-130-95-55-18-62-35-0-29-145-132-6-147-135-122-133-10-188-169-109-143-113-26-103-127-165-89-163-106-124-34-152-140-183-86-176-153-81-111-160-144-8-82-87-21-104-33-195-13-168-139-11-25-198-117-193-54-31-164-73-5-45-80-190-136-121-107-40-63-38-1-131-125-90-191-51-182-138-177-78-175-36-61-91-141-77-187-114-194-166-15-70-3"
176,64114,100,39266,103380,293,"40-107-147-145-15-155-124-143-35-144-56-104-8-77-97-91-61-21-33-160-0-109-29-11-25-190-80-175-163-89-103-3-70-132-13-195-168-169-188-122-135-38-1-156-198-131-90-191-51-138-81-153-113-176-128-62-18-149-28-20-60-94-47-148-183-34-139-121-54-31-73-45-78-36-141-187-127-114-194-166-86-55-170-152-140-99-179-185-95-106-111-68-82-87-177-5-136-193-117-63"
177,60716,100,34898,95614,271,"51-191-90-125-121-136-45-175-78-25-182-188-169-132-70-3-155-152-20-148-47-94-109-29-49-138-33-160-144-0-35-34-55-18-62-124-106-89-127-194-166-86-185-95-183-140-28-149-4-15-145-13-195-168-131-38-27-16-156-1-102-63-32-135-176-113-103-163-153-81-73-54-31-193-117-122-107-40-133-147-6-134-43-139-11-111-77-141-91-61-36-80-190-5-177-21-82-8-104-118"
178,61039,100,34453,95492,274,"145-183-66-94-47-148-140-152-184-155-170-34-109-0-35-143-106-124-128-176-113-103-163-177-5-190-80-162-175-78-142-156-1-131-112-121-118-139-11-33-56-8-68-111-81-153-187-97-77-141-82-144-160-138-182-134-147-6-188-169-70-3-15-62-86-194-166-179-185-95-130-20-28-55-18-29-31-193-136-45-36-61-21-87-104-51-90-122-40-63-102-135-198-117-54-73-25-168-195-13"
179,64451,100,36918,101369,293,"142-136-73-54-31-193-117-198-25-104-56-8-82-77-81-111-168-195-13-70-3-15-128-86-166-194-176-113-103-89-163-187-141-175-80-190-45-177-189-155-184-170-152-4-149-140-83-106-153-97-91-36-61-21-144-35-55-183-20-28-169-132-145-34-18-62-143-160-33-138-182-191-90-51-118-139-11-49-29-12-0-109-95-130-148-60-47-94-185-124-121-131-135-122-147-6-134-74-5-78"
180,62926,100,38241,101167,365,"138-182-147-133-122-63-135-90-51-104-8-61-36-177-5-45-136-1-27-38-131-168-152-140-47-94-66-179-185-82-21-91-141-187-137-114-194-166-86-155-132-169-188-70-3-15-145-195-29-0-109-35-170-28-20-60-148-9-183-18-62-159-81-77-175-80-190-193-117-198-11-34-55-130-95-128-124-143-106-176-113-103-127-89-163-153-111-139-43-134-118-121-54-31-73-25-144-160-33-49"
181,69815,100,43302,113117,335,"3-70-15-145-29-109-18-55-148-60-20-28-152-155-188-169-132-13-95-99-47-94-179-185-86-166-159-51-90-191-147-134-139-11-8-82-21-112-121-182-138-49-33-5-78-175-141-187-176-194-113-103-127-89-163-74-118-98-158-25-160-12-0-35-111-61-36-104-56-144-168-195-189-170-140-183-174-34-54-31-193-73-177-81-153-77-80-190-117-1-38-63-135-122-6-62-128-124-106-143"
182,60249,100,34940,95189,266,"18-34-35-109-0-29-160-136-190-80-175-78-5-177-21-8-82-77-81-153-163-179-94-47-148-60-20-28-121-31-117-1-131-90-191-122-135-63-40-107-133-188-155-152-183-140-4-149-99-185-130-95-62-128-86-166-194-103-89-127-187-141-36-61-104-139-6-192-147-71-51-33-144-111-143-106-113-176-124-145-13-132-15-3-70-169-134-74-118-158-25-182-138-11-168-195-189-184-170-55"
183,61313,100,35767,97080,270,"27-38-63-135-122-133-10-112-45-175-78-5-177-8-111-124-86-185-179-94-47-99-130-95-155-15-145-11-139-132-169-188-6-182-138-33-160-0-35-106-176-113-194-166-148-20-199-140-183-170-152-149-28-55-34-109-29-25-31-193-117-151-121-51-71-147-191-90-131-54-73-141-187-127-89-163-153-81-77-61-36-80-190-136-118-74-134-168-195-13-70-3-18-62-143-82-21-198-156-1"
184,58482,100,32580,91062,264,"95-86-166-194-113-180-176-143-35-0-29-11-33-160-144-56-104-136-190-80-175-36-61-141-81-106-124-128-103-127-89-163-153-109-195-13-132-15-155-184-152-140-183-83-62-18-55-34-189-3-70-169-188-6-147-122-63-135-90-134-85-74-118-51-131-1-117-193-31-54-121-8-111-185-99-130-170-145-168-138-25-177-5-142-78-21-82-77-97-187-137-114-179-66-94-47-148-20-28-199"
185,60497,100,34197,94694,270,"146-187-163-103-113-194-52-172-179-22-166-114-137-127-89-180-176-86-185-130-95-18-55-145-6-147-134-138-33-104-56-144-29-155-184-152-34-35-160-182-118-51-121-136-190-80-175-78-91-141-97-77-81-111-41-159-106-99-94-47-148-20-140-183-62-124-143-82-21-61-36-5-54-1-38-131-139-11-168-195-132-169-188-70-3-15-109-0-8-177-73-31-193-117-198-135-63-122-90-153"
186,62090,100,36936,99026,251,"103-127-187-146-153-81-97-77-82-8-25-135-63-122-134-139-143-159-111-33-11-74-98-118-182-138-104-144-160-109-170-152-140-183-55-18-35-0-29-168-147-40-107-90-191-51-121-45-78-175-136-1-16-38-27-198-117-54-31-73-5-177-21-106-124-86-185-130-95-145-13-132-169-188-6-131-193-190-80-36-141-163-113-194-166-179-66-94-47-148-60-20-28-155-3-70-15-34-62-176"
187,61893,100,35657,97550,366,"70-15-145-109-0-35-143-124-106-153-81-77-141-82-21-61-36-193-117-1-135-63-100-40-107-72-122-133-10-132-13-126-138-104-8-111-176-113-103-127-89-163-62-18-55-34-189-3-155-152-140-183-95-86-166-194-51-90-125-121-112-19-54-31-25-28-20-148-47-94-179-185-128-29-11-74-118-134-6-147-191-131-73-136-190-80-175-5-177-182-139-169-65-188-43-33-144-160-168-195"
188,61324,100,35917,97241,258,"111-82-81-77-61-36-175-78-5-153-163-180-176-113-103-127-114-185-95-35-0-109-34-140-183-55-18-62-124-128-86-166-194-106-143-145-132-169-188-10-133-178-147-6-134-139-21-91-141-97-187-89-179-94-47-148-20-28-152-177-73-31-54-117-135-63-40-107-122-121-25-104-8-144-160-33-49-11-138-182-74-118-51-191-90-131-193-190-80-168-195-13-161-70-155-184-189-3-15-29"
189,68615,100,41555,110170,213,"165-127-89-104-25-121-131-135-122-90-191-134-43-103-113-124-3-15-169-188-6-147-133-10-70-20-148-47-94-95-55-34-13-132-51-125-1-156-198-117-189-152-140-183-83-18-160-33-138-182-123-5-142-175-78-177-8-143-62-28-149-155-145-195-168-35-159-106-176-194-166-185-86-163-153-81-111-144-56-87-21-61-36-45-80-190-193-31-54-139-11-29-109-0-82-91-141-77-97-187"
190,65422,100,41107,106529,238,"177-104-138-51-191-178-10-147-11-33-160-144-111-143-106-35-0-133-107-40-63-1-198-117-193-31-54-73-25-56-8-21-45-190-80-61-165-127-89-103-166-179-94-47-148-60-20-28-140-152-155-70-132-169-134-118-74-182-139-168-195-55-18-62-86-185-99-130-95-183-109-121-131-90-6-188-13-29-81-153-124-34-3-15-145-122-135-82-77-163-176-194-113-187-141-36-78-175-142-5"
191,66114,100,41167,107281,224,"194-113-103-163-153-81-169-188-6-134-85-147-10-133-122-90-145-189-155-55-18-95-185-179-86-111-177-45-190-80-175-78-104-56-144-160-33-11-139-43-132-13-195-168-8-82-21-61-91-77-141-36-5-193-117-198-156-1-131-143-106-124-128-176-127-89-51-107-40-63-135-70-3-15-109-0-35-34-170-149-4-152-118-121-54-31-25-182-138-29-62-99-94-47-148-20-28-140-183-166"
192,67355,100,40267,107622,294,"81-106-124-189-15-90-131-198-117-193-31-54-121-51-169-132-3-70-161-188-6-147-10-133-95-185-86-103-89-163-153-82-21-61-36-175-78-177-8-183-140-155-122-135-63-38-1-45-5-25-118-74-134-145-55-18-83-62-128-143-111-104-182-138-29-109-184-53-152-170-176-180-113-194-166-94-148-20-28-149-4-34-35-0-144-160-33-11-168-195-13-43-139-73-164-136-190-80-141-77"
193,63746,100,38333,102079,414,"144-34-55-18-62-159-81-77-82-8-104-138-182-139-11-33-160-29-0-35-143-106-124-128-86-166-194-113-180-176-111-21-5-45-136-193-117-198-1-90-125-51-121-54-31-73-25-109-95-130-185-179-163-153-141-91-61-112-131-135-102-63-122-191-134-188-6-147-10-133-107-40-190-80-155-152-140-20-60-47-148-183-145-13-132-169-168-195-161-70-3-15-103-89-127-187-36-175-78-177"
194,58700,100,33474,92174,285,"60-148-47-94-179-166-194-176-86-185-95-124-143-35-109-0-29-11-139-51-191-90-121-25-5-136-193-42-156-198-117-31-164-190-80-182-138-49-33-160-144-111-82-8-104-168-195-13-132-184-152-140-183-34-55-18-83-62-153-77-141-21-122-135-131-54-73-45-142-175-78-36-61-177-1-27-38-63-40-107-147-188-169-113-114-127-89-103-163-106-189-145-15-161-70-3-155-149-28-20"
195,69036,100,43922,112958,267,"122-90-51-98-118-182-138-111-180-113-163-153-81-77-141-78-142-45-136-193-135-63-38-190-80-175-66-94-47-95-177-5-36-61-21-8-145-15-132-169-188-70-155-152-170-103-89-127-187-97-82-11-139-168-13-195-49-160-144-56-104-117-1-131-121-148-60-20-28-140-183-55-18-62-176-194-166-86-128-124-106-143-35-0-29-33-73-31-54-25-109-34-185-179-99-130-3-6-147-133"
196,68146,100,41398,109544,231,"133-152-183-47-94-66-179-78-175-142-104-140-149-28-20-148-130-62-138-182-85-134-6-188-70-155-170-95-185-113-103-163-82-87-21-8-56-29-109-55-18-86-166-194-176-111-144-11-139-51-191-90-121-5-36-61-77-81-153-159-143-106-124-34-189-3-15-145-195-168-43-74-118-25-177-91-141-187-127-89-35-0-160-33-73-54-31-193-117-198-156-1-135-122-13-132-169-147-40-107"
197,65397,100,38740,104137,246,"28-20-148-34-139-74-133-10-178-147-134-144-111-163-89-127-103-113-180-176-194-166-55-3-15-145-168-25-5-78-175-31-54-135-102-63-40-122-90-191-125-51-118-182-143-106-124-128-179-22-99-18-62-117-198-1-27-38-131-189-140-183-95-130-185-86-153-77-141-36-61-21-104-169-188-6-98-121-193-190-80-177-8-35-109-0-29-160-33-138-11-195-13-132-161-70-155-152-4-149"
198,63001,100,34510,97511,240,"51-121-117-193-80-190-73-164-31-54-177-104-56-144-8-78-175-142-5-21-87-39-29-49-11-139-138-111-77-97-141-91-198-1-135-90-18-95-130-86-62-124-106-159-143-34-184-155-3-70-132-169-188-6-147-134-182-25-173-136-45-36-61-82-160-33-145-15-189-4-149-28-9-99-185-166-179-66-94-154-47-55-170-152-183-140-20-60-148-194-176-113-163-153-35-0-109-168-195-13"
199,59143,100,33089,92232,286,"66-94-9-183-3-70-6-147-131-117-198-1-16-27-38-63-135-122-133-10-25-177-5-190-80-175-78-104-160-29-0-109-155-152-34-62-18-55-140-28-20-124-143-35-168-195-132-169-188-182-21-36-61-79-91-141-82-8-33-11-139-51-191-90-125-121-54-31-193-73-138-144-111-81-77-97-187-127-89-103-113-194-166-179-185-22-47-60-148-99-130-95-86-176-180-106-159-119-153-163"
200,64201,100,37962,102163,320,"91-106-124-143-5-45-80-190-136-25-139-168-195-13-132-169-188-6-147-133-122-135-90-70-3-34-18-55-152-184-155-109-35-86-185-22-66-94-60-20-140-183-73-31-193-198-1-117-54-177-21-8-104-138-11-33-160-144-111-81-77-97-146-187-163-89-127-103-194-166-179-47-148-99-130-95-128-62-142-175-78-141-153-113-180-176-182-158-112-121-51-134-43-145-15-29-0-82-61-36"
