SolutionID,TotalCost,NumNodes,TotalDistance,ObjectiveFunction,TotalRunningTime,Cycle
1,48144,100,20910,69054,322,"170-34-55-18-62-95-130-185-86-124-106-35-109-0-12-29-144-160-33-11-168-195-126-13-145-15-155-3-70-132-169-188-6-139-138-104-8-82-87-21-177-123-25-158-121-51-90-191-71-147-133-122-63-102-135-131-1-38-27-156-198-117-193-31-54-73-190-80-175-78-5-36-61-91-141-77-153-163-89-165-127-103-113-176-194-166-179-66-94-154-47-148-60-20-28-149-4-140-183-152"
2,46655,100,20861,67516,201,"54-117-198-156-1-16-27-38-131-121-51-90-122-135-102-63-40-107-133-10-147-6-188-169-132-13-195-168-145-15-70-3-155-152-183-140-149-28-20-60-148-47-94-66-99-22-179-166-86-185-130-95-55-34-18-62-128-124-106-176-180-194-113-103-163-89-127-165-187-146-153-97-141-77-81-111-35-109-0-29-160-49-11-139-182-138-33-144-104-8-177-5-142-78-175-80-190-193-31-73"
3,47197,100,19921,67118,201,"176-194-166-86-95-185-179-94-148-183-140-152-34-55-18-62-128-124-106-143-35-109-0-29-160-33-138-182-11-139-168-195-126-132-13-145-15-3-70-161-169-188-6-147-10-133-107-40-63-135-122-90-191-71-120-51-121-131-1-156-198-117-193-54-31-164-73-136-190-80-45-142-175-78-5-177-25-104-56-144-111-8-82-87-21-61-36-91-141-77-153-146-187-165-137-127-89-163-103-113"
4,48204,100,21214,69418,203,"77-141-61-36-177-104-56-8-82-111-144-160-33-138-182-11-139-134-118-121-112-54-73-136-5-78-175-80-190-193-31-117-198-156-1-38-135-32-102-63-40-107-100-122-133-10-90-191-51-147-6-188-169-168-195-145-3-155-152-170-189-29-0-109-35-143-106-124-128-62-83-18-55-34-183-140-28-20-148-47-94-66-179-22-99-130-95-185-86-166-194-176-180-113-103-127-89-163-153-81"
5,49073,100,21461,70534,198,"78-175-45-80-190-193-31-164-73-54-151-117-198-156-1-38-63-135-122-133-90-121-158-25-118-51-147-6-188-169-168-195-145-70-3-15-109-35-0-29-160-33-138-104-8-21-87-82-77-97-81-153-163-103-26-113-180-176-106-124-62-34-170-53-152-55-18-128-95-130-183-140-4-149-28-59-20-60-148-47-94-66-172-52-179-22-99-185-86-166-194-114-137-127-89-187-141-36-177-5"
6,48954,100,21594,70548,201,"55-18-62-124-106-143-35-0-109-189-155-3-70-161-15-145-13-132-169-195-168-139-11-138-182-51-191-90-125-131-122-135-63-102-38-27-1-156-198-117-193-31-54-73-190-80-136-112-121-158-25-177-104-33-160-29-144-56-8-21-61-36-141-82-111-81-77-97-153-187-165-163-103-89-127-137-114-113-180-176-194-166-86-95-130-99-185-179-94-47-148-20-28-149-4-199-140-183-152-34"
7,47183,100,21772,68955,240,"102-38-27-1-156-198-117-193-31-54-73-190-80-175-5-177-36-61-21-104-56-8-82-141-97-77-153-81-111-144-33-160-29-0-109-35-143-106-124-62-18-55-34-140-183-95-130-99-185-86-176-163-89-103-113-194-166-179-66-94-47-148-60-23-20-28-149-4-152-170-184-155-3-70-15-145-195-168-132-169-188-6-147-134-139-11-138-25-121-51-90-10-133-72-107-40-100-122-135-63"
8,48541,100,21417,69958,203,"143-159-106-86-166-194-176-113-114-137-127-165-89-103-163-153-77-97-141-82-111-35-109-0-29-160-33-144-104-8-21-177-5-80-190-193-31-73-54-117-1-131-122-135-32-102-63-40-107-133-147-71-51-191-90-125-121-25-182-138-11-139-168-195-13-169-188-132-145-15-70-3-189-155-184-170-152-183-140-4-149-28-59-20-60-148-47-154-94-66-57-172-179-185-95-55-34-18-62-124"
9,48416,100,21270,69686,199,"60-20-59-199-28-149-4-140-183-174-55-34-170-152-184-155-3-70-15-145-195-168-132-169-188-6-147-71-191-90-51-134-139-11-138-25-121-135-63-38-27-1-117-193-31-54-73-190-80-175-78-5-177-21-104-8-82-141-97-77-81-111-144-33-160-29-0-109-35-159-143-18-62-128-124-106-119-153-146-187-165-137-127-89-163-103-113-180-176-194-166-86-95-130-185-179-66-94-47-148"
10,49394,100,22891,72285,268,"11-139-168-195-13-145-15-3-70-132-169-188-6-134-147-90-131-135-32-122-133-107-40-63-38-27-16-1-117-193-80-190-31-121-51-98-118-74-25-177-36-61-91-141-21-82-8-111-77-153-187-163-89-127-103-180-176-113-114-137-75-76-194-166-172-179-185-86-128-106-124-62-18-34-55-95-130-99-66-94-47-148-60-20-59-28-149-140-183-152-155-189-69-109-35-0-29-160-33-138"
11,47374,100,21208,68582,253,"156-1-16-27-38-102-63-135-122-133-10-90-191-51-147-6-188-169-132-168-195-145-15-70-3-189-155-152-55-18-62-124-106-86-95-183-140-4-149-28-59-20-60-148-47-94-66-99-130-185-179-172-52-166-194-176-113-103-127-89-163-153-77-81-159-143-35-109-0-29-160-33-11-138-104-8-111-82-21-141-91-61-36-78-175-162-80-190-73-136-45-5-177-25-121-54-31-193-117-198"
12,48596,100,20971,69567,228,"13-145-3-70-132-169-188-6-147-178-10-133-44-122-63-135-1-198-117-193-190-80-162-45-142-175-78-5-36-61-141-77-153-163-103-89-165-127-137-114-113-176-194-166-86-185-99-179-94-47-148-60-20-28-149-4-140-183-34-55-18-62-124-106-143-35-109-0-29-160-33-144-104-8-21-177-136-73-164-31-54-112-121-131-125-90-191-51-98-158-25-138-11-139-182-74-118-134-168-195"
13,48122,100,21182,69304,325,"66-22-99-130-95-86-185-179-172-52-166-194-176-113-103-127-89-163-128-18-62-124-106-143-35-109-0-29-33-104-8-111-81-153-77-141-36-177-25-121-112-54-31-164-73-136-5-78-175-45-80-190-193-117-198-156-1-27-38-63-135-122-133-10-90-51-118-182-138-11-139-168-195-13-6-188-169-132-145-15-70-3-155-184-152-34-55-174-183-140-199-4-149-28-20-60-148-47-154-94"
14,50003,100,20333,70336,276,"60-148-47-154-94-66-179-185-86-95-130-99-9-183-83-62-18-55-34-143-159-106-124-128-64-166-194-176-180-113-103-127-89-163-187-153-81-77-82-111-35-109-0-29-33-104-8-21-61-36-5-78-175-80-190-136-73-164-193-31-54-151-117-198-30-42-156-1-38-135-102-63-100-40-107-133-10-178-122-90-121-118-98-51-71-147-6-188-169-132-70-3-15-155-184-152-140-149-28-20"
15,48101,100,20166,68267,204,"135-121-158-25-138-11-139-134-74-118-98-51-125-90-191-147-192-6-188-169-132-13-70-3-145-195-168-29-0-109-35-143-159-106-124-62-83-18-55-34-170-152-53-174-183-140-4-149-28-20-148-47-94-66-179-185-22-99-130-95-86-166-194-176-113-103-89-127-165-163-153-81-77-141-91-36-61-21-82-8-160-33-104-177-5-175-80-190-31-54-117-198-156-1-16-27-38-63-40-122"
16,47471,100,20654,68125,217,"36-61-141-97-77-81-153-187-163-89-127-103-113-180-176-194-166-179-22-99-66-94-47-148-60-20-28-149-4-140-183-95-185-86-128-124-106-159-143-62-83-18-55-34-152-155-3-145-195-168-169-188-6-147-71-120-191-90-125-122-133-107-40-63-135-1-156-198-117-193-54-31-164-73-190-80-175-78-142-5-45-136-112-121-51-134-139-11-138-33-160-29-0-109-35-111-8-82-21-177"
17,49782,100,21244,71026,234,"188-6-147-115-178-10-133-122-135-63-102-38-27-16-42-193-164-73-31-54-117-198-156-1-131-121-125-90-191-120-51-118-74-134-139-11-138-25-177-5-190-80-175-78-36-61-21-8-104-33-160-29-0-109-35-143-106-124-34-55-18-83-62-86-176-163-89-127-103-113-194-166-52-172-179-66-94-47-60-148-99-185-95-183-140-20-28-152-170-184-155-3-70-15-145-168-195-13-132-169"
18,49318,100,21812,71130,231,"148-20-23-60-47-94-66-179-86-166-176-113-103-163-153-81-77-97-141-61-36-177-5-175-80-190-73-54-31-193-117-198-30-42-156-1-197-16-27-38-135-102-63-40-107-10-133-122-90-51-131-121-158-25-182-138-104-8-144-160-33-11-139-168-195-29-0-109-35-111-143-106-124-128-62-83-18-55-34-189-145-13-132-169-188-70-3-15-155-184-170-152-183-140-28-9-130-95-185-99"
19,48188,100,21804,69992,210,"198-1-131-121-117-193-54-31-164-73-136-190-80-175-36-61-141-77-81-153-163-89-103-113-176-194-166-86-185-179-99-130-95-183-140-148-47-94-60-23-20-28-152-170-184-155-189-167-34-55-18-62-124-106-143-35-109-0-29-160-33-144-104-8-111-82-21-177-25-138-11-168-195-13-145-15-3-70-132-169-188-6-147-71-51-125-191-90-122-133-10-107-40-100-63-102-135-38-27-156"
20,49459,100,21975,71434,332,"33-11-139-43-168-195-126-13-145-29-0-109-35-143-124-106-163-89-127-137-114-103-113-176-86-185-179-94-47-148-60-20-59-28-149-140-183-62-18-55-152-155-15-3-70-161-132-169-188-6-134-85-147-71-51-98-118-182-138-25-158-121-131-90-122-133-10-107-40-100-63-135-38-27-1-156-198-117-151-54-31-193-164-73-190-80-175-5-177-21-61-36-91-141-77-81-111-8-104-160"
21,47329,100,21045,68374,241,"15-70-3-155-184-152-4-149-28-199-140-183-9-20-60-148-47-94-66-179-185-99-130-95-62-18-55-34-109-0-35-143-106-124-128-86-166-194-88-176-180-113-103-163-153-81-77-141-82-111-144-8-21-61-36-177-5-45-142-78-175-80-190-136-73-164-54-31-193-117-198-1-135-63-100-40-107-133-122-90-51-121-158-25-182-138-104-160-29-33-11-139-134-6-188-169-132-168-195-145"
22,46975,100,21153,68128,229,"100-135-122-133-10-147-191-90-125-51-118-134-6-188-169-132-13-70-3-15-145-195-168-139-11-138-33-104-8-160-29-0-109-35-111-143-159-106-124-62-18-55-34-183-140-4-149-28-20-60-148-47-154-94-66-179-99-130-95-185-86-166-176-113-103-127-89-163-187-153-81-77-82-21-141-91-61-36-78-175-80-190-5-177-25-121-112-73-164-54-31-193-117-198-156-1-38-63-40-107"
23,49893,100,22640,72533,198,"34-55-18-62-124-106-159-143-35-109-0-29-49-11-139-138-33-160-144-111-8-104-21-82-81-153-86-166-194-88-176-180-113-103-127-89-163-187-77-141-61-36-177-5-175-80-190-136-73-54-31-193-117-198-156-1-151-19-112-25-158-121-125-51-120-191-90-122-131-27-38-135-63-40-107-133-10-178-147-6-188-169-132-13-195-168-145-15-70-3-155-152-149-28-20-148-47-94-140-183"
24,48188,100,21142,69330,240,"13-195-168-29-0-109-35-111-82-21-8-104-144-160-33-138-11-139-134-147-10-133-44-72-17-107-40-100-122-90-191-125-51-121-131-135-63-102-38-27-1-198-117-54-73-31-193-190-80-45-142-175-78-5-177-36-61-91-141-97-77-81-153-187-165-89-127-137-114-103-163-113-180-176-194-166-106-124-62-18-86-185-179-94-148-20-140-183-152-170-184-155-189-3-70-15-145-132-188-169"
25,49456,100,21510,70966,228,"114-127-89-163-165-187-153-81-77-97-141-61-36-78-175-80-190-45-5-177-21-8-104-138-25-121-73-54-31-193-117-198-1-16-27-38-135-102-63-100-40-107-17-72-10-133-122-90-51-147-6-188-169-168-33-160-144-29-0-109-35-111-41-159-143-106-124-62-83-18-55-34-170-155-184-152-174-95-130-183-140-28-20-60-148-47-94-66-179-22-99-185-86-166-194-176-180-113-26-103"
26,48747,100,20913,69660,202,"188-169-132-13-70-3-15-145-195-168-109-35-34-18-62-124-106-128-95-130-183-140-28-20-148-47-94-66-172-52-179-22-99-185-86-166-194-176-180-113-103-114-137-127-89-163-153-0-29-160-33-11-138-182-139-134-118-51-121-25-177-8-82-21-61-36-5-78-175-142-45-80-190-136-73-164-193-31-54-151-117-198-156-1-16-27-38-63-40-107-100-32-135-122-133-10-90-191-147-6"
27,47022,100,19442,66464,346,"152-155-109-35-0-29-160-33-138-182-11-139-168-195-145-3-70-13-132-169-188-6-147-115-178-10-133-107-40-100-63-135-122-90-121-131-38-1-198-117-151-54-31-193-164-73-136-190-80-162-175-78-142-45-5-177-36-61-141-77-81-153-163-165-127-89-103-113-180-176-194-166-52-179-172-57-66-94-47-148-60-20-28-149-4-140-183-9-99-130-95-185-86-106-124-62-83-18-55-34"
28,48483,100,21047,69530,299,"122-133-107-40-63-135-117-193-31-54-73-190-80-175-78-142-45-5-177-36-61-79-91-141-21-87-82-8-104-56-33-138-182-139-11-29-160-144-111-77-81-153-163-103-89-127-137-114-113-180-176-194-166-86-185-130-95-183-140-199-148-66-94-154-47-60-20-28-152-170-34-55-18-83-62-128-124-106-143-159-41-37-35-0-109-189-155-3-70-15-145-195-168-169-188-6-51-121-131-90"
29,49642,100,22280,71922,190,"155-152-149-28-20-60-47-94-66-148-140-183-130-185-95-55-34-18-62-124-106-86-166-194-176-180-113-103-127-165-89-163-153-81-77-141-61-36-175-80-190-73-54-31-193-117-121-51-125-191-90-122-32-135-1-27-38-63-100-40-107-133-10-178-147-192-6-85-134-43-139-11-138-177-21-82-8-104-56-111-144-160-33-49-29-0-35-109-189-145-195-168-126-13-132-169-188-70-3-15"
30,49177,100,21666,70843,229,"168-145-15-3-70-169-188-6-147-10-133-107-40-63-102-38-27-16-1-156-198-117-193-31-164-73-54-151-131-135-122-90-191-51-121-25-177-5-45-136-190-80-162-142-175-78-36-61-91-141-97-77-82-87-21-8-104-56-144-111-41-81-153-146-187-163-89-127-103-113-176-166-94-148-20-28-149-140-183-95-130-99-185-86-106-124-62-18-55-152-155-189-109-35-0-29-160-33-138-11"
31,50210,100,21581,71791,208,"61-36-5-78-175-80-190-73-164-31-54-193-117-121-116-118-98-51-125-191-90-122-135-102-63-133-10-178-147-134-139-11-138-33-160-111-41-119-159-143-35-109-0-12-29-168-195-126-6-188-169-132-13-145-15-161-70-3-155-184-152-183-140-20-148-47-94-179-22-99-130-95-185-86-55-18-62-124-106-176-166-194-113-114-137-127-89-103-163-153-81-77-82-8-104-25-177-21-141-91"
32,47141,100,20480,67621,223,"18-83-62-124-106-143-81-82-21-8-111-35-109-0-29-160-144-56-104-33-49-11-139-138-182-25-158-121-131-90-191-51-118-134-168-195-145-3-70-169-188-6-147-10-133-44-122-135-63-38-27-1-156-198-117-193-54-31-164-73-136-190-80-162-45-175-78-5-177-36-61-91-141-77-153-187-163-89-127-103-113-176-194-166-86-95-185-179-66-94-47-148-20-28-149-140-183-152-34-55"
33,49683,100,21541,71224,203,"126-188-169-132-13-145-15-70-3-155-152-140-183-95-130-185-99-20-148-47-94-66-179-166-194-113-103-127-89-163-176-86-18-62-124-106-153-77-141-36-61-21-8-111-35-109-0-29-160-33-138-25-123-177-5-78-175-45-80-190-136-73-164-31-54-193-117-198-156-1-16-27-38-135-63-40-107-133-122-131-19-112-121-51-120-71-191-90-178-10-147-192-6-85-134-43-139-11-168-195"
34,49527,100,21005,70532,286,"111-35-109-0-29-33-8-104-138-11-139-118-51-131-121-112-73-54-31-193-117-198-156-1-16-27-38-135-122-32-102-63-100-40-107-72-133-10-90-191-71-147-134-6-188-169-132-13-195-168-145-15-70-3-155-184-152-140-183-9-199-4-149-28-20-148-94-179-172-166-194-114-137-127-165-89-163-103-113-180-176-86-185-99-130-95-55-18-62-124-106-153-77-141-61-36-177-21-87-82"
35,48748,100,21239,69987,247,"97-77-153-163-89-127-103-113-176-194-166-179-94-47-148-60-23-20-28-140-183-95-185-86-106-124-62-18-55-34-170-152-184-155-189-15-3-70-161-145-13-132-169-126-195-168-43-134-188-6-147-178-10-133-90-191-71-120-51-118-139-11-138-33-29-0-109-35-8-82-87-21-177-121-131-135-122-107-40-63-102-38-27-16-1-198-117-54-73-31-193-190-80-175-5-36-61-79-91-141"
36,50089,100,20288,70377,245,"11-138-33-160-29-0-109-35-143-106-124-128-62-83-18-55-34-170-152-174-183-140-9-199-4-149-28-59-20-60-148-47-94-66-179-22-99-130-95-185-86-166-194-176-180-113-114-137-127-165-89-103-163-153-187-141-77-81-111-8-144-56-104-25-121-112-54-31-73-80-190-193-117-198-156-24-1-16-27-38-63-40-107-100-122-135-131-125-51-120-191-90-133-10-147-6-188-169-195-168"
37,47037,100,21775,68812,201,"90-51-147-6-188-70-3-15-155-152-34-55-18-62-124-106-128-86-185-95-130-99-9-183-140-4-149-28-20-60-148-47-94-66-179-172-166-194-176-180-113-103-127-89-163-187-153-81-143-35-109-0-29-111-77-141-36-61-21-8-104-160-33-138-11-168-195-132-169-134-118-121-25-177-5-78-175-142-45-162-80-190-136-73-54-31-193-117-198-156-24-1-16-27-38-135-63-40-107-122"
38,50205,100,22333,72538,199,"31-193-190-80-73-121-51-134-139-168-126-132-13-195-109-35-0-29-160-144-104-33-138-25-177-36-21-8-82-141-97-77-81-153-159-143-106-124-62-18-34-55-95-130-99-185-86-176-113-163-165-127-89-103-114-194-166-172-179-66-94-154-47-148-60-20-140-183-152-184-155-145-15-3-70-169-188-6-147-71-67-120-191-90-133-122-135-32-100-72-107-40-63-38-27-1-156-198-117-54"
39,48069,100,21281,69350,200,"80-162-45-142-175-78-36-61-91-141-77-81-187-153-106-143-35-0-12-29-109-34-55-18-83-62-124-176-163-165-127-89-103-113-194-166-86-95-185-179-94-47-148-60-20-28-149-4-199-140-183-152-184-155-3-70-145-195-168-132-169-188-6-147-191-90-122-135-32-63-102-38-27-16-197-1-156-198-117-193-31-54-121-51-134-139-11-138-33-160-144-104-8-111-82-21-177-5-136-190"
40,46607,100,22274,68881,219,"38-131-122-135-63-40-107-133-10-90-147-6-188-169-51-121-25-182-138-11-139-168-195-13-132-145-15-70-3-155-152-4-149-28-20-60-148-47-94-66-179-22-99-185-95-183-140-170-34-55-18-62-124-106-128-86-166-194-176-180-113-103-163-89-127-165-187-153-81-97-141-77-111-35-109-0-29-160-33-104-8-82-21-61-36-177-5-175-80-190-73-164-54-31-193-117-198-1-16-27"
41,47546,100,21744,69290,253,"20-28-140-183-152-170-184-155-3-70-188-169-132-13-145-195-168-139-11-138-104-8-21-177-25-121-131-90-191-51-120-71-147-10-133-122-135-63-102-38-27-16-1-24-156-198-117-54-73-31-193-190-80-175-5-36-61-82-111-33-29-0-109-35-34-55-18-62-128-124-106-143-159-81-77-141-97-153-187-163-103-89-127-137-114-113-176-194-166-86-185-95-130-99-179-66-94-47-148-60"
42,47842,100,20256,68098,222,"34-170-152-184-155-3-70-15-145-169-188-195-168-29-0-109-35-111-8-104-56-144-160-33-138-11-139-134-147-10-133-122-90-121-131-135-63-1-24-156-198-117-193-54-31-164-73-190-80-175-36-61-91-141-21-82-77-81-153-187-165-163-103-89-127-137-114-113-180-176-88-194-166-86-185-179-172-57-66-94-47-148-60-20-28-101-149-4-140-183-9-99-130-95-128-106-124-62-18-55"
43,48003,100,21412,69415,207,"185-95-130-99-22-179-52-172-66-94-47-148-20-28-149-4-140-183-152-170-184-155-3-70-145-195-168-11-138-182-139-169-188-147-71-120-191-90-125-51-98-121-131-122-133-107-40-63-102-135-38-1-117-31-190-80-175-78-142-5-177-36-61-141-77-82-21-104-8-111-144-33-160-29-0-109-35-34-55-18-62-128-124-106-143-81-153-187-163-103-89-127-137-114-113-180-176-194-166-86"
44,49484,100,22007,71491,206,"102-38-27-16-197-1-24-156-42-198-117-151-19-54-31-193-164-73-136-190-80-45-175-78-5-177-104-144-160-33-138-11-168-195-29-0-109-35-111-8-82-21-61-36-141-77-81-153-187-163-159-143-106-124-62-18-95-185-86-176-113-103-89-127-137-114-194-166-172-179-66-94-47-148-60-20-140-183-152-155-3-70-145-132-169-188-6-147-71-51-98-74-118-121-131-90-133-122-135-63"
45,48883,100,21796,70679,205,"177-25-138-33-160-0-35-143-159-119-153-106-124-86-88-176-180-163-89-127-103-113-194-166-179-185-95-99-66-94-47-148-60-20-28-140-183-152-184-155-170-34-55-18-62-109-29-168-195-13-145-15-3-70-132-169-65-188-6-147-51-121-131-125-90-122-135-63-38-27-16-197-1-156-198-117-193-31-54-73-136-190-80-45-142-175-78-5-36-61-141-77-81-82-111-144-104-8-87-21"
46,48982,100,20933,69915,207,"57-172-52-179-99-130-95-185-86-166-194-113-176-106-124-62-18-55-34-35-109-0-29-111-81-153-163-89-187-141-77-82-21-8-33-11-139-138-182-25-177-5-78-175-80-190-136-73-54-31-193-117-198-1-121-131-122-135-32-96-102-63-100-40-107-133-10-178-191-90-125-51-120-71-147-188-169-132-13-195-168-145-15-161-70-3-155-152-183-140-4-149-28-20-60-148-47-154-94-66"
47,49936,100,20145,70081,203,"113-176-194-166-172-179-185-86-95-130-99-9-183-140-199-148-47-66-94-60-20-59-28-149-4-53-152-155-170-34-55-18-62-124-106-143-35-109-0-29-160-33-138-104-8-82-87-21-177-5-45-136-73-31-54-112-121-51-98-118-74-85-134-168-145-15-3-70-132-169-188-147-71-67-120-125-90-191-10-133-122-135-1-198-117-193-190-80-162-142-175-78-36-61-141-77-153-163-89-103"
48,47414,100,21625,69039,206,"128-86-185-179-94-47-148-20-28-140-183-130-95-62-18-55-34-152-155-3-70-15-145-168-195-13-132-169-188-6-147-90-122-133-10-107-40-63-135-131-121-117-198-1-38-27-16-42-156-30-193-54-31-164-73-136-190-80-175-5-177-25-74-134-43-139-182-138-11-33-160-29-0-109-35-111-144-56-104-8-82-87-21-61-36-141-77-81-153-163-165-127-89-103-113-194-166-176-106-124"
49,49638,100,21982,71620,191,"124-106-155-3-70-15-145-13-195-168-29-0-109-35-111-8-104-160-33-11-139-138-182-118-98-51-147-178-10-133-107-40-63-102-38-27-42-156-198-117-193-31-164-190-80-45-175-78-5-136-73-54-1-16-135-32-122-90-191-125-131-121-25-177-36-61-91-141-97-77-81-153-163-103-89-127-114-113-180-176-194-166-172-179-185-86-95-99-66-94-47-148-60-20-28-140-183-55-18-62"
50,47418,100,21593,69011,208,"124-106-183-140-149-28-20-148-47-94-66-172-179-185-130-95-86-166-194-176-113-114-127-89-103-163-187-153-81-77-97-141-36-61-21-8-111-35-109-0-29-160-33-144-104-138-182-11-139-168-134-51-121-112-54-31-73-136-45-5-177-142-78-175-162-80-190-193-117-198-156-1-27-38-102-63-135-122-100-40-107-133-10-90-191-71-147-6-188-169-132-145-15-70-3-155-152-55-18-62"
51,50099,100,21835,71934,205,"35-109-0-29-49-11-168-195-145-15-189-184-155-3-70-13-132-169-188-147-71-191-125-90-10-133-122-135-63-102-38-27-16-1-198-117-193-80-190-73-164-31-54-112-121-51-134-43-139-138-33-160-144-56-8-111-82-87-21-104-25-177-5-36-61-141-77-153-163-89-127-103-113-194-166-176-106-124-62-18-86-185-179-172-66-94-154-47-148-60-20-28-101-149-4-140-183-152-55-34"
52,47214,100,20278,67492,205,"82-8-111-41-81-77-141-97-153-187-165-163-89-127-137-114-103-26-113-176-194-166-172-179-66-94-47-148-20-28-140-183-152-34-55-18-62-95-130-185-86-128-124-106-159-143-35-109-0-29-168-195-145-15-3-70-161-13-132-169-188-6-134-139-11-33-138-25-121-51-125-90-191-147-10-133-122-135-63-102-38-27-16-1-156-198-117-193-54-31-164-73-190-80-45-175-78-5-177-21"
53,48119,100,20738,68857,205,"138-33-160-144-104-8-82-141-77-81-153-163-89-165-127-103-113-180-176-194-166-86-185-95-130-99-22-179-172-57-66-94-154-47-148-60-20-28-149-4-140-183-174-55-18-83-62-124-106-143-35-109-0-29-168-195-126-13-145-15-189-34-170-152-184-155-3-70-132-169-188-6-147-178-10-133-191-90-121-131-135-122-40-63-38-27-1-117-54-73-31-193-190-80-5-177-25-182-139-11"
54,48268,100,21446,69714,207,"91-141-77-81-111-82-8-104-33-160-29-0-109-35-143-159-124-106-153-163-165-127-89-103-114-113-180-176-88-194-166-86-128-62-18-34-55-95-185-179-94-47-148-60-20-28-149-140-183-152-155-3-70-15-145-13-195-168-126-132-169-188-6-134-85-147-71-191-90-122-40-63-135-38-27-16-1-198-117-54-31-193-190-80-136-73-112-121-51-98-118-74-25-5-175-78-177-21-61-36"
55,47736,100,21983,69719,203,"187-165-89-127-137-114-194-166-179-185-95-130-99-66-94-47-148-60-20-140-183-62-18-55-34-170-152-184-155-189-3-70-15-145-168-195-13-132-169-188-6-147-71-51-121-131-90-122-133-107-40-63-102-32-135-38-27-16-1-198-117-54-31-190-80-175-78-142-5-36-141-97-77-177-25-182-138-104-8-111-144-160-33-11-29-0-109-35-143-106-124-128-86-176-180-113-26-103-163-153"
56,49095,100,21422,70517,331,"163-103-113-176-86-130-95-18-62-128-124-106-143-159-153-81-77-141-61-36-78-175-142-162-80-190-193-31-117-198-156-1-38-63-135-131-121-112-19-54-73-136-45-5-177-21-82-8-111-12-0-35-109-29-49-160-144-56-104-33-138-182-118-98-51-90-191-147-188-169-132-13-195-168-139-11-145-15-70-3-155-152-34-55-174-183-140-149-28-20-148-47-94-185-166-194-114-137-127-89"
57,48740,100,21633,70373,255,"18-55-95-130-185-86-176-163-89-127-103-113-194-166-179-66-94-47-148-60-20-59-28-149-140-183-152-170-184-155-189-145-29-109-35-0-160-11-168-195-13-15-3-70-169-188-6-192-147-134-85-74-118-51-121-112-131-125-90-191-10-133-44-122-135-63-38-27-16-1-156-198-117-54-31-190-80-175-5-177-25-182-138-33-144-104-8-111-82-21-61-36-141-77-81-153-143-106-124-62"
58,47715,100,21070,68785,218,"5-177-36-61-21-8-104-138-182-139-11-49-33-160-29-0-109-35-111-82-141-97-77-153-146-187-163-89-127-103-113-176-194-166-179-66-94-47-148-20-140-183-95-130-99-22-185-86-124-106-143-62-18-55-34-152-155-3-70-15-145-195-168-169-188-6-147-71-51-125-191-90-122-133-107-40-63-135-38-27-16-1-24-156-42-30-198-131-121-151-117-193-31-54-73-136-190-80-175-78"
59,47868,100,20779,68647,207,"16-1-131-135-63-40-107-10-133-122-90-121-19-112-116-51-98-118-74-25-177-21-87-82-8-104-56-144-111-35-109-0-29-160-33-138-182-11-139-43-168-195-6-188-169-132-13-145-15-70-3-155-184-170-152-183-140-149-28-20-148-47-94-179-185-95-55-18-62-124-106-128-86-166-194-176-113-103-127-89-163-153-77-141-61-36-5-175-80-190-73-164-54-31-193-117-198-156-27-38"
60,47471,100,20452,67923,195,"56-144-160-33-49-11-139-138-182-51-125-90-191-71-147-10-133-122-100-107-40-63-102-135-131-121-1-156-198-117-193-31-54-73-136-190-80-45-142-175-78-5-177-36-61-91-141-77-81-153-163-103-113-176-194-166-106-124-62-34-55-18-86-185-95-130-99-179-66-94-47-148-20-28-149-140-183-152-170-184-155-15-3-70-188-6-169-132-195-168-29-0-109-35-111-82-87-21-8-104"
61,47901,100,20669,68570,226,"74-118-98-51-191-90-122-135-32-102-63-40-107-133-10-178-147-6-188-169-132-70-3-168-11-138-33-29-0-109-35-143-106-124-128-62-18-55-34-170-152-183-140-28-20-148-47-94-66-179-185-95-86-166-194-88-176-180-113-114-137-127-89-103-163-187-153-81-77-97-141-82-111-8-104-21-61-36-177-5-78-175-80-190-136-73-164-31-54-193-117-198-156-1-38-131-121-112-158-25"
62,48453,100,21929,70382,212,"135-38-27-16-1-198-117-193-31-54-164-73-190-80-175-78-142-5-177-36-61-91-21-87-82-8-144-111-143-106-124-128-62-18-34-55-95-130-185-86-176-153-77-141-187-163-89-103-113-194-166-179-94-47-148-20-28-149-140-183-152-109-35-0-29-160-33-104-138-182-11-139-168-195-145-15-3-70-132-169-188-6-147-71-191-90-51-118-25-158-112-121-131-122-133-107-40-63-102-32"
63,49629,100,21876,71505,217,"145-13-195-168-169-188-147-71-191-90-122-133-10-72-17-107-40-100-63-135-38-27-1-24-156-198-117-193-31-164-73-54-19-112-121-131-51-134-43-139-182-138-11-33-160-29-0-109-35-144-104-21-177-5-45-136-190-80-162-142-175-78-36-61-82-8-111-77-81-153-163-103-113-176-194-166-179-99-185-86-106-143-124-62-18-55-34-183-140-148-47-60-20-28-149-152-155-3-70-15"
64,49195,100,21045,70240,269,"102-135-131-121-38-27-16-1-198-117-31-54-25-182-138-104-8-82-21-177-5-45-142-175-78-36-141-97-77-81-153-163-103-89-127-114-113-176-194-166-86-95-130-99-22-185-179-94-148-20-28-140-183-152-34-55-18-62-128-124-106-159-143-111-35-109-0-29-160-33-11-139-168-195-13-145-3-70-132-169-188-6-147-134-74-118-51-120-67-71-191-125-90-178-10-133-122-107-40-63"
65,48416,100,20217,68633,216,"97-141-91-79-61-36-177-5-78-175-80-190-73-54-31-193-117-198-1-135-102-63-122-90-191-125-51-121-25-21-87-58-82-8-104-56-33-138-11-139-168-195-13-132-169-188-70-3-15-145-155-184-170-152-183-140-28-20-60-148-47-94-66-179-172-166-194-176-113-103-127-89-163-153-119-159-143-106-124-128-86-185-130-95-62-18-55-34-189-109-35-0-29-49-160-144-111-41-81-77"
66,48332,100,20913,69245,198,"124-106-159-143-35-109-0-29-49-11-139-182-138-33-160-144-104-8-111-81-153-77-141-91-79-36-61-82-21-177-5-78-175-142-45-80-190-136-73-54-31-193-117-198-156-151-19-112-116-121-131-1-27-38-135-63-40-107-122-90-51-134-43-168-195-188-169-132-13-145-15-70-3-189-155-184-152-34-55-18-62-95-183-140-28-20-148-47-94-66-179-99-185-86-166-194-113-103-176-128"
67,47765,100,19814,67579,214,"127-165-187-146-153-81-77-97-141-36-61-21-177-5-78-175-142-45-80-190-73-54-31-193-117-198-156-1-38-135-32-102-63-100-40-107-72-10-133-122-90-121-51-98-118-74-85-134-6-188-169-132-168-195-145-15-70-3-155-109-35-0-29-160-33-8-111-106-124-128-62-83-18-34-55-95-130-99-183-140-149-28-20-60-148-47-94-66-172-179-185-86-166-194-176-180-113-103-163-89"
68,49509,100,21167,70676,182,"121-51-90-147-6-188-169-132-161-70-3-15-145-13-126-195-168-43-134-118-74-139-11-138-104-8-82-111-144-160-33-49-29-0-35-109-155-184-53-152-170-174-183-9-199-140-4-149-28-59-20-60-148-47-94-99-130-95-83-55-34-18-62-124-106-128-86-185-179-166-176-113-103-163-153-77-141-61-36-177-5-78-175-190-31-54-117-198-1-27-38-63-100-40-107-72-10-133-122-135"
69,45719,100,20373,66092,208,"124-106-143-35-109-0-29-160-33-138-182-11-139-168-195-13-145-3-70-132-169-188-6-134-147-51-121-131-90-122-107-40-63-135-38-27-16-1-156-198-117-193-31-54-73-136-190-80-175-78-5-177-8-104-56-144-111-82-87-21-61-36-91-141-77-81-153-187-163-103-89-165-127-137-114-113-176-194-166-86-95-185-94-47-148-20-28-149-4-199-140-183-152-170-34-55-18-83-62-128"
70,46452,100,19814,66266,223,"184-155-189-3-70-15-145-13-132-169-188-195-168-139-11-138-182-25-121-122-40-63-102-135-38-27-1-156-198-117-193-54-31-164-73-136-190-80-162-175-78-142-45-5-177-36-61-91-141-77-82-8-104-33-160-29-0-109-35-34-55-18-83-62-128-124-106-143-81-153-187-163-103-89-165-127-114-113-176-194-166-86-95-130-185-179-66-94-47-148-60-20-28-149-4-140-183-174-152-170"
71,49521,100,22759,72280,296,"128-124-106-159-143-35-109-0-29-160-144-8-82-77-141-91-61-36-78-175-80-190-193-117-198-1-27-38-102-63-135-122-100-40-107-133-10-178-90-125-191-147-6-134-118-98-51-121-54-31-5-177-21-104-33-11-168-195-169-188-70-3-155-152-183-140-28-20-60-148-47-94-66-99-179-172-52-166-194-114-137-127-89-165-187-153-163-103-113-180-176-88-86-185-130-95-55-34-18-62"
72,47011,100,20411,67422,193,"29-109-35-0-12-144-111-106-124-128-62-83-18-55-34-170-152-174-183-140-149-28-20-60-148-47-94-179-99-130-95-185-86-166-194-176-113-114-103-89-127-165-163-187-153-81-77-97-141-82-8-104-21-91-61-36-177-5-78-175-142-45-80-190-73-54-31-193-117-1-135-63-100-40-107-72-122-133-10-191-90-131-121-51-6-188-65-169-132-70-3-15-145-13-195-168-11-138-33-160"
73,47705,100,21907,69612,202,"70-3-155-152-183-140-4-149-28-20-148-47-94-179-185-130-95-55-34-18-62-124-143-159-106-86-166-194-176-113-114-137-127-89-103-163-165-187-153-77-111-144-0-35-109-29-160-33-138-104-56-8-82-21-141-91-61-36-177-5-78-175-142-45-80-190-136-173-73-164-31-54-193-117-198-112-121-51-131-1-156-16-27-38-63-135-90-147-134-6-188-169-132-13-195-168-139-11-145-15"
74,47766,100,21488,69254,202,"112-131-1-198-117-54-31-190-80-45-142-175-78-5-177-36-61-141-77-187-165-89-127-137-114-113-194-166-179-185-95-130-99-22-66-94-47-148-60-20-28-149-140-183-152-34-55-18-62-124-106-86-176-180-103-163-153-81-50-82-87-21-8-56-144-111-35-109-0-29-160-33-104-138-11-139-168-145-15-3-70-13-132-169-188-147-178-10-133-122-100-107-40-63-135-90-51-98-118-121"
75,47958,100,21225,69183,209,"114-113-180-176-88-194-166-86-185-179-66-94-99-130-95-183-140-199-148-47-60-20-59-28-149-4-152-170-34-55-18-62-124-106-143-35-109-0-29-69-189-184-155-3-70-161-15-145-168-195-13-132-169-188-6-134-147-191-90-122-133-107-40-63-135-1-117-54-31-190-80-175-78-5-36-61-177-121-51-118-74-182-138-139-11-33-160-144-104-8-82-77-81-153-187-165-127-89-163-103"
76,48339,100,20654,68993,201,"31-73-5-78-175-142-45-80-190-136-164-193-117-198-156-1-197-16-27-38-135-102-63-100-40-107-133-10-178-122-90-51-147-134-6-188-169-70-3-15-145-13-195-168-29-12-0-109-35-143-106-124-62-83-18-55-34-170-152-183-140-28-20-148-47-94-185-86-166-194-176-180-113-103-89-127-165-163-153-141-61-36-177-21-82-77-111-144-8-104-160-33-11-138-182-25-121-112-19-54"
77,47826,100,22268,70094,220,"124-106-143-35-109-0-29-160-33-8-111-81-153-163-187-77-141-61-36-175-78-5-177-21-104-138-11-139-134-51-191-90-122-135-131-121-112-19-73-54-31-193-117-198-156-1-27-38-63-100-40-107-133-10-147-6-188-169-132-13-195-168-145-15-70-3-155-152-140-4-149-28-20-60-94-47-148-9-183-34-55-18-62-83-95-130-99-22-179-185-86-166-194-113-127-89-103-180-176-128"
78,47054,100,20685,67739,208,"144-8-21-177-5-80-190-136-73-54-31-193-117-198-156-24-1-27-38-131-121-90-122-135-63-40-107-133-10-147-134-6-188-169-132-13-126-168-195-145-15-161-70-3-155-184-170-152-183-140-149-28-20-60-148-47-94-66-179-185-22-99-130-95-83-55-34-18-62-143-159-106-124-128-86-166-194-176-113-103-89-163-187-153-81-77-141-82-111-35-109-0-29-160-33-11-139-182-138-104"
79,48096,100,23251,71347,227,"61-141-21-8-82-77-153-187-163-89-127-114-103-113-180-176-194-166-86-124-106-143-159-81-111-160-33-29-0-109-35-34-55-18-62-95-130-99-185-179-52-172-66-94-47-148-20-28-140-183-152-184-155-3-70-15-145-168-195-13-132-169-188-6-147-191-90-51-121-118-134-139-11-138-182-25-73-164-31-54-1-131-135-122-133-107-40-63-38-27-156-198-117-193-190-80-175-5-177-36"
80,47789,100,21724,69513,222,"63-38-27-1-131-121-90-191-51-134-168-195-29-109-35-0-144-160-33-11-138-177-5-136-73-31-54-117-193-190-80-45-175-78-36-61-141-21-87-82-8-104-111-77-81-153-163-103-89-127-114-113-180-176-194-166-179-66-94-47-148-60-20-28-149-140-183-95-130-99-185-86-110-128-124-106-159-143-62-83-18-55-34-170-152-155-3-70-15-145-132-169-188-6-147-178-10-133-122-135"
81,49217,100,20602,69819,206,"55-95-130-185-86-166-172-179-66-94-47-148-60-20-140-183-152-155-189-3-70-15-145-168-169-188-6-147-71-191-90-125-51-98-118-121-112-131-122-107-40-100-63-135-102-92-38-27-16-1-24-156-198-117-193-54-31-164-73-136-190-80-162-175-78-142-45-5-177-21-36-61-79-91-141-77-153-89-127-114-194-176-113-26-103-163-8-104-138-33-160-29-0-109-35-143-106-124-62-18"
82,48578,100,21621,70199,197,"83-18-55-34-152-4-149-101-28-59-20-199-140-183-95-130-148-60-47-94-66-179-185-86-166-194-88-176-180-113-114-137-127-89-103-163-153-81-77-141-61-36-177-5-78-175-45-80-190-193-31-54-117-198-1-135-63-40-107-133-122-131-121-51-125-90-191-147-134-74-25-104-138-182-11-139-168-195-169-188-70-3-145-29-109-35-0-160-33-144-8-82-111-41-159-143-106-124-128-62"
83,46831,100,20235,67066,213,"49-29-0-109-35-111-82-141-77-81-153-187-163-89-127-114-103-113-180-176-194-166-179-66-94-47-148-60-20-140-183-95-130-185-86-128-106-124-62-18-55-34-170-152-184-155-3-70-15-145-13-195-168-126-132-169-188-6-147-51-121-112-131-122-90-191-10-133-107-40-63-102-32-135-38-27-16-1-198-117-54-31-193-190-80-175-5-177-21-87-8-104-56-144-160-33-138-182-139-11"
84,49489,100,22051,71540,207,"77-141-187-153-81-111-29-0-109-35-124-106-176-166-86-185-95-130-99-179-94-47-148-60-23-20-59-28-149-4-140-183-62-18-55-34-170-152-53-184-155-145-15-3-70-188-169-132-13-195-168-11-139-134-147-51-125-90-191-178-10-133-122-72-107-40-100-63-102-135-38-27-1-131-121-117-193-31-54-73-136-190-80-45-142-175-78-5-36-61-91-21-177-25-182-138-33-104-8-82"
85,48424,100,21422,69846,221,"31-54-151-121-112-73-136-190-80-162-175-78-142-45-5-177-36-61-141-77-21-87-82-50-81-153-163-165-127-89-103-113-176-194-166-86-106-143-124-62-18-34-55-95-130-185-179-172-66-94-47-148-60-20-140-183-152-155-3-70-15-145-109-35-0-29-160-33-144-111-8-104-138-11-139-168-169-188-6-134-51-125-90-191-147-178-10-133-107-40-63-122-135-1-24-156-198-117-193-164"
86,47849,100,21008,68857,260,"147-85-134-6-188-169-132-13-145-15-161-70-3-155-184-152-170-34-62-18-55-174-183-140-149-28-20-148-47-94-179-185-130-95-128-124-106-86-166-194-176-180-113-114-137-127-165-89-103-163-153-81-77-97-141-36-61-21-82-8-104-33-160-144-111-35-109-0-12-29-195-168-43-139-11-138-182-118-51-131-121-25-177-5-78-175-45-80-190-193-31-54-117-1-135-63-122-90-191-71"
87,49511,100,23052,72563,233,"54-31-73-136-45-5-175-80-190-193-117-198-156-1-38-135-102-63-100-40-107-133-122-131-125-90-191-147-51-118-139-11-168-195-145-13-132-134-6-188-169-161-70-3-15-155-184-170-152-140-20-148-47-94-99-130-95-9-183-55-18-62-124-106-128-86-185-179-166-194-176-113-114-127-89-103-163-153-81-41-111-77-141-61-36-177-21-82-8-104-144-0-35-109-29-160-33-138-121-112"
88,47231,100,20736,67967,206,"106-124-128-62-18-55-34-170-152-183-140-149-28-59-20-23-60-148-47-94-179-185-95-86-166-194-176-180-113-103-114-127-89-163-153-77-141-91-61-36-177-5-78-175-80-190-193-31-54-117-198-1-38-135-122-96-63-40-107-133-10-90-131-121-118-98-51-191-71-147-6-188-169-43-168-195-126-132-13-145-15-70-3-155-189-109-35-0-29-11-139-138-33-160-104-8-111-81-159-143"
89,47851,100,21034,68885,191,"47-94-179-185-86-166-194-176-180-113-26-163-89-103-114-137-127-165-187-153-77-97-141-36-177-5-78-175-80-190-31-54-117-198-1-16-27-38-102-63-135-122-90-51-125-131-121-158-25-21-87-82-8-104-138-139-6-188-169-132-13-161-70-3-15-145-195-168-11-33-160-144-56-111-29-0-35-109-155-184-152-170-34-55-18-62-143-106-124-128-95-130-99-183-140-4-149-28-20-148"
90,49132,100,20842,69974,179,"156-198-117-151-54-31-193-164-73-136-190-80-45-175-78-5-177-25-182-138-33-160-29-0-109-35-111-8-21-36-141-77-81-153-146-187-163-165-137-114-127-89-103-26-113-180-176-88-194-166-172-179-66-94-47-148-60-20-140-183-95-130-99-22-185-86-128-106-159-143-124-62-18-55-152-155-3-70-169-188-6-147-178-10-133-191-90-125-51-98-118-121-131-122-107-40-63-102-135-1"
91,48029,100,21220,69249,233,"31-54-117-1-27-38-63-135-122-133-10-90-131-121-51-147-134-139-11-182-138-33-160-144-56-104-8-21-82-111-35-109-0-12-39-29-168-195-188-169-132-13-145-15-70-3-155-184-152-183-140-199-4-149-28-20-60-148-47-94-66-179-166-194-113-103-89-127-165-163-180-176-88-86-185-95-55-34-18-62-124-106-143-159-119-81-153-187-97-77-141-36-177-5-78-175-45-80-190-193"
92,48188,100,21469,69657,248,"81-111-35-109-0-29-160-144-104-8-77-141-91-61-36-177-5-78-175-142-45-80-190-136-73-164-54-31-193-117-198-42-156-24-1-27-38-135-63-40-107-122-133-10-147-191-90-51-121-25-182-138-33-11-139-168-195-188-169-132-13-145-15-70-3-34-55-18-62-183-140-28-20-148-47-94-66-172-179-99-130-95-185-86-166-76-75-137-114-127-89-103-113-194-176-106-124-143-159-153"
93,48061,100,21920,69981,343,"20-148-99-185-130-95-183-140-152-55-18-62-34-155-3-70-15-145-168-195-13-132-169-188-6-134-85-147-191-90-51-121-131-135-63-38-1-156-198-117-54-73-31-193-190-80-45-175-78-5-177-25-182-139-11-138-104-87-21-61-36-91-141-77-82-8-56-144-160-33-49-29-12-0-109-35-111-143-106-124-128-86-176-113-103-127-89-163-153-146-187-165-137-114-194-166-179-94-47-60"
94,46955,100,22488,69443,211,"54-117-198-156-1-16-27-38-63-135-122-100-40-107-72-133-10-147-6-188-169-168-195-13-145-15-70-3-155-152-55-18-62-95-86-185-130-183-140-149-28-20-60-148-47-94-66-179-166-194-176-113-26-103-163-89-114-75-137-127-165-187-153-106-124-143-81-77-141-36-61-21-8-104-144-111-35-109-0-29-160-33-138-11-139-51-191-90-131-121-25-177-5-142-78-175-80-190-193-31"
95,49552,100,22959,72511,211,"176-180-113-26-103-114-137-127-89-163-187-77-141-36-61-82-81-153-106-124-128-83-18-55-34-62-143-35-111-8-104-87-21-177-5-175-80-190-193-31-54-117-1-131-121-125-90-122-135-63-100-40-107-133-10-191-71-67-120-51-118-74-139-11-138-33-160-29-0-109-195-168-43-134-147-6-188-169-132-13-145-15-70-3-155-152-183-140-28-20-148-94-179-185-99-130-95-86-166-194"
96,47917,100,22583,70500,201,"145-13-132-169-188-6-134-147-51-90-122-107-40-63-102-135-1-198-117-193-190-80-175-78-142-5-45-136-73-31-54-121-25-104-8-56-144-160-33-138-182-11-139-168-195-29-109-35-0-12-111-82-87-21-177-36-61-141-77-81-143-159-153-187-165-137-127-89-163-103-113-180-176-194-166-106-124-62-18-34-55-95-86-185-179-94-47-148-60-20-28-140-183-152-184-155-3-70-161-15"
97,48532,100,21417,69949,191,"141-91-61-36-177-21-87-8-104-56-144-33-160-12-0-35-109-29-195-168-43-139-11-138-182-25-112-19-54-31-164-73-136-45-5-78-175-80-190-193-117-198-1-27-38-63-100-40-107-122-135-131-121-51-125-90-191-71-147-188-169-132-13-145-15-70-3-155-152-183-140-20-148-47-94-179-185-95-55-34-18-62-124-106-86-166-194-176-180-113-103-89-163-187-153-81-111-82-77-97"
98,47869,100,20801,68670,212,"127-103-113-194-166-52-172-179-185-99-94-47-148-60-20-140-183-130-95-86-176-106-124-62-18-34-35-109-0-29-49-160-33-138-11-139-43-168-195-13-145-15-3-70-132-169-188-6-147-134-74-118-121-51-191-90-10-133-107-40-100-122-135-63-38-27-1-156-198-117-151-54-73-164-31-193-190-80-45-175-78-5-177-36-61-79-91-141-21-87-82-8-104-144-111-77-153-187-163-89"
99,46178,100,20650,66828,216,"169-188-147-90-51-121-131-135-122-107-40-100-63-102-38-27-16-1-156-198-117-193-31-54-73-136-190-80-45-142-175-78-5-177-36-61-21-8-144-104-138-139-11-33-160-29-0-109-35-111-77-81-153-143-106-124-34-55-18-83-62-128-86-176-103-163-89-127-137-114-113-194-166-172-179-22-185-95-130-99-94-47-148-60-20-59-28-149-140-183-152-155-3-70-15-145-168-195-13-132"
100,47945,100,21700,69645,341,"0-12-29-49-33-160-144-111-56-104-8-82-21-177-25-138-11-139-168-195-13-145-15-3-70-161-132-169-188-6-134-147-71-191-90-51-121-131-122-133-107-40-63-135-38-27-1-156-198-117-54-31-193-190-80-175-36-61-141-77-97-187-127-89-163-153-81-159-143-106-124-128-86-176-180-103-113-194-166-179-185-95-130-99-66-94-47-148-20-28-140-183-152-170-34-55-18-62-35-109"
101,46190,100,20864,67054,316,"127-103-113-176-194-166-86-185-95-130-99-179-172-66-94-47-148-60-20-28-140-183-34-55-18-62-128-124-106-159-143-35-109-0-29-111-82-21-8-104-160-33-138-11-139-74-118-121-51-134-168-195-13-145-15-3-70-161-132-169-188-6-147-191-90-133-107-40-100-63-122-135-38-27-1-117-193-31-54-73-190-80-45-142-175-78-5-25-177-36-61-91-141-97-77-81-153-187-163-89"
102,46402,100,21430,67832,220,"31-54-1-16-38-27-156-198-117-193-190-80-162-45-142-175-78-5-177-8-82-21-61-36-91-141-77-81-153-187-163-89-165-127-114-103-113-176-194-166-86-95-130-185-179-66-94-47-148-60-20-28-149-140-183-152-34-55-18-83-62-128-124-106-143-111-160-33-138-139-11-29-0-35-109-189-155-3-70-15-145-168-169-188-6-147-51-191-90-122-133-107-40-100-63-135-131-121-112-73"
103,47342,100,21140,68482,201,"31-54-73-190-80-175-78-5-177-36-61-21-8-104-138-11-33-160-29-0-109-35-111-77-81-153-159-143-106-124-128-176-180-113-26-103-163-89-127-137-114-194-166-179-185-86-95-99-66-94-47-148-60-20-28-149-140-183-174-55-83-62-18-34-152-155-189-145-15-3-70-161-188-6-169-132-13-195-168-139-134-85-147-71-51-121-90-122-135-100-107-40-63-38-27-1-156-198-117-193"
104,47126,100,21254,68380,197,"147-134-118-51-191-90-122-133-10-107-40-63-102-135-131-121-1-156-198-117-193-31-54-164-73-136-190-80-175-78-5-177-36-61-141-77-8-104-138-182-139-11-33-160-144-29-0-109-35-111-81-153-163-89-127-103-113-176-194-166-172-179-66-94-154-47-60-23-20-148-130-95-185-86-106-143-124-62-18-55-34-183-140-28-152-170-184-155-3-70-161-15-145-168-195-13-132-169-188-6"
105,48786,100,21422,70208,213,"121-131-90-191-51-98-118-74-2-85-134-168-195-132-169-188-147-10-133-107-40-100-122-135-63-38-27-1-24-156-198-117-54-31-190-80-175-78-142-5-177-36-141-97-77-153-187-165-127-89-163-103-114-113-180-176-88-194-166-86-185-179-94-47-148-20-28-140-183-130-95-124-106-159-143-62-18-55-34-152-184-155-3-70-145-29-0-109-35-111-8-104-144-160-33-11-139-138-182-25"
106,47829,100,22167,69996,222,"134-74-118-25-5-78-175-45-80-190-136-73-54-31-193-117-198-156-1-27-38-102-63-135-122-107-40-133-90-121-51-71-147-188-169-168-195-145-15-70-3-155-184-170-152-183-140-149-28-20-60-148-47-94-179-185-130-95-86-166-194-114-127-89-163-103-26-113-88-180-176-128-18-55-34-62-124-106-143-159-153-187-81-77-141-61-36-177-21-82-8-111-35-109-0-29-33-138-11-139"
107,47760,100,20994,68754,243,"28-149-4-140-152-170-183-130-95-55-34-18-62-128-124-106-143-153-81-111-35-109-0-29-168-195-145-3-70-132-169-188-6-147-51-90-122-107-40-63-135-38-27-1-156-198-117-193-31-54-164-73-19-112-121-158-25-182-138-11-33-160-144-104-8-21-177-5-45-142-175-78-36-141-77-97-187-163-89-127-137-114-103-26-113-180-176-88-194-166-86-185-99-179-66-94-47-148-60-20"
108,48748,100,20970,69718,238,"195-126-132-13-145-15-70-3-155-152-55-18-62-124-106-86-185-99-130-95-183-140-28-20-60-148-47-94-66-179-166-194-88-176-180-113-26-103-114-127-89-163-153-77-97-141-36-61-21-8-104-144-111-35-109-0-29-33-138-177-5-80-190-73-54-31-193-117-198-156-1-16-27-38-102-63-135-122-100-40-107-133-10-191-90-131-121-125-71-120-51-98-118-134-147-6-188-169-43-168"
109,47892,100,20380,68272,213,"47-94-66-179-185-95-86-166-194-176-113-103-163-153-81-77-141-61-36-177-5-78-175-45-80-190-73-164-54-31-193-117-198-42-156-24-1-131-121-51-191-90-135-32-102-63-40-107-122-133-10-147-6-188-169-132-43-139-138-33-11-168-195-13-145-15-161-70-3-155-109-35-0-12-29-160-144-104-8-111-143-159-106-124-62-18-55-34-170-152-53-4-149-28-140-183-199-20-60-148"
110,46559,100,19667,66226,211,"149-28-20-148-47-94-66-179-185-130-95-86-166-194-176-113-114-103-89-127-165-163-153-77-141-61-36-177-5-45-142-78-175-162-80-190-136-73-164-54-31-193-117-198-1-27-38-135-63-100-40-107-10-133-122-125-90-191-147-71-120-51-121-112-158-25-138-11-168-195-13-132-169-188-70-3-15-145-109-35-0-29-160-33-104-8-111-143-106-124-128-62-18-55-34-170-152-183-140-4"
111,48170,100,20913,69083,209,"177-25-158-112-121-51-118-74-134-43-139-11-138-33-160-29-0-109-35-111-144-104-8-82-141-77-81-153-159-143-55-18-62-124-106-176-163-89-103-113-194-166-86-95-130-185-179-94-47-148-60-20-28-149-4-140-183-152-170-184-155-189-145-15-3-70-13-195-168-132-169-188-6-192-147-90-122-133-10-107-40-63-102-135-38-1-156-198-117-151-54-31-193-164-73-190-80-175-78-5"
112,48188,100,22186,70374,219,"0-29-160-144-8-104-33-138-11-168-195-145-15-189-184-155-3-70-161-13-132-169-65-188-6-147-134-118-121-51-90-10-133-122-100-107-40-63-135-131-1-38-27-156-198-117-193-31-54-73-190-80-45-142-175-78-5-177-36-61-141-77-81-187-127-89-103-114-113-176-180-163-153-106-124-62-95-130-185-86-194-166-172-179-66-94-47-148-20-28-140-183-152-170-34-55-83-18-35-109"
113,48721,100,22509,71230,202,"78-175-80-190-5-177-21-82-8-104-160-144-111-35-109-0-29-49-33-138-182-118-51-125-131-121-112-73-54-31-193-117-1-27-38-135-122-63-100-40-107-72-133-10-90-147-6-134-139-11-168-195-126-13-132-169-188-70-3-15-145-155-184-170-152-183-140-20-148-47-94-179-185-99-130-95-86-128-83-18-55-34-62-124-106-176-194-113-103-114-127-89-163-165-187-153-77-141-61-36"
114,47758,100,21714,69472,277,"49-11-139-182-138-104-8-21-82-111-143-106-124-128-62-18-55-34-170-152-4-140-183-9-199-28-20-60-148-47-94-66-179-22-99-130-95-185-86-166-194-176-180-113-103-114-127-89-163-153-81-77-141-61-36-175-80-190-193-198-117-54-31-73-136-45-5-177-25-121-51-120-71-191-90-131-1-135-63-122-133-10-147-134-6-188-169-168-195-145-70-3-155-189-109-35-0-29-160-33"
115,48153,100,20316,68469,303,"80-190-136-73-164-54-31-193-117-198-156-24-1-131-112-121-51-125-191-90-122-135-63-40-107-133-10-147-169-3-145-195-168-29-0-109-35-143-106-124-128-62-18-55-34-152-140-199-4-149-28-20-60-148-47-94-179-22-99-130-183-95-185-86-166-194-176-113-103-127-89-163-187-153-81-77-97-141-36-61-21-8-104-144-160-33-11-139-138-182-25-123-177-5-45-142-78-175-162-46"
116,49120,100,22280,71400,254,"143-106-124-62-18-55-34-183-140-28-152-155-145-15-3-70-161-188-6-169-132-13-126-195-168-11-139-118-121-51-191-90-122-133-107-40-100-63-96-32-135-102-92-38-27-16-1-156-198-117-31-190-80-45-142-175-78-5-25-182-138-33-160-29-0-109-35-111-8-82-21-177-36-61-91-141-97-77-81-187-89-127-114-194-166-172-179-94-47-60-20-148-99-185-86-176-113-103-163-153"
117,48440,100,20905,69345,204,"102-38-27-1-198-117-193-54-31-164-190-80-136-73-121-90-51-118-74-85-134-43-139-11-49-29-0-109-35-111-160-33-138-182-104-8-21-177-5-142-175-78-36-61-91-141-97-77-81-153-187-163-89-127-103-113-180-176-194-166-86-185-94-47-148-60-20-28-140-183-55-18-62-124-34-152-155-15-3-70-161-132-13-145-195-168-169-188-6-192-147-10-133-107-40-100-122-135-32-63"
118,49513,100,20711,70224,264,"168-11-138-25-121-73-54-31-193-117-198-156-24-1-197-16-27-38-135-63-40-107-133-122-90-191-51-71-147-6-188-169-132-70-3-15-155-152-170-34-55-18-62-183-140-199-4-149-28-20-148-47-94-66-172-179-185-130-95-86-166-194-88-113-180-176-128-124-106-143-159-119-163-103-89-127-114-137-187-153-81-77-141-36-61-21-8-104-144-33-160-29-0-35-109-69-189-145-13-195"
119,48545,100,22205,70750,238,"187-141-36-61-21-177-5-45-142-78-175-162-80-190-136-173-25-158-121-112-73-164-54-31-193-117-198-156-1-27-38-135-63-40-107-133-122-90-191-51-147-134-6-188-169-70-3-145-195-168-29-109-35-0-33-11-138-104-144-8-77-81-153-143-106-124-86-185-95-62-18-55-34-170-152-174-183-140-199-4-149-28-20-148-47-94-99-22-179-172-166-194-176-113-114-137-127-89-103-163"
120,47168,100,21241,68409,215,"51-191-90-133-122-135-63-38-27-1-117-193-190-80-45-142-175-78-5-136-73-31-54-121-25-177-36-61-141-97-77-81-153-146-187-163-103-89-127-137-114-113-180-176-194-166-86-185-99-130-95-183-140-148-47-94-60-20-28-152-184-155-34-55-18-83-62-128-124-106-143-35-109-0-29-160-33-144-111-82-8-104-138-11-139-43-168-195-13-145-15-3-70-132-169-188-6-147-71-120"
121,49136,100,20722,69858,237,"45-142-175-78-5-123-177-21-82-77-61-36-141-187-163-89-127-103-113-176-194-166-86-185-95-130-99-179-66-94-47-148-140-183-34-55-18-83-62-124-106-143-159-153-81-111-35-109-0-29-168-195-13-145-15-3-70-169-188-139-11-49-33-160-144-56-8-104-138-182-25-158-121-51-125-90-191-71-147-178-10-133-72-107-40-100-122-135-63-102-38-27-1-198-117-54-31-193-190-80"
122,47601,100,21663,69264,328,"188-169-70-3-155-184-152-140-4-149-28-59-20-199-9-183-95-185-99-148-60-47-94-66-57-172-179-166-194-113-103-89-127-137-165-187-153-163-176-86-128-106-124-62-18-55-34-189-15-145-195-168-139-11-138-33-160-29-0-109-35-111-144-104-8-21-61-36-177-5-78-175-142-45-80-190-136-73-54-31-193-117-198-1-27-38-135-102-63-40-107-10-133-122-131-121-51-90-147-6"
123,48348,100,20351,68699,235,"111-144-56-104-8-21-87-82-81-119-159-143-106-124-128-62-83-18-55-34-189-15-145-195-168-126-13-132-169-6-188-70-3-155-184-170-152-183-140-28-20-148-47-94-179-22-99-95-185-86-166-194-176-113-114-127-165-89-103-163-187-153-77-141-91-79-61-36-177-5-80-190-73-54-31-193-117-198-156-1-38-63-135-122-133-10-191-90-121-25-182-138-11-33-160-29-12-0-109-35"
124,49073,100,21541,70614,200,"175-142-45-5-177-21-8-104-56-33-11-138-182-25-158-121-112-73-54-31-193-117-198-156-24-1-16-27-38-135-102-63-100-40-107-72-122-133-10-191-90-125-51-71-147-188-169-132-13-195-168-145-15-70-3-189-155-152-140-183-95-130-20-148-47-94-179-185-86-55-34-18-62-124-106-166-194-176-113-103-114-127-89-163-153-77-81-143-35-109-0-29-160-144-111-82-141-61-36-78"
125,48241,100,21957,70198,226,"168-145-15-70-3-155-152-170-34-55-140-183-95-99-22-148-28-20-23-60-47-94-66-179-185-86-166-176-113-103-89-127-165-163-187-153-143-106-124-128-62-83-18-35-109-0-12-29-49-11-139-138-33-160-144-111-104-8-82-77-141-61-36-177-5-78-175-45-80-190-193-117-54-31-73-112-121-1-27-38-135-102-63-40-107-10-133-122-90-191-51-71-147-134-6-188-169-132-13-195"
126,49669,100,21835,71504,186,"35-109-29-49-33-138-11-139-168-195-145-189-34-55-18-62-95-130-86-185-179-94-47-148-60-20-28-149-4-199-9-183-140-152-155-3-70-15-13-132-169-188-6-192-147-134-74-118-121-51-120-71-191-90-10-133-107-40-100-63-96-122-135-38-27-16-1-117-54-31-193-190-80-175-78-5-177-36-61-21-87-82-77-141-187-165-127-89-103-113-176-163-153-81-111-144-8-104-160-0"
127,47777,100,20849,68626,205,"89-103-163-187-153-81-77-141-61-36-175-80-190-73-164-54-31-193-117-1-16-27-38-135-102-63-40-107-100-122-133-147-51-191-90-131-121-158-25-177-21-87-82-8-111-35-109-0-29-160-144-56-104-33-138-11-139-168-195-13-132-169-188-70-3-155-184-152-55-18-62-124-106-86-185-99-130-95-183-140-4-149-28-20-60-148-47-154-94-66-22-179-172-52-166-194-176-113-114-127"
128,49250,100,21349,70599,198,"81-153-77-141-91-61-36-175-80-190-193-31-54-117-198-156-24-1-27-38-63-135-131-121-51-90-147-6-188-169-132-13-195-145-15-70-3-155-184-152-183-140-28-20-148-47-94-99-22-179-57-172-52-166-194-114-137-127-89-163-103-26-113-180-176-88-86-185-95-55-34-18-62-128-124-106-119-159-143-35-109-0-29-144-111-8-104-160-33-138-11-168-43-139-182-25-177-21-82-50"
129,49002,100,22050,71052,314,"82-77-97-141-36-61-21-87-8-104-144-111-35-109-0-29-160-33-11-138-25-177-5-78-175-45-80-190-73-164-193-31-54-151-117-198-30-42-156-1-16-27-38-63-40-107-122-135-131-112-121-51-90-191-147-188-169-168-195-13-145-15-70-3-155-184-152-183-140-149-28-20-60-148-47-94-66-172-179-99-185-166-113-103-89-127-187-146-153-163-176-86-55-18-62-124-106-143-81-50"
130,48173,100,20080,68253,251,"49-29-0-109-35-34-55-18-62-124-106-128-86-185-130-95-183-140-4-149-28-20-148-47-94-179-166-194-88-176-180-113-103-127-89-163-153-119-159-143-81-77-141-61-36-177-5-175-80-190-73-54-31-193-117-198-156-1-16-27-38-102-63-32-135-122-133-10-147-6-188-169-132-70-3-145-195-168-43-134-51-191-90-131-121-158-25-21-82-8-104-56-111-144-160-33-138-182-139-11"
131,46792,100,20951,67743,231,"13-195-168-169-188-6-147-178-10-133-90-191-51-121-131-122-135-63-102-38-27-1-198-117-54-31-193-190-80-45-175-78-5-177-36-61-141-77-153-81-41-111-8-82-21-104-144-33-138-11-160-29-0-109-35-143-159-106-124-128-86-176-113-26-103-163-89-127-137-114-194-166-179-66-94-154-47-148-60-20-28-149-140-183-130-99-185-95-62-18-55-34-170-152-155-189-145-15-3-70"
132,50405,100,21490,71895,217,"109-189-155-152-34-55-18-62-83-140-149-28-20-183-95-130-99-22-179-185-86-166-194-114-137-165-187-163-89-127-103-26-113-180-176-106-124-143-159-153-81-77-141-36-61-21-177-5-142-78-175-80-190-31-117-1-38-135-102-63-100-40-107-17-72-10-178-133-122-131-19-112-121-51-125-90-191-71-147-188-169-132-70-3-15-145-195-168-139-11-138-104-8-144-33-160-29-12-0-35"
133,47472,100,22181,69653,213,"195-145-15-70-3-155-184-152-183-140-149-28-20-148-47-94-179-185-95-86-166-194-114-137-127-165-89-163-103-26-113-180-176-128-106-124-62-18-55-34-109-29-0-35-143-159-81-153-187-97-141-77-111-144-104-8-82-21-61-36-177-5-142-78-175-80-190-136-73-54-31-193-117-198-1-131-121-51-191-90-122-135-63-40-107-133-10-178-147-85-134-6-188-169-132-139-138-33-11-168"
134,46739,100,20968,67707,202,"38-131-121-51-90-122-135-63-40-107-133-10-178-147-134-6-188-169-168-145-15-70-3-155-152-183-140-20-60-148-47-94-66-172-179-22-99-185-130-95-55-34-18-62-124-106-128-86-166-194-176-113-103-114-137-127-165-89-163-187-146-153-81-77-111-35-109-0-29-160-33-11-138-104-8-82-141-91-79-61-36-177-5-78-175-80-190-136-73-164-31-54-193-117-198-156-24-1-16-27"
135,49069,100,22592,71661,217,"80-45-142-175-78-5-177-21-61-36-91-141-82-8-104-138-33-160-29-0-109-35-144-111-81-77-97-146-187-165-127-137-114-194-166-179-94-47-148-20-140-183-95-130-185-86-176-180-113-26-103-89-163-153-106-124-62-18-55-152-155-3-70-145-168-169-188-6-134-147-10-133-122-72-107-40-100-63-135-38-27-16-1-198-117-193-31-54-164-73-112-121-131-90-191-51-118-25-136-190"
136,49715,100,20942,70657,305,"104-33-138-182-74-118-98-121-112-19-54-31-73-136-45-5-78-175-162-80-190-193-117-198-156-1-27-38-135-122-63-100-40-107-72-133-10-178-147-71-191-90-51-134-6-188-169-132-13-161-70-3-15-145-195-168-43-139-11-49-160-29-0-35-109-189-155-184-152-183-140-20-148-47-94-185-86-166-176-113-103-127-89-163-106-124-62-18-55-34-143-153-81-77-141-21-82-8-111-144"
137,48362,100,20974,69336,310,"190-80-175-78-5-45-136-73-31-54-19-112-121-158-25-177-36-61-91-141-77-187-165-89-127-137-114-194-166-52-172-179-94-47-148-20-28-149-140-183-95-130-99-185-86-176-180-113-103-163-153-81-111-35-143-159-106-124-62-18-55-34-109-0-12-29-160-144-82-8-104-56-33-11-138-182-139-43-168-195-13-145-15-3-70-132-169-188-6-147-51-191-90-122-63-135-1-198-117-193"
138,49228,100,22467,71695,198,"73-164-193-31-54-151-117-198-1-27-38-63-135-122-133-10-191-90-131-121-51-6-188-169-70-3-145-13-195-168-139-11-182-138-33-160-144-111-29-0-109-35-143-159-124-62-83-18-55-34-170-152-140-149-28-20-199-183-95-185-148-47-94-66-172-179-86-106-153-163-89-103-180-176-166-194-113-114-137-127-165-187-141-77-82-8-56-104-157-25-177-21-61-36-5-78-175-80-190-136"
139,49818,100,21896,71714,200,"176-113-103-114-127-89-163-187-153-106-124-62-18-55-34-35-109-0-29-160-33-11-138-104-56-144-111-68-8-21-82-77-97-141-61-36-177-5-80-190-73-54-31-193-117-1-27-38-135-32-122-96-102-63-40-107-133-10-90-125-131-121-158-25-182-139-118-98-51-147-85-134-6-188-169-132-168-195-145-3-155-184-170-152-174-183-140-149-28-20-148-47-94-179-185-130-95-86-166-194"
140,50695,100,22774,73469,206,"109-0-29-145-70-3-155-184-170-152-183-140-20-60-148-47-94-179-185-86-95-55-34-18-83-62-128-124-106-143-163-89-103-26-113-180-176-194-166-48-76-75-137-114-127-165-187-153-77-141-36-5-175-80-190-73-54-31-193-117-198-121-51-120-71-191-90-122-32-135-131-1-16-27-38-102-96-63-100-40-107-133-10-147-134-6-188-169-168-139-11-138-33-160-104-21-82-8-111-35"
141,48271,100,21981,70252,184,"38-135-63-100-40-107-72-10-133-122-90-191-71-147-188-169-168-195-13-145-15-70-3-155-34-55-18-83-62-124-106-86-185-130-95-183-140-152-4-149-28-20-148-47-94-66-179-166-194-176-113-103-114-127-89-163-187-153-159-143-81-77-82-111-35-109-0-29-160-33-11-139-182-138-104-144-8-87-21-36-177-25-118-51-121-5-78-175-80-190-193-31-164-73-54-117-198-156-1-27"
142,50078,100,20378,70456,210,"163-103-113-194-176-106-124-62-34-55-18-128-86-185-179-99-130-95-183-140-20-28-149-4-152-184-155-167-189-3-70-161-15-145-11-49-33-160-144-29-0-109-35-111-82-8-104-138-139-168-195-13-132-169-65-188-6-147-191-90-51-121-131-122-133-10-107-40-100-63-135-38-27-16-197-1-24-156-42-198-117-151-54-31-193-164-73-136-190-80-45-142-175-78-5-177-36-141-77-153"
143,49273,100,20652,69925,237,"182-11-139-134-74-118-98-51-90-191-147-10-133-44-122-135-63-38-27-16-1-117-54-73-164-31-193-190-80-45-142-175-78-5-112-121-25-177-36-61-21-8-104-144-111-82-77-81-153-187-163-89-127-114-103-26-113-180-176-88-194-166-86-124-62-18-34-55-95-130-185-179-94-47-148-60-20-28-149-140-183-152-184-155-3-70-188-169-132-195-168-29-0-109-35-12-39-160-33-138"
144,46558,100,19903,66461,299,"132-13-195-168-139-11-138-33-29-0-35-109-145-15-70-3-155-184-152-183-140-28-20-148-47-94-66-179-185-130-95-55-18-62-124-106-86-166-194-176-113-103-127-165-89-163-153-81-41-111-8-104-21-87-82-77-141-61-36-177-5-45-142-78-175-162-80-190-136-73-164-54-31-193-117-198-156-1-27-38-102-63-32-135-131-121-51-191-90-122-100-40-107-133-10-178-147-6-188-169"
145,50050,100,20241,70291,176,"66-179-185-95-55-34-18-62-143-159-106-124-128-86-166-194-176-113-103-163-153-81-77-97-141-36-21-87-82-8-111-35-109-0-29-49-33-160-144-56-104-177-5-142-78-175-80-190-193-31-164-73-54-117-198-156-24-1-197-16-27-38-102-63-135-122-44-133-10-191-90-131-112-121-51-118-74-85-134-147-6-188-169-139-138-11-168-195-13-145-70-3-155-184-152-140-183-148-47-94"
146,48701,100,21844,70545,197,"3-155-184-152-140-149-28-20-148-47-94-66-179-185-130-95-183-170-34-55-18-83-62-128-86-166-194-114-137-127-89-103-113-176-106-124-143-153-187-97-141-77-81-111-35-109-0-29-33-11-139-182-138-104-8-82-21-61-36-177-25-5-78-175-142-45-80-190-136-73-54-31-193-117-198-30-42-156-24-1-121-131-135-63-122-133-10-90-191-51-118-74-134-6-188-169-168-195-145-70"
147,49163,100,21830,70993,224,"51-131-121-112-19-73-54-31-193-117-1-38-63-135-122-133-10-178-90-191-147-6-188-169-132-13-126-43-168-195-145-15-70-3-155-184-152-183-140-20-148-47-94-66-172-52-179-185-95-86-166-194-113-176-106-124-128-62-83-18-55-34-35-109-0-29-11-138-33-160-144-104-8-82-77-81-153-163-103-114-127-89-165-187-97-141-36-78-175-142-162-80-190-45-5-177-25-182-139-134"
148,47157,100,20843,68000,204,"168-139-11-138-33-160-144-104-8-21-82-111-35-109-0-29-145-70-3-155-152-34-55-18-62-143-106-124-95-130-183-140-149-28-20-60-148-47-94-66-57-172-179-185-86-166-194-176-113-103-127-89-163-187-153-81-77-141-91-61-36-177-5-142-78-175-80-190-136-73-164-193-31-54-151-117-198-156-24-1-135-63-40-107-10-115-178-133-122-131-121-51-125-90-191-71-147-188-169-195"
149,50557,100,22750,73307,224,"20-140-183-34-170-152-155-3-70-145-195-168-169-188-147-71-120-51-125-90-191-178-10-133-107-40-100-122-135-63-38-27-16-42-156-198-24-1-131-121-112-158-25-73-164-31-54-117-193-136-190-80-175-78-5-177-36-61-141-21-8-33-160-29-109-35-0-144-111-82-77-81-187-153-159-143-124-62-18-55-83-128-106-176-113-103-163-89-127-114-194-166-86-95-185-179-66-94-47-148"
150,46650,100,21223,67873,234,"135-131-121-25-182-138-33-11-139-134-118-51-90-191-147-6-188-169-168-195-13-145-15-70-3-155-184-152-34-109-29-0-35-143-159-106-124-128-62-18-55-183-140-149-28-20-60-148-47-94-179-185-95-86-166-194-176-113-114-137-127-89-103-163-165-187-153-81-77-97-141-91-36-61-21-87-82-8-111-144-104-177-5-78-175-45-80-190-73-54-31-193-117-198-156-24-1-27-38-63"
151,48760,100,20650,69410,226,"21-177-36-61-141-77-81-153-163-103-113-176-166-86-185-94-47-148-99-130-95-128-18-55-174-183-140-20-28-149-4-152-170-34-62-124-106-159-143-35-109-0-29-49-11-168-195-13-145-15-3-70-161-132-169-188-6-147-51-191-90-133-122-135-63-38-27-16-1-156-198-117-193-31-54-73-190-80-175-78-5-25-121-118-74-85-134-43-139-182-138-33-160-144-56-104-8-111-82-87"
152,48796,100,21141,69937,300,"106-159-143-35-109-0-29-160-33-144-104-8-21-87-82-77-81-153-187-97-141-36-177-5-78-175-45-80-190-136-73-164-193-31-54-19-112-121-151-117-198-1-38-63-100-40-107-17-72-10-133-122-135-131-51-90-191-147-134-182-138-11-139-168-195-13-145-15-70-3-155-184-152-183-140-4-149-28-20-60-148-47-94-66-179-166-194-113-103-127-89-163-180-176-86-185-95-18-62-124"
153,50821,100,21097,71918,203,"122-32-102-63-100-40-107-72-44-133-10-90-191-51-147-6-85-134-43-139-11-138-33-160-104-56-144-111-41-35-109-0-12-29-168-195-13-132-169-188-161-70-3-15-145-189-155-184-152-140-183-148-94-179-185-18-62-124-143-106-86-166-194-176-113-103-163-153-81-77-141-82-8-21-91-61-36-177-5-78-175-45-80-190-136-73-164-54-31-193-117-198-112-121-131-1-16-27-38-135"
154,48016,100,20544,68560,194,"124-128-62-18-55-34-152-140-183-95-130-99-148-20-60-47-154-94-66-57-172-179-185-86-166-194-88-176-180-113-103-127-89-163-153-77-82-87-21-141-61-36-177-5-78-175-45-80-190-193-31-54-117-1-135-63-100-40-107-10-133-122-131-121-90-191-51-118-74-85-134-147-6-188-169-132-13-195-168-145-15-161-70-3-155-109-35-0-29-160-33-138-104-56-144-8-68-111-143-106"
155,47343,100,20187,67530,221,"49-168-195-13-145-15-3-70-161-132-169-188-6-147-10-133-107-40-63-38-27-16-1-24-156-198-117-193-190-80-136-73-31-54-19-112-121-131-135-122-90-191-51-98-118-74-134-139-11-182-138-33-144-56-104-8-82-21-177-5-142-175-78-36-141-77-81-153-163-89-103-113-176-194-166-86-95-185-179-66-94-47-148-20-140-183-152-34-55-18-62-124-106-143-111-35-109-0-29-160"
156,47641,100,21019,68660,199,"133-90-51-71-147-6-188-169-132-13-195-168-139-182-138-104-8-82-111-35-109-0-29-160-33-11-145-70-3-155-152-34-55-18-62-124-106-128-183-140-4-149-28-20-60-148-47-94-66-179-185-95-86-166-194-176-180-113-114-103-163-89-127-165-187-153-77-97-141-36-5-78-175-45-80-190-136-73-54-31-193-117-151-112-121-131-198-156-24-1-16-27-38-102-63-32-135-122-107-40"
157,47876,100,21126,69002,198,"125-51-118-74-85-134-139-11-182-138-49-33-160-144-104-21-87-82-8-111-35-109-0-29-145-168-195-13-132-169-6-188-161-70-3-15-189-155-184-152-34-143-106-124-128-62-18-55-183-140-149-28-20-148-47-94-179-185-95-86-166-194-176-113-114-103-89-127-165-163-153-81-77-97-141-61-36-177-25-5-78-175-142-45-162-80-190-31-54-117-121-131-135-63-40-107-133-122-90-191"
158,46938,100,20637,67575,227,"130-99-183-140-149-28-20-148-47-94-179-185-86-166-194-176-180-113-26-103-114-75-137-127-89-163-165-187-153-81-77-97-141-91-36-61-21-82-8-104-56-144-111-35-109-0-12-29-160-33-11-139-138-25-177-5-175-80-190-193-31-54-117-198-1-27-38-63-135-122-131-121-51-90-147-188-169-132-13-195-168-145-15-161-70-3-155-184-53-152-170-34-55-18-62-143-159-106-124-95"
159,48364,100,20762,69126,337,"130-185-179-66-94-154-47-60-23-20-148-9-183-140-28-149-4-152-155-3-70-15-145-132-13-195-168-139-11-33-160-29-0-109-35-111-8-104-138-182-118-51-134-169-188-6-192-147-191-90-122-135-32-96-100-107-40-63-38-27-1-131-121-112-151-198-117-193-31-54-164-73-136-190-80-45-175-78-5-177-36-61-141-77-153-163-103-113-176-194-166-86-128-106-124-62-18-34-55-95"
160,50076,100,20961,71037,258,"111-144-160-33-11-139-134-147-51-191-90-122-133-107-40-100-63-102-32-135-38-27-1-24-156-198-117-193-31-54-73-121-158-25-104-8-82-58-87-21-177-5-45-142-175-78-7-36-61-91-141-97-77-14-81-153-106-124-128-62-18-55-140-183-95-185-86-176-180-163-89-127-103-113-194-166-179-94-47-148-60-20-28-149-152-170-184-155-3-70-188-169-132-13-195-168-29-0-109-35"
161,47887,100,22686,70573,201,"141-36-177-5-78-175-80-190-193-31-164-73-54-117-198-156-1-16-27-38-63-40-107-10-133-122-135-131-121-51-125-90-191-147-188-169-132-13-145-195-168-29-69-189-15-70-3-155-184-152-170-34-55-18-83-62-124-143-35-109-0-111-160-33-11-139-138-104-8-21-87-82-77-81-153-106-86-95-183-140-28-20-60-148-47-94-179-185-166-194-176-113-103-114-137-127-89-163-187-97"
162,51098,100,24393,75491,200,"197-1-24-156-198-117-131-121-125-90-51-134-139-11-182-138-104-8-177-25-54-31-193-164-73-136-190-80-175-78-5-36-61-21-82-111-160-33-0-35-106-124-128-95-86-176-153-77-187-165-163-103-89-127-114-113-194-166-172-179-22-185-130-99-66-94-47-148-60-20-28-149-4-140-183-152-34-55-18-83-62-109-29-168-145-3-70-169-188-147-133-40-107-122-135-63-102-38-27-16"
163,47835,100,21182,69017,212,"163-89-165-127-103-113-176-194-166-86-185-130-99-179-66-94-154-47-148-60-23-20-28-149-4-199-140-183-9-95-128-124-62-83-18-55-34-170-152-53-184-155-189-3-70-161-132-169-188-6-147-134-182-138-25-121-90-122-133-107-40-100-63-135-1-198-117-193-31-54-73-190-80-175-78-5-177-36-61-91-141-77-8-104-160-33-11-139-168-195-13-15-145-29-0-109-35-143-106-153"
164,48918,100,21237,70155,226,"82-141-97-77-81-153-163-89-103-113-176-194-166-86-185-179-22-99-130-95-9-66-94-47-148-60-23-20-28-149-140-183-128-106-124-62-83-18-55-34-3-70-15-145-13-132-169-188-126-195-168-29-109-35-0-33-8-104-25-121-131-90-191-51-118-74-134-6-147-10-133-107-40-63-122-135-38-27-16-1-24-156-198-117-193-31-54-164-73-136-190-80-175-78-5-177-36-61-91-21"
165,47837,100,20399,68236,271,"8-104-138-25-177-5-78-175-80-190-193-31-54-117-198-156-1-16-27-38-135-32-102-63-40-107-133-122-131-121-118-98-51-125-90-191-120-71-147-6-134-139-11-168-195-126-188-169-132-13-145-15-70-3-155-184-152-34-143-106-124-62-18-55-183-140-4-149-28-20-60-148-47-94-179-185-86-166-194-88-176-180-113-103-163-89-127-165-187-153-81-77-82-111-35-109-0-29-160-33"
166,47707,100,21181,68888,376,"124-106-95-130-183-140-152-4-149-28-20-60-148-47-94-66-179-185-86-166-194-88-176-180-113-114-137-127-165-89-103-163-153-81-77-141-61-36-177-21-82-8-104-33-160-29-0-35-109-195-168-11-138-182-25-158-121-5-142-78-175-80-190-136-73-54-31-193-117-198-156-24-1-16-27-38-102-63-135-122-100-40-107-133-10-178-90-191-51-147-6-188-169-70-3-155-34-55-18-62"
167,47836,100,20976,68812,247,"166-185-99-179-172-66-94-47-148-20-28-149-140-183-130-95-86-106-124-62-18-55-152-184-155-3-70-145-168-169-188-6-51-121-131-90-191-10-133-122-107-40-63-102-135-38-27-16-1-198-117-193-31-54-73-136-190-80-175-5-177-36-61-91-141-97-77-81-41-111-82-87-21-8-144-56-104-138-139-11-49-33-160-29-0-109-35-143-159-153-187-163-103-89-127-114-113-180-176-194"
168,50717,100,22001,72718,184,"102-63-40-107-72-10-133-122-135-125-90-191-147-134-139-11-33-0-35-109-29-168-195-145-15-13-132-169-188-70-3-155-152-183-140-4-149-28-59-20-60-148-47-94-66-179-185-166-194-113-103-163-176-86-55-18-62-124-106-143-153-77-141-36-21-8-104-138-182-25-74-118-98-51-121-131-198-30-117-193-31-54-73-136-5-78-175-142-45-162-80-190-42-156-24-1-197-16-27-38"
169,48891,100,22383,71274,195,"135-63-38-1-131-121-51-98-118-74-139-11-138-182-25-54-31-117-198-193-190-80-175-5-177-36-21-8-104-33-160-29-0-109-35-62-124-106-143-159-41-111-82-77-81-153-186-129-163-187-165-137-114-127-89-103-113-176-194-166-86-185-95-130-99-22-179-172-66-94-154-47-148-60-20-28-140-183-55-18-34-152-155-3-70-15-145-168-195-13-132-169-188-6-134-147-90-10-133-122"
170,49570,100,21938,71508,221,"49-29-189-155-184-152-140-183-34-55-18-62-95-185-99-148-20-60-47-94-179-86-166-194-176-180-113-103-114-127-89-163-187-153-106-124-143-35-109-0-12-160-144-56-104-157-25-123-177-21-82-8-68-111-81-77-141-61-36-5-78-175-45-80-190-193-31-73-54-117-198-1-135-63-122-90-121-51-147-6-188-169-161-70-3-15-145-13-132-126-195-168-43-134-85-139-11-182-138-33"
171,49707,100,22548,72255,200,"122-133-10-90-147-6-188-169-132-13-195-168-145-15-70-3-155-184-152-183-140-149-28-20-23-60-94-66-47-148-199-9-99-22-179-166-86-185-130-95-55-18-62-124-106-176-180-194-113-114-127-89-103-163-187-153-143-35-109-0-29-39-12-111-82-81-77-141-21-8-104-56-144-160-33-11-139-138-25-177-5-80-190-193-31-54-73-112-121-117-198-1-27-38-63-100-40-107-72-135"
172,47289,100,21464,68753,232,"118-134-147-6-188-169-168-195-145-15-70-3-155-152-183-140-20-148-47-94-179-185-130-95-62-18-55-34-143-106-124-128-86-166-194-176-180-113-26-103-114-137-127-89-163-165-187-153-81-14-77-97-141-82-111-35-109-0-29-11-139-138-33-160-104-8-21-61-36-177-5-78-175-80-190-136-73-54-31-193-117-198-1-38-135-102-63-100-40-107-10-133-122-131-121-125-90-191-51-98"
173,50411,100,20815,71226,310,"104-144-160-33-49-29-0-109-35-143-106-124-62-18-34-55-95-86-176-163-165-127-89-103-113-194-166-185-47-148-20-28-149-4-140-183-152-170-184-155-189-145-15-3-70-169-168-139-11-138-25-121-131-51-118-134-6-147-71-191-90-178-10-133-122-72-107-40-100-63-96-32-135-102-92-38-27-16-197-1-24-156-198-117-54-31-190-80-175-78-5-177-36-61-91-141-77-81-111-8"
174,46898,100,21221,68119,192,"35-111-8-104-138-182-74-118-98-51-90-191-147-10-133-122-135-63-38-27-1-131-121-198-117-193-31-54-73-190-80-175-78-5-177-36-61-91-141-21-87-82-77-81-153-187-163-103-89-127-137-114-113-180-176-88-194-166-124-106-143-34-55-18-62-128-86-185-95-130-99-179-66-94-47-148-60-20-140-183-152-170-184-155-145-15-3-70-188-169-132-195-168-139-11-33-160-29-0-109"
175,48828,100,20722,69550,200,"165-127-89-103-113-180-176-194-166-86-185-95-130-99-179-94-47-148-20-28-149-140-183-34-55-18-62-124-106-143-35-109-0-29-168-195-13-145-15-189-184-155-3-70-161-132-169-65-188-6-147-122-135-63-38-27-1-24-156-198-117-193-190-80-136-73-31-54-19-112-121-131-90-191-71-120-51-118-182-138-33-177-5-45-142-175-78-36-61-91-21-8-111-81-77-141-97-153-187-163"
176,47189,100,20837,68026,200,"137-127-89-163-153-81-77-141-82-21-61-36-177-5-142-78-175-80-190-73-54-31-193-117-198-1-27-38-63-135-122-44-133-10-147-191-90-51-131-121-158-25-104-8-33-138-11-139-134-6-188-169-132-70-3-15-145-13-126-195-168-29-0-35-109-189-155-184-152-170-34-106-124-62-18-55-183-140-149-28-20-23-60-148-47-154-94-66-172-179-22-99-185-86-166-194-176-113-103-114"
177,48232,100,22412,70644,220,"4-149-28-20-60-148-47-94-179-185-86-95-130-183-55-18-62-124-143-159-106-180-176-166-194-113-103-127-89-163-187-153-81-77-141-36-61-21-177-78-175-5-25-121-112-54-31-164-73-136-80-190-193-117-198-1-27-38-63-40-107-122-135-131-51-90-133-10-147-6-188-169-70-3-145-195-168-139-11-182-138-104-56-8-82-111-144-160-33-49-29-12-0-109-35-34-170-152-53-140"
178,48642,100,20161,68803,190,"54-151-19-112-121-118-98-51-125-90-191-147-10-133-122-135-63-38-27-16-1-24-156-42-198-117-193-190-80-45-142-175-78-5-36-61-91-141-77-82-111-81-153-163-89-103-113-176-166-86-95-185-179-66-94-47-148-20-28-140-183-152-34-55-18-62-124-106-159-143-35-109-0-12-29-145-3-70-188-6-169-132-13-195-168-43-139-11-138-33-160-144-104-8-21-177-136-73-164-31"
179,49913,100,22639,72552,215,"124-143-153-81-77-97-141-91-36-61-21-8-104-33-138-25-177-5-78-175-80-190-73-54-31-193-117-198-156-1-38-63-135-122-100-40-107-72-133-10-178-147-71-191-90-125-51-121-182-11-139-6-188-169-132-70-3-155-189-15-145-13-195-168-29-0-109-35-62-18-55-34-152-149-28-20-148-140-183-95-130-185-179-86-166-76-75-137-114-127-89-163-103-26-113-194-88-180-176-106"
180,47871,100,20773,68644,293,"123-177-5-78-175-142-45-80-190-136-73-54-31-193-117-198-1-16-27-38-63-100-40-107-133-122-135-131-121-118-98-51-90-191-147-134-6-188-169-132-70-3-145-13-195-168-29-0-109-35-143-106-124-128-62-18-55-34-152-28-20-140-183-95-130-185-179-86-166-194-176-180-113-26-103-114-75-137-127-165-89-163-187-153-81-77-141-91-36-61-21-87-82-8-104-33-11-138-182-25"
181,48385,100,20877,69262,310,"98-51-125-90-191-178-10-133-122-135-63-38-1-198-117-193-31-54-164-73-136-190-80-45-175-78-5-177-21-87-36-61-79-91-141-187-153-81-77-82-8-111-144-56-104-138-182-139-11-33-160-29-12-0-109-35-34-18-62-124-106-163-89-127-103-113-176-194-166-86-95-185-179-94-47-148-60-20-28-140-183-152-155-3-70-15-145-195-168-169-188-6-147-134-85-74-118-25-121-116"
182,48051,100,20676,68727,220,"121-112-1-156-198-117-54-73-164-31-193-190-80-45-142-175-78-5-36-61-91-141-77-81-97-146-187-153-163-165-127-89-103-114-113-180-176-194-166-86-128-124-106-143-111-8-104-33-29-0-109-35-34-55-18-62-183-95-130-99-185-179-94-47-148-20-28-149-140-152-184-155-3-70-161-15-145-168-195-13-132-169-188-6-147-134-74-118-98-51-191-90-133-107-40-63-102-135-122-131"
183,47537,100,21576,69113,213,"127-165-89-163-187-146-153-81-77-97-141-91-79-61-36-177-5-78-175-80-190-31-54-117-198-1-16-27-38-135-131-121-25-104-56-144-8-82-111-35-109-0-29-160-33-11-139-138-182-51-125-90-191-178-122-63-100-40-107-72-133-10-147-6-188-169-132-13-195-168-145-15-70-3-155-152-140-28-20-60-148-47-94-179-185-95-183-55-18-62-124-106-86-166-194-176-113-26-103-114"
184,47222,100,20594,67816,231,"38-102-63-135-122-133-10-115-178-191-90-125-131-121-51-118-134-147-6-188-169-132-13-195-168-145-15-70-3-152-140-20-60-148-47-94-66-57-172-179-86-185-22-99-130-95-183-55-18-62-124-106-166-194-176-113-103-127-89-163-153-81-77-141-36-61-21-82-8-104-144-111-35-109-0-29-160-33-11-139-138-25-177-5-78-175-142-45-80-190-136-73-54-31-193-117-198-1-16-27"
185,49141,100,21162,70303,231,"45-5-78-175-80-190-193-117-1-27-38-102-63-40-107-100-96-32-135-122-133-10-147-6-188-169-132-13-195-168-145-15-70-3-155-152-34-124-62-18-55-183-140-149-28-20-148-47-94-185-86-166-194-176-113-103-127-89-163-187-153-119-106-143-159-81-77-141-36-61-21-8-111-35-109-0-29-160-33-144-56-104-138-11-139-134-118-51-120-67-71-191-90-131-121-54-31-164-73-136"
186,48053,100,22139,70192,192,"5-175-80-190-193-31-73-54-117-198-156-1-16-27-38-102-63-135-122-133-90-51-98-118-121-112-158-25-21-82-8-104-160-0-35-109-29-33-138-11-139-168-195-13-132-169-6-147-188-70-3-15-145-155-184-152-34-55-18-62-95-86-185-99-130-183-140-28-20-23-60-148-47-94-179-172-166-194-113-114-137-127-89-163-103-176-106-124-143-153-187-81-77-97-141-91-79-61-36-177"
187,48810,100,22157,70967,318,"185-95-86-124-106-163-103-113-180-176-166-194-114-137-127-89-187-153-81-77-82-8-21-141-91-61-36-177-5-78-175-142-45-80-190-136-73-164-31-54-193-117-198-112-121-131-1-38-135-63-40-107-100-122-125-90-133-10-178-147-71-191-67-120-51-134-6-188-169-132-13-70-3-15-145-195-168-11-138-33-29-0-109-35-143-62-18-55-34-170-155-184-152-183-140-20-148-47-94-179"
188,49338,100,21342,70680,313,"42-156-198-1-131-121-117-193-31-54-164-73-136-190-80-175-5-177-104-8-82-87-21-61-36-91-141-77-81-41-111-35-109-0-29-33-168-195-13-145-189-34-55-18-62-124-106-153-146-187-165-163-103-89-127-137-114-113-180-176-88-194-166-86-185-95-130-99-22-179-66-94-47-148-20-140-183-152-155-15-3-70-169-188-6-134-85-74-118-51-71-147-191-90-122-135-63-38-27-16"
189,47770,100,20517,68287,231,"81-77-141-36-61-21-82-8-104-56-144-111-35-109-0-12-29-160-33-11-138-182-51-120-67-71-191-90-131-121-112-158-25-177-5-78-175-80-190-73-164-31-54-193-117-198-156-24-1-38-63-135-122-100-40-107-133-10-147-6-188-169-132-168-195-145-15-70-3-155-184-152-34-55-18-62-124-106-86-185-95-183-140-149-28-20-148-47-94-179-166-176-113-103-163-89-127-165-187-153"
190,47814,100,20084,67898,214,"138-33-104-8-111-144-160-29-0-109-35-34-55-18-62-124-106-176-180-113-103-163-89-165-127-114-194-166-86-185-95-130-99-22-179-172-66-94-47-148-20-28-140-183-152-184-155-3-70-15-145-195-168-132-169-188-6-147-71-191-90-122-178-10-133-107-40-63-135-38-27-1-198-117-193-190-80-45-142-175-78-36-61-21-177-5-136-73-164-31-54-19-112-121-51-118-74-134-139-11"
191,47251,100,20649,67900,219,"63-40-107-122-133-10-178-147-6-188-169-132-70-3-155-189-15-145-13-195-168-29-0-109-35-143-106-124-128-62-18-55-34-183-140-28-20-60-148-47-94-66-172-179-185-130-95-86-166-194-176-113-114-127-89-103-163-153-81-77-97-141-91-79-61-36-177-21-82-111-8-104-144-160-33-138-11-139-134-118-51-120-191-90-125-131-121-73-80-190-193-31-54-117-198-156-1-38-135-102"
192,48970,100,22163,71133,218,"165-127-114-194-166-86-185-179-94-47-148-60-20-28-140-183-152-184-155-3-70-169-188-6-147-134-139-138-182-25-177-5-45-136-73-31-54-112-121-51-125-191-90-122-133-10-72-107-40-63-102-135-38-27-1-198-117-193-190-80-162-175-78-36-61-79-91-141-97-77-82-8-104-144-111-143-35-109-0-29-160-33-49-11-43-168-195-13-145-15-34-18-62-124-106-176-113-103-163-89"
193,47923,100,22077,70000,203,"138-33-144-56-104-8-111-82-21-141-77-81-153-163-89-127-137-114-103-113-180-176-88-194-166-172-179-94-47-148-60-20-28-149-4-140-183-95-130-99-185-86-128-106-124-62-18-55-34-35-109-0-29-160-11-139-168-195-13-145-15-189-184-155-3-70-132-169-188-6-147-10-133-107-40-63-38-27-1-156-198-117-31-193-190-80-136-73-54-121-131-135-122-90-191-51-25-5-177-182"
194,49463,100,22645,72108,244,"63-122-135-38-16-1-198-117-54-31-164-73-136-5-177-21-82-8-104-160-33-11-139-138-182-25-158-121-51-191-90-178-133-10-147-6-188-169-168-195-13-132-70-3-15-145-189-155-152-170-34-18-55-183-140-148-47-94-99-130-95-185-179-166-86-128-62-124-106-159-143-35-109-0-29-111-41-81-153-176-194-113-103-127-89-163-187-146-97-77-141-61-36-78-175-80-190-193-156-27"
195,50006,100,19423,69429,202,"1-156-198-117-193-54-31-164-73-136-190-80-175-78-142-5-177-21-61-36-91-141-77-82-8-104-56-144-111-41-14-81-153-187-165-127-89-163-103-26-137-75-114-113-180-176-194-166-86-185-179-99-130-95-183-140-28-152-170-34-55-18-83-62-128-124-106-119-159-143-35-109-0-29-160-33-138-11-139-168-195-132-169-188-6-147-10-133-44-122-90-191-51-98-118-121-131-135-63-38"
196,47710,100,20875,68585,225,"18-62-143-106-124-128-86-185-130-95-183-140-28-20-148-47-94-179-172-166-194-176-113-103-127-89-163-153-187-141-77-81-41-111-35-109-0-29-39-160-49-11-139-182-138-33-144-56-104-8-82-87-21-91-61-36-177-5-175-80-190-73-54-31-193-117-198-1-16-27-38-102-63-135-122-100-40-107-72-133-10-178-191-90-121-51-147-134-6-188-169-168-195-145-15-70-3-155-152-55"
197,47257,100,19887,67144,219,"122-135-63-102-38-27-1-24-156-198-117-193-31-54-164-73-136-190-80-45-175-78-5-36-61-91-141-77-81-153-163-89-127-103-113-180-176-88-194-166-86-95-185-179-66-94-47-148-20-28-140-183-55-18-62-124-106-159-143-35-109-0-29-111-8-82-21-177-25-182-138-104-160-33-11-139-168-195-145-3-70-132-169-188-6-147-134-74-118-98-51-121-131-90-191-178-10-133-40-107"
198,48462,100,21572,70034,207,"63-102-32-135-38-27-16-1-156-198-117-54-73-31-193-190-80-45-175-78-5-36-61-141-77-81-153-163-89-103-113-176-194-166-86-185-179-66-94-154-47-148-60-20-99-130-95-128-106-124-62-18-55-34-183-140-28-149-152-155-189-109-35-0-29-49-33-160-144-104-8-111-82-21-177-25-158-121-98-118-182-138-11-168-145-3-70-169-188-6-147-71-51-191-90-122-133-10-107-40"
199,47798,100,21291,69089,221,"47-148-60-20-140-183-152-170-184-155-3-70-188-169-132-195-168-139-11-138-182-118-98-51-90-191-147-10-133-122-72-17-107-40-100-63-135-131-121-112-1-156-198-117-193-31-54-73-136-190-80-45-175-78-5-177-21-8-82-61-36-91-141-77-153-81-111-144-56-104-33-160-29-0-109-35-143-106-124-128-62-18-34-55-95-130-86-176-163-89-127-103-113-194-166-179-185-99-66-94"
200,48509,100,21047,69556,185,"194-166-86-185-99-22-179-66-94-47-148-20-28-140-183-130-95-174-152-184-155-189-170-34-55-18-62-128-124-106-143-153-77-82-8-104-138-33-160-29-12-0-35-109-168-195-13-145-15-3-70-169-188-6-147-71-120-98-51-125-191-90-122-133-107-40-63-135-38-1-131-121-112-73-31-54-117-193-136-190-80-45-175-78-5-177-36-61-141-187-165-163-103-89-127-114-113-180-176-88"
