SolutionID,TotalCost,NumNodes,TotalDistance,ObjectiveFunction,Cycle
1,53261,100,20207,73468,"17-107-40-100-63-102-135-122-90-191-125-131-38-27-16-1-156-198-117-193-80-190-162-175-78-142-36-61-91-141-97-77-187-165-127-89-103-113-194-166-179-185-99-130-95-86-176-163-153-81-82-8-144-111-0-35-109-29-160-33-11-134-6-188-169-132-13-161-70-3-15-145-195-168-139-182-138-104-21-177-5-45-136-31-54-164-73-151-19-112-121-51-120-71-147-115-178-10-133-72"
2,50234,100,20562,70796,"26-103-114-137-127-165-89-163-187-146-97-141-91-36-61-175-78-142-45-5-177-21-82-8-104-138-182-139-168-195-145-15-3-70-13-132-169-188-6-147-90-122-135-131-121-51-134-11-33-160-29-0-109-35-111-77-81-153-180-176-106-159-143-124-128-62-83-18-55-34-170-152-53-4-149-28-59-20-60-154-94-66-47-148-9-199-140-183-86-95-130-99-22-185-179-172-52-166-194-113"
3,49369,100,19673,69042,"1-16-27-38-63-135-122-133-10-115-147-6-188-169-132-13-161-70-3-15-145-195-168-43-11-29-109-35-0-111-81-153-163-176-106-124-62-18-55-34-170-152-140-183-86-95-130-99-185-179-166-194-113-103-89-127-165-187-77-141-91-61-36-175-78-142-45-5-177-21-82-8-104-144-160-33-138-182-139-134-74-118-98-51-191-90-125-131-121-112-19-151-73-164-54-31-193-117-198-156"
4,50803,100,20412,71215,"173-54-117-198-193-31-164-73-190-80-136-45-142-175-78-5-36-61-91-141-97-77-146-187-165-127-89-103-137-114-113-194-166-172-179-185-22-99-130-95-86-183-140-152-170-34-55-18-62-128-124-143-106-176-180-163-153-81-82-8-144-111-0-35-109-29-160-33-49-11-134-74-118-51-90-191-147-6-188-169-132-13-161-70-3-15-145-195-168-139-182-138-104-21-177-25-158-121-112-19"
5,49420,100,20809,70229,"80-162-175-78-142-36-61-91-141-97-77-187-165-127-89-103-113-194-166-179-185-99-130-95-86-183-140-152-170-34-55-18-62-124-106-176-163-153-81-82-8-144-111-0-35-109-29-160-33-11-134-74-118-98-51-121-131-135-102-63-40-107-100-122-133-10-178-90-191-71-147-6-188-169-132-13-161-70-3-15-145-195-168-139-182-138-104-21-177-5-45-136-73-164-31-54-117-198-193-190"
6,50218,100,20546,70764,"97-141-91-36-61-175-78-142-45-5-177-21-82-8-104-138-182-139-168-195-145-15-3-70-13-132-169-188-6-147-90-122-135-131-121-51-134-11-33-160-29-0-109-35-111-77-81-153-163-180-176-106-159-143-124-128-62-83-18-55-34-170-152-53-4-149-28-59-20-60-154-94-66-47-148-9-199-140-183-86-95-130-99-22-185-179-172-52-166-194-113-26-114-137-103-89-127-165-187-146"
7,50218,100,20546,70764,"153-163-180-176-106-159-143-124-128-62-83-18-55-34-170-152-53-4-149-28-59-20-60-154-94-66-47-148-9-199-140-183-86-95-130-99-22-185-179-172-52-166-194-113-26-114-137-103-89-127-165-187-146-97-141-91-36-61-175-78-142-45-5-177-21-82-8-104-138-182-139-168-195-145-15-3-70-13-132-169-188-6-147-90-122-135-131-121-51-134-11-33-160-29-0-109-35-111-77-81"
8,50454,100,20529,70983,"60-154-94-66-47-148-99-22-179-172-52-185-166-194-113-26-103-114-137-127-89-163-165-187-146-97-141-91-36-61-175-78-142-45-5-177-21-82-8-104-138-182-139-168-195-145-15-3-70-13-132-169-188-6-147-90-122-135-131-121-51-134-11-33-160-29-0-109-35-111-77-81-153-129-180-176-86-130-95-128-106-159-143-124-62-83-18-55-34-170-152-174-183-140-199-4-149-28-59-20"
9,52425,100,20844,73269,"90-71-147-178-10-133-122-72-100-107-40-63-102-135-38-27-16-1-156-198-117-193-80-190-162-175-78-142-36-61-91-141-97-77-187-165-127-89-103-113-194-166-179-185-99-130-95-86-124-106-176-163-153-81-82-8-144-111-0-35-109-29-160-33-11-134-6-188-169-132-13-161-70-3-15-145-195-168-139-182-138-104-21-177-5-45-136-31-164-73-54-151-131-121-116-118-98-51-125-191"
10,51165,100,18667,69832,"160-144-56-104-8-82-87-21-177-5-45-142-78-175-36-61-79-91-141-77-97-146-187-165-127-89-103-137-114-26-113-194-166-52-172-179-185-22-99-130-95-86-183-140-199-9-148-47-66-94-60-20-59-28-149-4-152-170-34-55-18-62-128-124-143-159-106-176-180-163-153-81-111-0-35-109-29-69-189-155-145-15-3-70-161-188-6-169-132-13-126-195-168-43-134-139-11-182-138-33"
11,50803,100,20412,71215,"173-54-117-198-193-31-164-73-190-80-136-45-142-175-78-5-36-61-91-141-97-77-146-187-165-127-89-103-137-114-113-194-166-172-179-185-22-99-130-95-86-183-140-152-170-34-55-18-62-128-124-143-106-176-180-163-153-81-82-8-144-111-0-35-109-29-160-33-49-11-134-74-118-51-90-191-147-6-188-169-132-13-161-70-3-15-145-195-168-139-182-138-104-21-177-25-158-121-112-19"
12,51245,100,20125,71370,"37-35-109-29-0-144-160-33-49-11-134-74-118-98-51-121-131-135-102-63-40-107-100-122-133-10-178-90-191-71-147-6-188-169-132-13-161-70-3-15-145-195-168-139-182-138-104-8-82-87-21-177-5-45-142-78-175-36-61-91-141-77-97-146-187-165-127-89-103-137-114-113-194-166-172-179-185-22-99-130-95-86-183-140-152-170-34-55-18-62-128-124-143-106-176-180-163-153-81-111"
13,50648,100,20343,70991,"128-106-159-143-124-62-83-18-34-55-170-152-140-183-95-130-22-99-9-199-4-149-28-59-20-60-148-47-154-94-66-57-172-52-179-185-86-166-194-113-26-103-114-137-127-89-163-165-187-146-97-141-91-36-61-175-78-142-45-5-177-21-82-8-104-138-182-139-168-195-145-15-3-70-13-132-169-188-6-147-90-122-131-121-51-134-11-33-160-29-0-109-35-111-77-81-153-129-180-176"
14,52995,100,20726,73721,"133-122-72-100-107-40-63-102-135-38-27-16-1-156-198-117-193-80-190-162-175-78-142-36-61-91-141-97-77-187-165-127-89-103-113-194-166-179-185-99-130-95-86-106-176-163-153-81-82-8-144-111-0-35-109-29-160-33-11-134-6-188-169-132-13-161-70-3-15-145-195-168-139-182-138-104-21-177-5-45-136-31-164-73-54-151-131-121-116-118-98-51-125-90-191-71-147-115-178-10"
15,50573,100,21167,71740,"105-136-73-164-31-54-117-198-1-156-193-45-5-177-21-104-138-182-139-168-195-145-15-3-70-161-13-132-169-188-6-147-71-191-90-178-10-133-122-100-107-40-63-102-135-131-121-51-98-118-74-134-11-33-160-29-109-35-0-111-144-8-82-81-153-163-176-106-124-62-18-55-140-183-86-95-130-99-185-179-166-194-113-103-89-127-165-187-77-97-141-91-61-36-142-78-175-162-80-190"
16,50988,100,20545,71533,"9-148-47-66-94-154-60-20-59-28-149-4-199-140-183-174-152-170-34-55-18-83-62-124-143-159-106-128-95-86-176-180-129-153-81-77-111-35-109-0-29-160-33-11-134-51-121-131-122-90-147-6-188-169-132-13-70-3-15-145-195-168-139-182-138-104-8-82-21-177-5-45-142-78-175-61-36-91-141-97-146-187-165-163-89-127-137-114-103-26-113-194-166-185-52-172-179-22-99-130"
17,50218,100,20546,70764,"165-187-146-97-141-91-36-61-175-78-142-45-5-177-21-82-8-104-138-182-139-168-195-145-15-3-70-13-132-169-188-6-147-90-122-135-131-121-51-134-11-33-160-29-0-109-35-111-77-81-153-163-180-176-106-159-143-124-128-62-83-18-55-34-170-152-53-4-149-28-59-20-60-154-94-66-47-148-9-199-140-183-86-95-130-99-22-185-179-172-52-166-194-113-26-114-137-103-89-127"
18,51104,100,21081,72185,"196-80-190-162-175-78-142-36-61-91-141-97-77-187-165-127-89-103-113-194-166-179-185-99-130-95-86-183-55-18-62-124-106-176-163-153-81-82-8-144-111-0-35-109-29-160-33-11-134-74-118-98-51-121-131-135-102-63-40-107-100-122-133-10-178-90-191-71-147-6-188-169-132-13-161-70-3-15-145-195-168-139-182-138-104-21-177-5-45-136-73-164-193-31-54-117-198-1-156-42"
19,51179,100,20314,71493,"36-141-77-97-146-187-165-127-89-103-137-114-113-194-166-172-179-185-22-99-130-95-86-183-140-152-170-34-55-18-62-128-124-143-106-176-180-163-153-81-111-35-109-0-29-160-33-49-11-134-74-118-98-51-121-131-135-102-63-40-107-100-122-133-10-178-90-191-71-147-6-188-169-132-13-161-70-3-15-145-195-168-139-182-138-104-56-144-8-82-87-21-177-5-45-142-78-175-91-61"
20,51509,100,18676,70185,"18-55-34-109-29-189-145-15-3-70-161-188-6-169-132-13-126-195-168-43-134-139-11-182-138-33-160-144-56-104-8-82-87-21-177-5-45-142-78-175-36-61-79-91-141-77-97-146-187-153-81-41-111-0-35-143-159-106-124-128-176-180-163-89-165-127-137-114-103-26-113-194-166-86-185-179-172-57-66-94-47-148-60-20-59-28-149-4-199-9-99-22-130-95-183-140-152-170-83-62"
21,51027,100,20399,71426,"23-20-59-28-149-4-199-140-183-174-152-170-34-55-18-83-62-124-143-159-106-128-95-130-86-176-180-129-153-81-77-111-35-109-0-29-160-33-11-134-51-121-131-122-90-147-6-188-169-132-13-70-3-15-145-195-168-139-182-138-104-8-82-21-177-5-45-142-78-175-61-36-91-141-97-146-187-165-163-89-127-137-114-103-26-113-194-166-185-52-172-179-22-99-148-47-66-94-154-60"
22,49585,100,20974,70559,"73-54-117-198-193-80-190-162-175-78-142-36-61-91-141-97-77-187-165-127-89-103-113-194-166-179-185-99-130-95-86-183-140-152-170-34-55-18-62-124-106-176-163-153-81-82-8-144-111-0-35-109-29-160-33-11-134-74-118-98-51-121-131-135-102-63-40-107-100-122-133-10-178-90-191-71-147-6-188-169-132-13-161-70-3-15-145-195-168-139-182-138-104-21-177-5-45-136-31-164"
23,50598,100,19799,70397,"13-161-70-3-15-145-195-168-29-109-35-0-111-81-153-163-180-176-106-143-124-128-62-18-55-34-170-152-140-183-86-95-130-99-22-185-179-172-166-194-113-114-137-103-89-127-165-187-146-97-77-141-91-61-36-175-78-142-45-5-177-21-87-82-8-104-56-144-160-33-138-182-11-139-43-134-74-118-98-51-121-131-135-102-63-40-107-100-122-133-10-178-90-191-71-147-6-188-169-132"
24,51509,100,18676,70185,"159-106-124-128-176-180-163-89-165-127-137-114-103-26-113-194-166-86-185-179-172-57-66-94-47-148-60-20-59-28-149-4-199-9-99-22-130-95-183-140-152-170-83-62-18-55-34-109-29-189-145-15-3-70-161-188-6-169-132-13-126-195-168-43-134-139-11-182-138-33-160-144-56-104-8-82-87-21-177-5-45-142-78-175-36-61-79-91-141-77-97-146-187-153-81-41-111-0-35-143"
25,51027,100,20399,71426,"23-20-59-28-149-4-199-140-183-174-152-170-34-55-18-83-62-124-143-159-106-128-95-130-86-176-180-129-153-81-77-111-35-109-0-29-160-33-11-134-51-121-131-122-90-147-6-188-169-132-13-70-3-15-145-195-168-139-182-138-104-8-82-21-177-5-45-142-78-175-61-36-91-141-97-146-187-165-163-89-127-137-114-103-26-113-194-166-185-52-172-179-22-99-148-47-66-94-154-60"
26,49839,100,19391,69230,"140-152-170-34-55-18-62-128-124-106-143-35-109-0-29-160-33-11-134-74-118-98-51-121-131-135-102-63-40-107-100-122-133-10-178-90-191-71-147-6-188-169-132-13-161-70-3-15-145-195-168-139-182-138-104-8-21-82-111-81-77-141-97-153-187-165-163-89-127-137-114-103-26-180-176-113-194-166-86-185-179-172-57-66-94-47-148-60-20-59-28-149-4-199-9-99-22-130-95-183"
27,50598,100,19799,70397,"134-74-118-98-51-121-131-135-102-63-40-107-100-122-133-10-178-90-191-71-147-6-188-169-132-13-161-70-3-15-145-195-168-29-109-35-0-111-81-153-163-180-176-106-143-124-128-62-18-55-34-170-152-140-183-86-95-130-99-22-185-179-172-166-194-113-114-137-103-89-127-165-187-146-97-77-141-91-61-36-175-78-142-45-5-177-21-87-82-8-104-56-144-160-33-138-182-11-139-43"
28,50218,100,20546,70764,"187-165-127-89-103-137-114-26-113-194-166-52-172-179-185-22-99-130-95-86-183-140-199-9-148-47-66-94-154-60-20-59-28-149-4-53-152-170-34-55-18-83-62-128-124-143-159-106-176-180-163-153-81-77-111-35-109-0-29-160-33-11-134-51-121-131-135-122-90-147-6-188-169-132-13-70-3-15-145-195-168-139-182-138-104-8-82-21-177-5-45-142-78-175-61-36-91-141-97-146"
29,50660,100,19827,70487,"130-95-86-183-140-152-170-34-55-18-62-128-124-106-143-35-109-0-29-160-33-49-11-134-74-118-98-51-121-131-135-102-63-40-107-100-122-133-10-178-90-191-71-147-6-188-169-132-13-161-70-3-15-145-195-168-139-182-138-104-56-144-8-177-5-45-142-78-175-36-61-91-21-87-82-111-81-77-141-97-153-187-165-163-89-127-137-114-103-26-180-176-113-194-166-172-179-185-22-99"
30,52409,100,19939,72348,"158-25-177-5-45-142-78-175-36-61-91-141-97-146-187-165-127-89-103-113-194-166-179-185-99-130-95-86-124-106-176-163-153-81-77-21-87-82-111-8-104-56-144-160-0-35-109-29-33-11-43-134-147-6-188-169-132-13-161-70-3-15-145-195-168-139-138-182-74-118-98-51-125-191-90-178-10-133-122-100-107-40-63-102-135-38-27-16-1-156-198-117-193-31-164-73-54-151-131-121"
31,52363,100,20782,73145,"51-98-118-116-121-131-151-54-73-164-31-136-45-5-177-21-104-138-182-139-168-195-145-15-3-70-161-13-132-169-188-6-134-11-33-160-29-109-35-0-111-144-8-82-81-153-163-176-106-124-86-95-130-99-185-179-166-194-113-103-89-127-165-187-77-97-141-91-61-36-142-78-175-162-80-190-193-117-198-156-1-16-27-38-135-102-63-40-107-100-72-122-133-10-178-147-71-90-191-125"
32,51717,100,20642,72359,"50-82-87-21-91-61-36-175-78-142-45-5-177-8-144-56-104-138-182-139-168-195-145-15-3-70-161-13-132-169-188-6-147-71-191-90-178-10-133-122-100-107-40-63-102-135-131-121-51-98-118-74-134-11-33-160-29-0-109-35-111-81-153-163-180-176-106-143-124-128-62-18-55-34-170-152-140-183-86-95-130-99-22-185-179-172-166-194-113-114-137-103-89-127-165-187-146-97-141-77"
33,50527,100,20066,70593,"57-172-52-179-22-99-130-185-166-194-113-26-103-114-137-127-89-163-165-187-146-97-141-91-36-61-175-78-142-45-5-177-21-82-8-104-138-182-139-168-195-145-15-3-70-13-132-169-188-6-147-90-122-131-121-51-134-11-33-160-29-0-109-35-111-77-81-153-129-180-176-86-95-128-106-159-143-124-62-83-18-55-34-170-152-174-183-140-199-4-149-28-59-20-60-148-47-154-94-66"
34,53069,100,20746,73815,"122-90-191-125-131-38-27-16-1-156-198-117-193-80-190-162-175-78-142-36-61-91-141-97-77-187-165-127-89-103-113-194-166-179-185-99-130-95-86-106-176-163-153-81-82-8-144-111-0-35-109-29-160-33-11-134-6-188-169-132-13-161-70-3-15-145-195-168-139-182-138-104-21-177-5-45-136-31-54-164-73-151-19-112-121-51-120-71-147-115-178-10-133-72-107-40-100-63-102-135"
35,51628,100,20546,72174,"123-5-45-142-175-78-36-61-91-141-97-77-146-187-165-127-89-103-137-114-113-194-166-172-179-185-22-99-130-95-86-183-140-152-170-34-55-18-62-128-124-143-106-176-180-163-153-81-82-8-144-111-0-35-109-29-160-33-49-11-134-74-118-98-51-121-131-135-102-63-40-107-100-122-133-10-178-90-191-71-147-6-188-169-132-13-161-70-3-15-145-195-168-139-182-138-104-87-21-177"
36,50660,100,19827,70487,"176-180-26-103-114-137-127-89-163-165-187-153-97-141-77-81-111-82-87-21-91-61-36-175-78-142-45-5-177-8-144-56-104-138-182-139-168-195-145-15-3-70-161-13-132-169-188-6-147-71-191-90-178-10-133-122-100-107-40-63-102-135-131-121-51-98-118-74-134-11-49-33-160-29-0-109-35-143-106-124-128-62-18-55-34-170-152-140-183-86-95-130-99-22-185-179-172-166-194-113"
37,50218,100,20546,70764,"141-97-146-187-165-127-89-103-137-114-26-113-194-166-52-172-179-185-22-99-130-95-86-183-140-199-9-148-47-66-94-154-60-20-59-28-149-4-53-152-170-34-55-18-83-62-128-124-143-159-106-176-180-163-153-81-77-111-35-109-0-29-160-33-11-134-51-121-131-135-122-90-147-6-188-169-132-13-70-3-15-145-195-168-139-182-138-104-8-82-21-177-5-45-142-78-175-61-36-91"
38,51775,100,18594,70369,"119-159-143-35-0-111-41-81-153-187-146-97-77-141-91-79-61-36-175-78-142-45-5-177-21-87-82-8-104-56-144-160-33-138-182-11-139-134-43-168-195-126-13-132-169-6-188-161-70-3-15-145-29-109-34-55-18-62-83-170-152-140-183-95-130-22-99-9-199-4-149-28-59-20-60-148-47-94-66-57-172-179-185-86-166-194-113-26-103-114-137-127-165-89-163-180-176-128-124-106"
39,52330,100,20370,72700,"174-55-62-95-130-22-99-9-199-4-149-28-59-20-60-148-47-94-66-57-172-179-185-86-166-194-113-26-103-114-137-127-89-163-165-187-146-97-141-77-81-153-129-180-176-128-124-106-159-143-35-0-111-82-87-21-91-61-36-175-78-142-45-5-177-25-8-104-56-144-160-33-138-182-11-139-134-43-168-195-13-132-169-6-188-161-70-3-15-145-155-189-29-109-18-34-170-152-140-183"
40,53236,100,20188,73424,"44-122-72-100-107-40-63-102-135-38-27-16-1-156-198-117-193-80-190-162-175-78-142-36-61-91-141-97-77-187-165-127-89-103-113-194-166-179-185-99-130-95-86-176-163-153-81-82-8-144-111-0-35-109-29-160-33-11-134-6-188-169-132-13-161-70-3-15-145-195-168-139-182-138-104-21-177-5-45-136-31-164-73-54-151-131-121-116-118-98-51-125-90-191-71-147-115-178-10-133"
41,50598,100,19799,70397,"13-161-70-3-15-145-195-168-29-109-35-0-111-81-153-163-180-176-106-143-124-128-62-18-55-34-170-152-140-183-86-95-130-99-22-185-179-172-166-194-113-114-137-103-89-127-165-187-146-97-77-141-91-61-36-175-78-142-45-5-177-21-87-82-8-104-56-144-160-33-138-182-11-139-43-134-74-118-98-51-121-131-135-102-63-40-107-100-122-133-10-178-90-191-71-147-6-188-169-132"
42,50598,100,19799,70397,"6-147-71-191-90-178-10-133-122-100-107-40-63-102-135-131-121-51-98-118-74-134-43-139-11-182-138-33-160-144-56-104-8-82-87-21-177-5-45-142-78-175-36-61-91-141-77-97-146-187-165-127-89-103-137-114-113-194-166-172-179-185-22-99-130-95-86-183-140-152-170-34-55-18-62-128-124-143-106-176-180-163-153-81-111-0-35-109-29-168-195-145-15-3-70-161-13-132-169-188"
43,51284,100,18786,70070,"139-182-138-33-160-144-56-104-8-82-87-21-177-5-45-142-78-175-36-61-79-91-141-77-97-146-187-165-127-89-103-137-114-26-113-194-166-52-172-179-185-22-99-130-95-86-183-140-199-9-148-47-66-94-60-20-59-28-149-4-152-170-34-55-18-62-128-124-143-159-106-176-180-163-153-81-111-0-35-109-29-69-189-155-145-15-3-70-161-188-6-169-132-13-126-195-168-43-134-11"
44,51537,100,19920,71457,"104-138-182-139-168-195-145-15-3-70-161-13-132-169-188-6-147-71-191-90-178-10-133-122-100-107-40-63-102-135-38-27-16-1-156-198-117-193-31-164-73-54-151-131-121-51-98-118-74-134-43-11-49-33-160-29-109-35-0-111-144-82-87-21-77-81-153-163-176-106-124-62-18-86-95-130-99-185-179-166-194-113-103-89-127-165-187-146-97-141-91-61-36-175-78-142-45-5-177-8"
45,49338,100,19642,68980,"151-54-73-164-31-193-117-198-156-1-16-27-38-63-135-122-133-10-115-147-6-188-169-132-13-161-70-3-15-145-195-168-43-11-29-109-35-0-111-81-153-163-176-106-124-62-18-55-34-170-152-140-183-86-95-130-99-185-179-166-194-113-103-89-127-165-187-77-141-91-61-36-175-78-142-45-5-177-21-82-8-104-144-160-33-138-182-139-134-74-118-98-51-191-90-125-131-121-112-19"
46,50573,100,21167,71740,"105-136-73-164-31-54-117-198-1-156-193-45-5-177-21-104-138-182-139-168-195-145-15-3-70-161-13-132-169-188-6-147-71-191-90-178-10-133-122-100-107-40-63-102-135-131-121-51-98-118-74-134-11-33-160-29-109-35-0-111-144-8-82-81-153-163-176-106-124-62-18-55-140-183-86-95-130-99-185-179-166-194-113-103-89-127-165-187-77-97-141-91-61-36-142-78-175-162-80-190"
47,51703,100,18955,70658,"65-188-6-169-126-168-195-145-15-189-34-109-29-49-11-139-182-138-33-160-144-56-104-8-82-87-21-177-5-45-142-78-175-36-61-91-141-77-97-146-187-153-81-111-0-35-143-159-106-124-62-18-55-83-128-86-176-180-163-89-165-127-137-114-103-26-113-194-166-52-172-179-185-22-99-130-95-183-140-199-9-148-47-66-94-60-20-59-28-149-4-152-170-184-155-3-70-161-13-132"
48,50648,100,20343,70991,"128-106-159-143-124-62-83-18-34-55-170-152-140-183-95-130-22-99-9-199-4-149-28-59-20-60-148-47-154-94-66-57-172-52-179-185-86-166-194-113-26-103-114-137-127-89-163-165-187-146-97-141-91-36-61-175-78-142-45-5-177-21-82-8-104-138-182-139-168-195-145-15-3-70-13-132-169-188-6-147-90-122-131-121-51-134-11-33-160-29-0-109-35-111-77-81-153-129-180-176"
49,52409,100,19939,72348,"158-25-177-5-45-142-78-175-36-61-91-141-97-146-187-165-127-89-103-113-194-166-179-185-99-130-95-86-124-106-176-163-153-81-77-21-87-82-111-8-104-56-144-160-0-35-109-29-33-11-43-134-147-6-188-169-132-13-161-70-3-15-145-195-168-139-138-182-74-118-98-51-125-191-90-178-10-133-122-100-107-40-63-102-135-38-27-16-1-156-198-117-193-31-164-73-54-151-131-121"
50,51055,100,20558,71613,"137-114-113-194-166-172-179-185-22-99-130-95-86-183-140-199-9-148-47-66-94-60-20-59-28-149-4-152-170-34-55-18-62-128-124-143-159-106-35-109-0-29-160-33-11-134-74-118-98-51-121-131-135-102-63-40-107-100-122-133-10-178-90-191-71-147-6-188-169-132-13-161-70-3-15-145-195-168-139-182-138-104-8-21-82-111-81-77-141-97-153-187-176-180-26-103-163-89-165-127"
51,50802,100,19709,70511,"2-139-11-182-138-33-160-144-56-104-8-82-87-21-177-5-45-142-78-175-36-61-91-141-77-97-146-187-165-127-89-103-137-114-113-194-166-172-179-185-22-99-130-95-86-183-140-152-170-34-55-18-62-128-124-143-106-176-180-163-153-81-111-0-35-109-29-168-195-145-15-3-70-161-13-132-169-188-6-147-71-191-90-178-10-133-122-100-107-40-63-102-135-131-121-51-98-118-74-134"
52,51165,100,18667,69832,"138-182-11-139-134-43-168-195-126-13-132-169-6-188-161-70-3-15-145-155-189-69-29-109-35-0-111-81-153-163-180-176-106-159-143-124-128-62-18-55-34-170-152-4-149-28-59-20-60-94-66-47-148-9-199-140-183-86-95-130-99-22-185-179-172-52-166-194-113-26-114-137-103-89-127-165-187-146-97-77-141-91-79-61-36-175-78-142-45-5-177-21-87-82-8-104-56-144-160-33"
53,52363,100,20782,73145,"98-118-116-121-131-151-54-73-164-31-136-45-5-177-21-104-138-182-139-168-195-145-15-3-70-161-13-132-169-188-6-134-11-33-160-29-109-35-0-111-144-8-82-81-153-163-176-106-124-86-95-130-99-185-179-166-194-113-103-89-127-165-187-77-97-141-91-61-36-142-78-175-162-80-190-193-117-198-156-1-16-27-38-135-102-63-40-107-100-72-122-133-10-178-147-71-90-191-125-51"
54,51179,100,20314,71493,"61-91-175-78-142-45-5-177-21-87-82-8-144-56-104-138-182-139-168-195-145-15-3-70-161-13-132-169-188-6-147-71-191-90-178-10-133-122-100-107-40-63-102-135-131-121-51-98-118-74-134-11-49-33-160-29-0-109-35-111-81-153-163-180-176-106-143-124-128-62-18-55-34-170-152-140-183-86-95-130-99-22-185-179-172-166-194-113-114-137-103-89-127-165-187-146-97-77-141-36"
55,50660,100,19827,70487,"176-180-26-103-114-137-127-89-163-165-187-153-97-141-77-81-111-82-87-21-91-61-36-175-78-142-45-5-177-8-144-56-104-138-182-139-168-195-145-15-3-70-161-13-132-169-188-6-147-71-191-90-178-10-133-122-100-107-40-63-102-135-131-121-51-98-118-74-134-11-49-33-160-29-0-109-35-143-106-124-128-62-18-55-34-170-152-140-183-86-95-130-99-22-185-179-172-166-194-113"
56,50660,100,19827,70487,"86-95-130-99-22-185-179-172-166-194-113-176-180-26-103-114-137-127-89-163-165-187-153-97-141-77-81-111-82-87-21-91-61-36-175-78-142-45-5-177-8-144-56-104-138-182-139-168-195-145-15-3-70-161-13-132-169-188-6-147-71-191-90-178-10-133-122-100-107-40-63-102-135-131-121-51-98-118-74-134-11-49-33-160-29-0-109-35-143-106-124-128-62-18-55-34-170-152-140-183"
57,49420,100,20809,70229,"162-80-190-193-198-117-54-31-164-73-136-45-5-177-21-104-138-182-139-168-195-145-15-3-70-161-13-132-169-188-6-147-71-191-90-178-10-133-122-100-107-40-63-102-135-131-121-51-98-118-74-134-11-33-160-29-109-35-0-111-144-8-82-81-153-163-176-106-124-62-18-55-34-170-152-140-183-86-95-130-99-185-179-166-194-113-103-89-127-165-187-77-97-141-91-61-36-142-78-175"
58,50234,100,20562,70796,"89-163-187-146-97-141-91-36-61-175-78-142-45-5-177-21-82-8-104-138-182-139-168-195-145-15-3-70-13-132-169-188-6-147-90-122-135-131-121-51-134-11-33-160-29-0-109-35-111-77-81-153-180-176-106-159-143-124-128-62-83-18-55-34-170-152-53-4-149-28-59-20-60-154-94-66-47-148-9-199-140-183-86-95-130-99-22-185-179-172-52-166-194-113-26-103-114-137-127-165"
59,52639,100,19488,72127,"171-104-138-182-139-168-195-145-15-3-70-161-13-132-169-188-6-147-71-191-90-178-10-133-122-100-107-40-63-102-135-38-27-16-1-156-198-117-193-31-164-73-54-151-131-121-51-98-118-74-134-43-11-49-33-160-29-109-35-0-111-144-56-8-82-87-21-77-81-153-163-176-106-124-86-95-130-99-185-179-166-194-113-103-89-127-165-187-146-97-141-91-61-36-175-78-142-45-5-177"
60,50544,100,21188,71732,"30-80-190-162-175-78-142-36-61-91-141-97-77-187-165-127-89-103-113-194-166-179-185-99-130-95-86-183-140-55-18-62-124-106-176-163-153-81-82-8-144-111-0-35-109-29-160-33-11-134-74-118-98-51-121-131-135-102-63-40-107-100-122-133-10-178-90-191-71-147-6-188-169-132-13-161-70-3-15-145-195-168-139-182-138-104-21-177-5-45-136-193-31-164-73-54-117-198-1-156"
61,52552,100,19478,72030,"58-82-8-56-144-111-0-35-109-29-160-33-49-11-43-134-74-118-98-51-121-131-151-54-73-164-31-193-117-198-156-1-16-27-38-135-102-63-40-107-100-122-133-10-178-90-191-71-147-6-188-169-132-13-161-70-3-15-145-195-168-139-182-138-104-87-21-177-5-45-142-78-175-61-36-91-141-97-146-187-165-127-89-103-113-194-166-179-185-99-130-95-86-124-106-176-163-153-81-77"
62,49369,100,19673,69042,"156-198-117-193-31-54-164-73-151-19-112-121-131-125-90-191-51-98-118-74-134-139-182-138-33-160-144-104-8-82-21-177-5-45-142-78-175-36-61-91-141-77-187-165-127-89-103-113-194-166-179-185-99-130-95-86-183-140-152-170-34-55-18-62-124-106-176-163-153-81-111-0-35-109-29-11-43-168-195-145-15-3-70-161-13-132-169-188-6-147-115-10-133-122-135-63-38-27-16-1"
63,50218,100,20546,70764,"77-81-153-163-180-176-106-159-143-124-128-62-83-18-55-34-170-152-53-4-149-28-59-20-60-154-94-66-47-148-9-199-140-183-86-95-130-99-22-185-179-172-52-166-194-113-26-114-137-103-89-127-165-187-146-97-141-91-36-61-175-78-142-45-5-177-21-82-8-104-138-182-139-168-195-145-15-3-70-13-132-169-188-6-147-90-122-135-131-121-51-134-11-33-160-29-0-109-35-111"
64,50240,100,20778,71018,"99-22-130-95-86-128-55-34-18-62-124-106-143-35-109-0-29-160-33-11-134-74-118-98-51-121-131-135-102-63-40-107-100-122-133-10-178-90-191-71-147-6-188-169-132-13-161-70-3-15-145-195-168-139-182-138-104-8-177-36-21-82-111-81-77-141-97-153-187-165-163-89-127-137-114-103-26-180-176-113-194-166-185-179-172-57-66-94-47-148-60-20-59-28-149-4-152-140-183-9"
65,50598,100,19799,70397,"195-145-15-3-70-161-13-132-169-188-6-147-71-191-90-178-10-133-122-100-107-40-63-102-135-131-121-51-98-118-74-134-43-139-11-182-138-33-160-144-56-104-8-82-87-21-177-5-45-142-78-175-36-61-91-141-77-97-146-187-165-127-89-103-137-114-113-194-166-172-179-185-22-99-130-95-86-183-140-152-170-34-55-18-62-128-124-143-106-176-180-163-153-81-111-0-35-109-29-168"
66,50598,100,19799,70397,"168-29-109-35-0-111-81-153-163-180-176-106-143-124-128-62-18-55-34-170-152-140-183-86-95-130-99-22-185-179-172-166-194-113-114-137-103-89-127-165-187-146-97-77-141-91-61-36-175-78-142-45-5-177-21-87-82-8-104-56-144-160-33-138-182-11-139-43-134-74-118-98-51-121-131-135-102-63-40-107-100-122-133-10-178-90-191-71-147-6-188-169-132-13-161-70-3-15-145-195"
67,51509,100,18676,70185,"159-106-124-128-176-180-163-89-165-127-137-114-103-26-113-194-166-86-185-179-172-57-66-94-47-148-60-20-59-28-149-4-199-9-99-22-130-95-183-140-152-170-83-62-18-55-34-109-29-189-145-15-3-70-161-188-6-169-132-13-126-195-168-43-134-139-11-182-138-33-160-144-56-104-8-82-87-21-177-5-45-142-78-175-36-61-79-91-141-77-97-146-187-153-81-41-111-0-35-143"
68,51179,100,20314,71493,"91-61-36-141-77-97-146-187-165-127-89-103-137-114-113-194-166-172-179-185-22-99-130-95-86-183-140-152-170-34-55-18-62-128-124-143-106-176-180-163-153-81-111-35-109-0-29-160-33-49-11-134-74-118-98-51-121-131-135-102-63-40-107-100-122-133-10-178-90-191-71-147-6-188-169-132-13-161-70-3-15-145-195-168-139-182-138-104-56-144-8-82-87-21-177-5-45-142-78-175"
69,49369,100,19673,69042,"16-27-38-63-135-122-133-10-115-147-6-188-169-132-13-161-70-3-15-145-195-168-43-11-29-109-35-0-111-81-153-163-176-106-124-62-18-55-34-170-152-140-183-86-95-130-99-185-179-166-194-113-103-89-127-165-187-77-141-91-61-36-175-78-142-45-5-177-21-82-8-104-144-160-33-138-182-139-134-74-118-98-51-191-90-125-131-121-112-19-151-73-164-54-31-193-117-198-156-1"
70,49369,100,19673,69042,"27-16-1-156-198-117-193-31-54-164-73-151-19-112-121-131-125-90-191-51-98-118-74-134-139-182-138-33-160-144-104-8-82-21-177-5-45-142-78-175-36-61-91-141-77-187-165-127-89-103-113-194-166-179-185-99-130-95-86-183-140-152-170-34-55-18-62-124-106-176-163-153-81-111-0-35-109-29-11-43-168-195-145-15-3-70-161-13-132-169-188-6-147-115-10-133-122-135-63-38"
71,51159,100,21423,72582,"108-80-190-162-175-78-142-36-61-91-141-97-77-187-165-127-89-103-113-194-166-179-185-99-130-95-86-183-55-18-62-124-106-176-163-153-81-82-8-144-111-0-35-109-29-160-33-11-134-74-118-98-51-121-131-135-102-63-40-107-100-122-133-10-178-90-191-71-147-6-188-169-132-13-161-70-3-15-145-195-168-139-182-138-104-21-177-5-45-136-73-164-193-31-54-117-198-1-156-42"
72,51165,100,18667,69832,"160-144-56-104-8-82-87-21-177-5-45-142-78-175-36-61-79-91-141-77-97-146-187-165-127-89-103-137-114-26-113-194-166-52-172-179-185-22-99-130-95-86-183-140-199-9-148-47-66-94-60-20-59-28-149-4-152-170-34-55-18-62-128-124-143-159-106-176-180-163-153-81-111-0-35-109-29-69-189-155-145-15-3-70-161-188-6-169-132-13-126-195-168-43-134-139-11-182-138-33"
73,49839,100,19391,69230,"140-152-170-34-55-18-62-128-124-106-143-35-109-0-29-160-33-11-134-74-118-98-51-121-131-135-102-63-40-107-100-122-133-10-178-90-191-71-147-6-188-169-132-13-161-70-3-15-145-195-168-139-182-138-104-8-21-82-111-81-77-141-97-153-187-165-163-89-127-137-114-103-26-180-176-113-194-166-86-185-179-172-57-66-94-47-148-60-20-59-28-149-4-199-9-99-22-130-95-183"
74,51717,100,20642,72359,"50-82-87-21-91-61-36-175-78-142-45-5-177-8-144-56-104-138-182-139-168-195-145-15-3-70-161-13-132-169-188-6-147-71-191-90-178-10-133-122-100-107-40-63-102-135-131-121-51-98-118-74-134-11-33-160-29-0-109-35-111-81-153-163-180-176-106-143-124-128-62-18-55-34-170-152-140-183-86-95-130-99-22-185-179-172-166-194-113-114-137-103-89-127-165-187-146-97-141-77"
75,50218,100,20546,70764,"187-165-127-89-103-137-114-26-113-194-166-52-172-179-185-22-99-130-95-86-183-140-199-9-148-47-66-94-154-60-20-59-28-149-4-53-152-170-34-55-18-83-62-128-124-143-159-106-176-180-163-153-81-77-111-35-109-0-29-160-33-11-134-51-121-131-135-122-90-147-6-188-169-132-13-70-3-15-145-195-168-139-182-138-104-8-82-21-177-5-45-142-78-175-61-36-91-141-97-146"
76,51470,100,18846,70316,"145-195-168-126-13-132-169-6-188-161-70-3-155-184-170-152-4-149-28-59-20-60-94-66-47-148-9-199-140-183-95-130-99-22-185-179-172-52-166-194-113-26-103-114-137-127-165-89-163-180-176-86-128-83-55-18-62-124-106-159-143-35-0-111-81-153-187-146-97-77-141-91-79-61-36-175-78-142-45-5-177-21-87-82-8-104-56-144-160-33-138-182-139-11-49-29-109-34-189-15"
77,51179,100,20314,71493,"36-141-77-97-146-187-165-127-89-103-137-114-113-194-166-172-179-185-22-99-130-95-86-183-140-152-170-34-55-18-62-128-124-143-106-176-180-163-153-81-111-35-109-0-29-160-33-49-11-134-74-118-98-51-121-131-135-102-63-40-107-100-122-133-10-178-90-191-71-147-6-188-169-132-13-161-70-3-15-145-195-168-139-182-138-104-56-144-8-82-87-21-177-5-45-142-78-175-91-61"
78,50598,100,19799,70397,"195-145-15-3-70-161-13-132-169-188-6-147-71-191-90-178-10-133-122-100-107-40-63-102-135-131-121-51-98-118-74-134-43-139-11-182-138-33-160-144-56-104-8-82-87-21-177-5-45-142-78-175-36-61-91-141-77-97-146-187-165-127-89-103-137-114-113-194-166-172-179-185-22-99-130-95-86-183-140-152-170-34-55-18-62-128-124-143-106-176-180-163-153-81-111-0-35-109-29-168"
79,51470,100,18846,70316,"161-188-6-169-132-13-126-168-195-145-15-189-34-109-29-49-11-139-182-138-33-160-144-56-104-8-82-87-21-177-5-45-142-78-175-36-61-79-91-141-77-97-146-187-153-81-111-0-35-143-159-106-124-62-18-55-83-128-86-176-180-163-89-165-127-137-114-103-26-113-194-166-52-172-179-185-22-99-130-95-183-140-199-9-148-47-66-94-60-20-59-28-149-4-152-170-184-155-3-70"
80,50573,100,21167,71740,"105-136-73-164-31-54-117-198-1-156-193-45-5-177-21-104-138-182-139-168-195-145-15-3-70-161-13-132-169-188-6-147-71-191-90-178-10-133-122-100-107-40-63-102-135-131-121-51-98-118-74-134-11-33-160-29-109-35-0-111-144-8-82-81-153-163-176-106-124-62-18-55-140-183-86-95-130-99-185-179-166-194-113-103-89-127-165-187-77-97-141-91-61-36-142-78-175-162-80-190"
81,51096,100,19793,70889,"110-128-106-159-143-124-62-83-18-55-34-170-152-53-4-149-28-59-20-60-154-94-66-47-148-9-199-140-183-95-130-99-22-185-179-172-52-166-194-113-26-103-114-137-127-89-163-165-187-146-97-141-91-36-61-175-78-142-45-5-177-21-82-8-104-138-182-139-168-195-145-15-3-70-13-132-169-188-6-147-90-131-121-51-134-11-33-160-29-0-109-35-111-77-81-153-129-180-176-86"
82,50234,100,20562,70796,"89-163-187-146-97-141-91-36-61-175-78-142-45-5-177-21-82-8-104-138-182-139-168-195-145-15-3-70-13-132-169-188-6-147-90-122-135-131-121-51-134-11-33-160-29-0-109-35-111-77-81-153-180-176-106-159-143-124-128-62-83-18-55-34-170-152-53-4-149-28-59-20-60-154-94-66-47-148-9-199-140-183-86-95-130-99-22-185-179-172-52-166-194-113-26-103-114-137-127-165"
83,49675,100,19669,69344,"24-156-198-117-193-31-54-164-73-151-19-112-121-131-125-90-191-51-98-118-74-134-139-182-138-33-160-144-104-8-82-21-177-5-45-142-78-175-36-61-91-141-77-187-165-127-89-103-113-194-166-179-185-99-130-95-86-183-140-152-34-55-18-62-124-106-176-163-153-81-111-0-35-109-29-11-43-168-195-145-15-3-70-161-13-132-169-188-6-147-115-10-133-122-135-63-38-27-16-1"
84,49369,100,19673,69042,"27-16-1-156-198-117-193-31-54-164-73-151-19-112-121-131-125-90-191-51-98-118-74-134-139-182-138-33-160-144-104-8-82-21-177-5-45-142-78-175-36-61-91-141-77-187-165-127-89-103-113-194-166-179-185-99-130-95-86-183-140-152-170-34-55-18-62-124-106-176-163-153-81-111-0-35-109-29-11-43-168-195-145-15-3-70-161-13-132-169-188-6-147-115-10-133-122-135-63-38"
85,50003,100,19360,69363,"53-140-183-95-130-99-9-199-4-149-28-59-20-60-148-47-94-66-57-172-179-185-86-166-194-113-176-180-26-103-114-137-127-89-163-165-187-153-97-141-77-81-111-82-21-8-104-138-182-139-168-195-145-15-3-70-161-13-132-169-188-6-147-71-191-90-178-10-133-122-100-107-40-63-102-135-131-121-51-98-118-74-134-11-33-160-29-0-109-35-143-106-124-128-62-18-55-34-170-152"
86,50665,100,19832,70497,"180-113-194-166-172-179-185-22-99-130-95-86-183-140-152-170-34-55-18-62-128-124-106-143-35-109-0-29-160-33-49-11-134-74-118-98-51-121-131-135-102-63-40-107-100-122-133-10-178-90-191-71-147-6-188-169-132-13-161-70-3-15-145-195-168-139-182-138-104-56-144-8-177-5-45-142-78-175-36-61-91-21-87-82-111-81-77-141-97-153-187-165-163-89-127-137-114-103-26-176"
87,51179,100,20314,71493,"36-141-77-97-146-187-165-127-89-103-137-114-113-194-166-172-179-185-22-99-130-95-86-183-140-152-170-34-55-18-62-128-124-143-106-176-180-163-153-81-111-35-109-0-29-160-33-49-11-134-74-118-98-51-121-131-135-102-63-40-107-100-122-133-10-178-90-191-71-147-6-188-169-132-13-161-70-3-15-145-195-168-139-182-138-104-56-144-8-82-87-21-177-5-45-142-78-175-91-61"
88,51509,100,18676,70185,"34-109-29-189-145-15-3-70-161-188-6-169-132-13-126-195-168-43-134-139-11-182-138-33-160-144-56-104-8-82-87-21-177-5-45-142-78-175-36-61-79-91-141-77-97-146-187-153-81-41-111-0-35-143-159-106-124-128-176-180-163-89-165-127-137-114-103-26-113-194-166-86-185-179-172-57-66-94-47-148-60-20-59-28-149-4-199-9-99-22-130-95-183-140-152-170-83-62-18-55"
89,52313,100,20263,72576,"124-128-176-180-129-153-81-77-141-97-146-187-165-163-89-127-137-114-103-26-113-194-166-86-185-179-172-57-66-94-47-148-60-20-59-28-149-4-199-9-99-22-130-95-183-140-152-170-62-34-55-18-109-29-189-155-145-15-3-70-161-188-6-169-132-13-195-168-43-134-139-11-182-138-33-160-144-56-104-8-157-25-177-5-45-142-78-175-36-61-91-21-87-82-111-0-35-143-159-106"
90,50598,100,19799,70397,"134-74-118-98-51-121-131-135-102-63-40-107-100-122-133-10-178-90-191-71-147-6-188-169-132-13-161-70-3-15-145-195-168-29-109-35-0-111-81-153-163-180-176-106-143-124-128-62-18-55-34-170-152-140-183-86-95-130-99-22-185-179-172-166-194-113-114-137-103-89-127-165-187-146-97-77-141-91-61-36-175-78-142-45-5-177-21-87-82-8-104-56-144-160-33-138-182-11-139-43"
91,50218,100,20546,70764,"141-97-146-187-165-127-89-103-137-114-26-113-194-166-52-172-179-185-22-99-130-95-86-183-140-199-9-148-47-66-94-154-60-20-59-28-149-4-53-152-170-34-55-18-83-62-128-124-143-159-106-176-180-163-153-81-77-111-35-109-0-29-160-33-11-134-51-121-131-135-122-90-147-6-188-169-132-13-70-3-15-145-195-168-139-182-138-104-8-82-21-177-5-45-142-78-175-61-36-91"
92,52425,100,20844,73269,"178-10-133-122-72-100-107-40-63-102-135-38-27-16-1-156-198-117-193-80-190-162-175-78-142-36-61-91-141-97-77-187-165-127-89-103-113-194-166-179-185-99-130-95-86-124-106-176-163-153-81-82-8-144-111-0-35-109-29-160-33-11-134-6-188-169-132-13-161-70-3-15-145-195-168-139-182-138-104-21-177-5-45-136-31-164-73-54-151-131-121-116-118-98-51-125-191-90-71-147"
93,53437,100,20288,73725,"92-102-135-122-90-191-125-131-38-27-16-1-156-198-117-193-80-190-162-175-78-142-36-61-91-141-97-77-187-165-127-89-103-113-194-166-179-185-99-130-95-86-176-163-153-81-82-8-144-111-0-35-109-29-160-33-11-134-6-188-169-132-13-161-70-3-15-145-195-168-139-182-138-104-21-177-5-45-136-31-54-164-73-151-19-112-121-51-120-71-147-115-178-10-133-72-107-40-100-63"
94,51165,100,18667,69832,"0-35-109-29-69-189-155-145-15-3-70-161-188-6-169-132-13-126-195-168-43-134-139-11-182-138-33-160-144-56-104-8-82-87-21-177-5-45-142-78-175-36-61-79-91-141-77-97-146-187-165-127-89-103-137-114-26-113-194-166-52-172-179-185-22-99-130-95-86-183-140-199-9-148-47-66-94-60-20-59-28-149-4-152-170-34-55-18-62-128-124-143-159-106-176-180-163-153-81-111"
95,52363,100,20782,73145,"51-98-118-116-121-131-151-54-73-164-31-136-45-5-177-21-104-138-182-139-168-195-145-15-3-70-161-13-132-169-188-6-134-11-33-160-29-109-35-0-111-144-8-82-81-153-163-176-106-124-86-95-130-99-185-179-166-194-113-103-89-127-165-187-77-97-141-91-61-36-142-78-175-162-80-190-193-117-198-156-1-16-27-38-135-102-63-40-107-100-72-122-133-10-178-147-71-90-191-125"
96,51353,100,18507,69860,"192-188-169-132-13-161-70-3-15-145-195-168-29-109-35-0-111-41-81-153-163-180-176-106-159-143-124-128-62-18-55-34-170-152-53-4-149-28-59-20-60-94-66-47-148-9-199-140-183-86-95-130-99-22-185-179-172-52-166-194-113-26-114-137-103-89-127-165-187-146-97-77-141-91-79-61-36-175-78-142-45-5-177-21-87-82-8-104-56-144-160-33-138-182-11-139-43-134-6-147"
97,53069,100,20746,73815,"135-122-90-191-125-131-38-27-16-1-156-198-117-193-80-190-162-175-78-142-36-61-91-141-97-77-187-165-127-89-103-113-194-166-179-185-99-130-95-86-106-176-163-153-81-82-8-144-111-0-35-109-29-160-33-11-134-6-188-169-132-13-161-70-3-15-145-195-168-139-182-138-104-21-177-5-45-136-31-54-164-73-151-19-112-121-51-120-71-147-115-178-10-133-72-107-40-100-63-102"
98,51179,100,20314,71493,"61-91-175-78-142-45-5-177-21-87-82-8-144-56-104-138-182-139-168-195-145-15-3-70-161-13-132-169-188-6-147-71-191-90-178-10-133-122-100-107-40-63-102-135-131-121-51-98-118-74-134-11-49-33-160-29-0-109-35-111-81-153-163-180-176-106-143-124-128-62-18-55-34-170-152-140-183-86-95-130-99-22-185-179-172-166-194-113-114-137-103-89-127-165-187-146-97-77-141-36"
99,51509,100,18676,70185,"62-83-170-152-140-183-95-130-22-99-9-199-4-149-28-59-20-60-148-47-94-66-57-172-179-185-86-166-194-113-26-103-114-137-127-165-89-163-180-176-128-124-106-159-143-35-0-111-41-81-153-187-146-97-77-141-91-79-61-36-175-78-142-45-5-177-21-87-82-8-104-56-144-160-33-138-182-11-139-134-43-168-195-126-13-132-169-6-188-161-70-3-15-145-189-29-109-34-55-18"
100,53188,100,20136,73324,"32-102-63-100-40-107-72-133-10-178-115-147-71-120-51-121-112-19-151-73-164-54-31-136-45-5-177-21-104-138-182-139-168-195-145-15-3-70-161-13-132-169-188-6-134-11-33-160-29-109-35-0-111-144-8-82-81-153-163-176-86-95-130-99-185-179-166-194-113-103-89-127-165-187-77-97-141-91-61-36-142-78-175-162-80-190-193-117-198-156-1-16-27-38-131-125-191-90-122-135"
